# PRP-Basen fuer (b^256+1)/2, Basis(en) 3 5 7
331
507
665
819
1783
2363
2591
2791
2807
3535
4009
4669
4835
5365
6499
7111
7127
7279
7685
8443
8601
8763
9007
9047
9329
9735
9859
10015
10133
10197
10335
10403
10633
10829
10875
10883
10889
11049
11621
11841
11957
12101
13087
13183
13243
13753
13897
14035
14645
15345
15391
15431
15711
16627
16753
17335
17703
17737
17785
17927
17953
18105
18309
18419
19309
19409
19505
19571
19725
20017
20137
20225
20955
21355
21393
21459
21749
21863
22033
22347
22605
22695
23843
24043
24203
24429
25089
25217
25835
25941
26121
26365
26741
26897
27161
27305
27957
28951
30455
30981
31159
31971
32311
32393
32627
32717
33377
33699
34267
35023
35523
35531
36121
36771
38177
39389
39661
39929
41037
41423
42093
42397
42623
42779
43357
43499
43877
45407
46257
46317
46867
47377
48653
48691
48899
49221
49265
49499
49875
49943
50087
51137
51385
51855
52209
52623
52717
53101
53377
53539
53815
54809
55813
56091
57003
57131
57171
59269
59333
59633
59713
59727
60279
60283
60503
61185
61515
62083
62275
62709
62715
64297
64691
64823
64963
64993
65679
65799
66061
66415
66811
67025
67159
67247
67411
67871
68099
68189
68737
68877
68889
68961
69055
69145
69285
70031
70141
70227
70257
71117
71573
72189
72193
72349
72451
72529
73863
73889
74909
74975
75317
75457
75637
76793
76817
77015
77749
78261
78289
79333
79711
79921
79967
80253
80353
80431
81325
81723
82507
83199
83315
83361
83387
83757
84657
86461
87031
87967
88471
88561
88715
89029
89295
89875
89955
90411
90927
91175
92101
92203
92799
93513
94565
95161
95221
95611
95719
96139
96935
97419
97547
97733
98083
98705
98993
99135
99643
99859
100153
100357
101929
101999
102129
102471
103239
103581
103617
103759
104069
104177
104643
104835
105307
105539
105571
106711
107541
107695
108565
108713
108817
108897
108981
109575
110327
111155
111233
112107
112731
113275
113503
113505
114003
114099
114949
115181
115247
115391
115835
116011
116429
117479
117577
117925
118399
121399
121547
122207
122985
123497
124869
125605
127443
128069
128985
130007
130723
131275
131535
131639
131743
131761
132419
132765
133483
134047
134491
134787
134913
135077
135211
135403
136049
136323
136737
136985
139117
139239
139583
139657
139713
139853
140169
140579
141381
141479
141795
142065
142185
143471
144493
144915
145173
146139
146231
147285
147497
147715
148359
148481
148585
149019
149327
149543
151599
152069
152093
152105
152607
152763
152831
153317
153749
153843
153861
153947
153983
154237
154601
155625
155729
156003
156211
156475
157213
157361
157363
157403
157689
157945
158071
158563
159131
159177
160155
160567
161453
161977
162225
162591
162609
163445
163517
164203
164435
164747
164955
165709
166231
166401
166523
167123
168121
168597
168895
168979
169063
170089
170935
170975
171003
171185
171291
173901
174155
174655
176129
176379
177277
177593
178437
178703
180155
180351
180633
180999
182007
183247
184921
185165
185733
185745
186477
186835
187299
187755
187935
188135
188689
189257
189261
189639
189911
189969
190003
190067
190391
190427
190559
190803
190943
191257
192085
192461
193539
193695
193757
194185
194207
194817
194897
194901
195131
197219
197437
197599
197995
198165
198343
198409
198427
199033
199367
199589
200031
201139
201253
202297
202441
202627
203073
203413
203649
203765
204079
205499
206003
207441
207553
207713
208101
208561
208759
209135
209227
209717
209871
210449
210527
210749
211109
211267
211327
211717
212035
212413
212639
212853
212975
214195
214391
214451
216247
217271
217589
217631
217919
218293
219043
219443
219885
220245
220287
220425
220545
221193
221265
221735
222023
222337
222507
224107
225253
225705
225931
226169
226455
226501
226611
226919
228221
228413
228877
229087
229355
229387
230081
230427
231639
232593
232643
232661
233425
234713
235255
235265
235359
235821
236081
236213
237287
237331
237395
238615
238931
239431
239959
240275
240395
240631
244529
245467
246193
247119
247807
248277
248329
248489
248957
249399
250989
251387
251701
252333
252463
253547
253623
255247
255559
255655
256251
256279
256847
256921
257761
258645
259595
260073
260147
260227
260363
260567
260793
261391
263009
263169
263361
263749
266271
266763
267965
268421
268679
268803
269623
270091
270783
270919
271137
271615
272261
272623
272947
273273
274065
274261
274293
274905
277047
277123
277411
277485
277763
278579
279053
279769
280183
280311
280475
280787
281287
281817
282659
284031
284081
284113
284239
284591
285247
285289
285457
285939
286621
286667
287083
287583
287857
288011
288879
289597
290869
291907
292055
292197
292501
292811
293685
294607
294885
295155
295331
295391
296443
298633
300633
300751
301449
302321
302341
302409
302627
302633
302741
302819
303517
303879
304153
304213
304685
304991
305061
305771
306545
309627
310715
311359
311409
312233
312511
312807
312977
312991
313585
313703
314197
314241
314305
315071
315279
315585
316315
316943
317355
319089
319103
320345
321309
321577
322099
322791
324339
324867
324987
325803
326045
326063
326129
326809
327041
327173
327367
329281
331729
331971
332145
332267
333015
333773
334527
334663
335281
336675
337185
337731
338191
338415
339179
341325
341663
341995
342551
343565
343761
344045
345087
346515
347251
348165
348733
349593
349713
350405
350661
351105
351577
351597
351789
351797
352033
352073
352205
352209
353007
353803
353809
353981
354377
354387
355195
356637
356977
357625
357629
357775
358815
359585
359623
359887
360209
360249
360723
360969
361011
361229
361489
362243
362491
362613
362795
362911
362931
363529
363535
363803
365467
366019
366083
367937
367985
368229
368573
368603
369237
369381
369667
370669
371955
372223
372401
372499
372747
373049
373061
374589
375505
376595
377091
377381
377949
378167
378377
379161
379729
380947
381427
381925
381933
382283
382391
382565
382603
382785
383369
383997
384405
384445
384799
385293
386473
386753
386799
387389
387559
388509
388899
388979
389709
390479
390967
391203
391263
391717
391913
392067
392227
392409
392831
393839
393971
394721
394867
395941
397549
397911
398149
398541
398785
398849
399279
399617
400415
400701
400781
401143
401801
401849
401967
402215
402419
402801
402869
404357
404515
404697
405011
405161
405169
405829
405951
406361
406763
406855
407069
407567
408117
408789
409307
409941
411289
411343
411409
411925
412025
412053
412149
412337
413273
413723
413817
413927
415011
415261
415647
416965
417341
417893
418243
419157
419253
419407
419583
419775
419881
420161
420531
420607
420627
421105
421129
421275
421307
421463
421653
421783
422329
423183
423783
424141
424151
426269
426905
427525
427845
428195
428893
429231
429745
429759
430377
430445
430659
432041
433601
434091
434667
435673
435721
437781
438317
438801
439881
440467
441025
441093
441155
441459
441841
442157
442195
442479
442481
442787
443489
443669
443919
444491
445381
445413
445739
445823
446523
447127
447343
447617
448023
448163
449143
449607
450273
450481
451025
451595
451941
453199
453363
453433
453717
453793
453797
455193
456007
456901
457137
457367
458633
459747
459911
460547
462259
462401
462995
463001
463173
463879
464299
464769
464851
465435
465941
465945
466465
466473
466643
466707
466989
467121
467841
468809
468937
469061
469691
469805
471019
471161
471163
471393
471569
472023
472645
472817
473161
473795
473913
474057
474109
474693
475335
476495
477825
478265
478653
479755
479921
479929
480117
480127
481131
481137
481227
481557
481629
481999
482169
482327
483537
483609
483681
484317
484691
485371
485777
485857
486097
486893
487737
489057
489259
490897
491133
491197
491925
491939
492189
492445
493661
493967
495549
496581
496777
496883
496923
496949
498303
498397
499631
500159
500757
501279
501321
501733
502237
502299
502585
502861
503383
503633
503821
503923
504051
504265
504351
504421
504553
504999
505097
505503
506357
506385
506675
507173
507511
507769
507787
508421
508507
509219
509253
509565
510033
510153
510245
512709
512733
513249
513327
513745
513749
514081
514857
515113
516123
517609
518175
518501
518843
519051
520019
520071
522015
522147
523257
523463
524419
524601
524677
525601
525823
526163
526291
526687
527275
527873
528637
532717
533215
533235
533825
533967
535099
535963
536007
536995
537153
537293
537865
538541
540371
540415
540995
541089
541219
541305
541345
542001
542051
542089
543723
545021
545783
545851
545929
546017
546301
546989
547175
547275
547469
547573
547819
547895
548233
548675
549111
549669
550291
550367
550893
551335
551511
552281
552649
552783
553009
553235
553407
553707
554355
556931
557667
558615
558881
558995
559745
560149
560339
560469
560919
560963
561317
561395
561453
561721
561777
563037
563577
563909
563961
565363
565393
565441
566573
566701
567067
568291
568339
568655
568711
569121
569159
569563
570447
570717
571043
571131
571229
571599
572331
572923
573195
573421
574305
575111
575921
576411
576491
576967
577833
577889
578031
578109
578463
578767
579193
579295
579471
580453
580885
582167
582291
582913
583065
583507
583679
583755
584221
584513
584735
585247
585483
585487
585659
586285
586517
586633
586753
588983
589571
589995
590547
590557
590749
590871
591145
591341
591349
591485
591521
591915
592029
592247
592439
592447
593077
593195
593741
594407
594423
594773
595029
595077
595449
597453
599211
599505
601307
602103
602241
602295
602807
602813
602821
602953
603297
603493
604525
604707
605889
606143
606811
606817
607255
607571
607827
607857
608859
609055
609203
609243
609685
610555
611583
611779
612267
612325
612937
612941
613085
613227
613343
613639
613663
614493
615161
615453
615899
616233
616579
617855
618267
619529
620059
620135
620515
620683
622375
622481
623943
625489
626943
627243
628889
629385
629465
630269
630681
631265
631459
631605
631869
632189
632857
633787
633933
634531
634797
635147
637047
637523
637543
637709
637893
637915
638285
638637
638787
638941
639733
639745
640043
640359
640477
640513
640935
642421
642641
642651
642653
642663
643625
645011
645047
645555
646207
646505
647125
647149
647467
648081
648315
648703
649077
649495
649815
649983
650621
651483
651537
651601
651999
652219
652299
652303
652607
652945
653033
653697
655377
655647
656489
656759
657149
657177
659347
659791
659881
660295
660469
661041
661449
661801
662175
662551
662593
662655
663955
664051
664059
665563
666269
666323
666759
666863
667073
667755
668507
668873
669531
669749
670381
670609
670801
670929
671063
672371
672583
673411
673855
674573
676485
676565
676835
677803
678067
678373
678561
679855
680007
681027
681655
682325
684799
685911
685995
686365
687221
687341
687383
687929
687981
688167
688319
690065
690813
691017
691053
691071
692123
692147
693973
694423
694859
695855
695877
696309
696537
698511
698541
698783
698891
699025
699139
699839
700101
701465
701947
701979
703507
704003
705227
705467
705705
705769
706153
706231
706501
706555
707039
708661
708937
708993
709095
709453
709521
709597
710469
711389
711413
711849
713541
713625
713745
714275
714293
715427
718005
718043
718235
718631
719247
719351
720627
720713
721043
721181
722111
722555
722593
722761
723943
724127
724741
725613
726043
727157
727469
727795
728163
728411
728749
729343
730023
730479
731437
731465
731615
731875
732317
732567
732687
732863
733191
734023
734965
735231
737707
737989
738805
738995
739535
739683
739749
739839
740291
740781
741893
742639
742841
743283
743477
743527
744605
744801
744921
744985
745021
745129
746263
747155
747763
747823
750163
751487
751617
752961
753261
753321
753765
754113
756407
756745
757881
758837
759671
759763
760935
761545
762213
762375
762551
763235
764003
764241
765127
766211
766451
767089
767097
767623
768129
768165
769127
769491
770125
770783
770867
770913
771073
771363
772421
773229
773323
773523
774425
774643
775353
775589
775807
775863
776749
776843
777237
777327
778561
778659
779093
779289
780301
781905
783725
783743
784311
784785
785457
785533
785875
786223
786357
787429
787589
788447
789073
789107
789495
789649
790535
790611
790915
791127
791727
791835
792481
792981
793099
793331
793353
793603
793851
794261
796079
796355
796735
797471
797485
797685
797847
798283
798399
798719
798907
799479
801041
801633
801763
801977
803643
803691
803759
804763
805611
806967
807329
807573
808067
808253
808837
809091
809471
809753
809823
809843
810055
811103
811153
811295
811417
812537
814669
814705
814995
815697
815803
815845
816189
816237
816651
817103
817107
817399
817747
817967
818059
818125
818929
819049
820755
821161
821245
821297
821577
821597
823359
823639
823685
823903
824831
825075
825123
825857
825973
826175
826225
827443
828225
828251
829073
829401
829641
829807
830391
830661
831269
831547
831593
834311
834443
834459
835277
835393
835509
835669
836459
837237
837415
837817
838093
839135
839159
839469
840411
841335
841351
841573
841971
842189
842885
844403
845409
846385
847137
847477
847791
848397
848805
849003
849679
850053
850431
851709
851841
851893
851977
852105
852451
853841
854179
854683
854975
855223
855887
857001
857399
858597
858663
859455
859645
859679
860017
861313
862733
863403
863591
863879
864123
864127
864505
865015
865177
865631
865861
866287
866661
867197
867223
867287
868911
869105
869159
869599
869861
869981
870303
871821
873167
873449
874077
874865
875135
875645
875951
876343
876415
876609
877085
877179
877239
878363
878569
879455
879669
880097
880375
880591
880871
882379
883623
884323
884817
885135
885143
886063
886847
886907
887393
887461
888617
889267
889393
889569
889721
889761
890065
890991
891577
891977
892003
892705
893023
893111
893591
893711
893977
894239
894415
894631
894767
895483
895937
896067
897071
897347
897915
898207
898425
898913
899411
899479
899741
899761
900119
900653
901365
902187
903953
904063
904103
904173
904813
905171
905545
905919
907521
907911
908021
908645
908977
909013
909071
909681
910459
910711
912179
912267
912359
912913
913309
913613
914103
914639
914931
914947
914971
915187
915703
915817
916453
917735
917817
917879
917901
918819
918905
919007
920555
920663
920889
921487
921525
922691
922809
923031
923251
923541
924563
924577
924951
925005
925805
926101
927683
927933
928061
928067
928523
929313
929487
929773
930187
930523
930737
930871
931793
931937
932001
935417
936325
937627
937681
937755
938625
939963
940305
940901
941327
942223
942541
942621
943127
943671
943721
944565
944841
945511
945949
946501
947143
947233
947527
948263
948421
948671
948745
948975
949399
949849
949905
949993
950191
950317
951353
951959
952367
952997
953163
953645
958087
958147
959033
959483
959817
961431
961453
962095
962351
962853
964379
964833
965595
965821
965887
966229
966397
966991
967363
967625
968985
969419
969671
970967
971447
971523
972109
972353
972465
973033
973133
973619
974297
974987
975383
975473
975637
975883
976071
976133
976221
976423
977521
977607
978371
978753
979575
980017
980077
980245
980983
981099
982577
982583
982977
983257
984587
984631
985011
985123
985395
986415
986435
986543
986873
987211
987423
987905
988155
988997
989063
990245
990733
991463
992015
992347
992557
992889
993327
993367
993405
994127
994369
995061
995529
995729
996553
996595
997263
998205
998671
999775
999875
999939
