# proven primes: b with (b^32+1)/2 prime (aprcl), block [0,1000000)
3
9
21
65
75
163
181
191
229
251
363
527
583
589
605
763
831
839
847
971
1099
1127
1167
1181
1199
1201
1225
1243
1255
1273
1299
1315
1379
1489
1547
1673
1713
1801
1823
1847
1861
1957
1987
2069
2087
2109
2177
2195
2325
2385
2457
2523
2601
2721
2743
2793
2829
2907
2937
2977
2981
3129
3219
3315
3393
3415
3417
3547
3577
3691
3697
3713
3885
4025
4069
4075
4269
4309
4627
4917
4921
5109
5905
5951
5993
5995
6017
6117
6283
6331
6335
6361
6401
6465
6545
6593
6621
6637
6685
6891
6899
6901
6967
7225
7239
7327
7435
7443
7511
7597
7659
7737
7793
7847
7871
7881
7963
8063
8207
8257
8323
8575
8687
8701
8731
8737
8993
9057
9089
9265
9301
9427
9435
9585
9759
9925
9993
10019
10085
10137
10215
10253
10271
10475
10605
10613
10639
10743
10757
10799
10809
10873
10893
11017
11045
11099
11219
11337
11341
11373
11539
11581
11775
11797
11951
11981
12063
12079
12111
12153
12155
12217
12261
12271
12625
12689
12697
12985
13031
13051
13237
13289
13359
13515
13697
13841
13875
14075
14255
14257
14365
14607
14777
14859
14951
15299
15425
15449
15489
15563
15665
15821
15849
15927
16203
16209
16277
16357
16547
16597
16747
16827
16883
16887
16953
17027
17081
17137
17343
17429
17447
17509
17561
17573
17607
17665
17951
18095
18099
18125
18143
18195
18295
18313
18443
18463
18677
18683
18785
18793
18799
18861
18959
18997
19059
19143
19193
19219
19323
19665
19667
19829
19995
20021
20095
20115
20187
20319
20399
20615
20643
20723
20783
20819
20823
20871
20991
21171
21193
21205
21247
21579
21625
21679
21693
21961
22051
22105
22155
22199
22587
22699
22767
22773
22865
22909
23023
23151
23417
23463
23537
23553
23569
23593
23595
23659
23789
23953
23957
24121
24149
24195
24299
24309
24359
24429
24433
24547
24559
24625
24735
24845
25023
25089
25143
25225
25231
25391
25497
25611
25631
25771
25861
25931
25943
26155
26321
26327
26613
26713
26761
27151
27397
27559
27699
27771
27849
27893
27977
27985
28001
28039
28069
28131
28243
28335
28383
28473
28557
28637
28713
28729
28757
28781
28849
29207
29351
29395
29553
29587
29891
30237
30385
30457
30579
30699
30713
30757
30835
30947
31037
31109
31395
31425
31591
31629
31775
31831
31839
32219
32239
32333
32355
32633
32635
32645
32767
32795
33001
33389
33407
33535
33581
33657
33779
33873
33885
34069
34117
34127
34191
34355
34671
34777
34801
34817
34831
34979
35031
35141
35183
35195
35211
35249
35293
35325
35475
35507
35517
35559
35699
35967
36133
36163
36235
36381
36431
36627
36697
36767
36801
36865
36867
36895
36975
37073
37397
37415
37473
37777
37833
37887
37905
38261
38263
38329
38371
38403
38449
38621
38743
38971
39191
39427
39559
39831
39887
39913
39977
40167
40169
40213
40227
40291
40367
40387
40521
40579
40781
40839
40993
41017
41059
41459
41541
41597
41625
41681
41695
41713
41791
41825
42077
42149
42219
42315
42333
42457
42509
42583
42641
42681
42887
42969
43003
43047
43251
43277
43329
43367
43489
43599
43677
43695
43765
43913
43939
43963
43983
43987
44045
44095
44191
44259
44345
44437
44487
44539
44547
44613
44751
44759
44857
44859
44955
45041
45095
45235
45399
45405
45593
45753
45759
45775
45859
45891
46255
46267
46321
46455
46459
46521
46699
46705
46721
46893
46955
47027
47097
47245
47295
47347
47605
47635
47741
47771
47839
47917
47993
48005
48031
48229
48271
48311
48445
48611
48621
48861
48867
48881
48901
49047
49225
49341
49487
49595
49607
49615
49743
49851
50177
50201
50289
50341
50535
50593
50745
50961
51001
51127
51381
51573
51683
51707
51729
51769
51785
51805
51883
52017
52103
52211
52221
52343
52375
52435
52513
52565
52785
52857
52881
52939
53043
53133
53157
53317
53589
53679
53697
53709
53713
53775
54013
54103
54105
54153
54223
54231
54267
54399
54617
54675
54797
54949
55035
55133
55213
55263
55305
55559
55649
55651
55739
55795
56077
56079
56145
56185
56319
56361
56381
56513
56985
56989
57033
57185
57209
57291
57349
57383
57469
57709
57785
57907
57915
57923
58135
58165
58173
58285
58307
58451
58467
58471
58587
58621
58855
58861
58909
58947
58957
59041
59095
59169
59187
59299
59351
59449
59573
59763
59965
60191
60301
60313
60419
60423
60545
60705
60709
60795
60895
61003
61183
61209
61315
61327
61391
61419
61477
61487
61535
61615
61639
61779
62079
62241
62243
62525
62683
62739
62797
63093
63213
63227
63405
63487
63717
63745
63765
63787
63805
63813
63869
63899
63931
63995
64051
64079
64101
64199
64479
64539
64925
65249
65545
65563
65601
65611
65885
65921
65969
66217
66411
66647
66687
66735
67025
67037
67091
67101
67213
67305
67541
67707
67729
67779
67889
68051
68095
68155
68179
68363
68543
68713
68725
68829
68917
69147
69319
69759
69803
70093
70113
70275
70289
70411
70481
70493
70509
70641
70691
70927
70965
70987
71181
71255
71683
71711
71753
72135
72209
72219
72277
72599
72609
72623
72807
73029
73187
73283
73317
73343
73367
73377
73399
74119
74205
74253
74255
74405
74545
74655
74663
74669
74725
74909
75251
75445
75507
75529
75549
75785
76035
76093
76217
76301
76345
76503
76607
76629
76739
76829
76927
76993
77155
77283
77753
77845
77879
78023
78049
78083
78199
78237
78283
78543
78693
79099
79203
79269
79473
79535
79541
79653
79695
79699
79939
79961
79979
79981
80029
80081
80209
80367
80417
80693
80759
80785
80813
80851
80855
80869
80919
81003
81199
81221
81363
81367
81493
81723
81751
81783
81999
82015
82023
82135
82197
82539
82559
82611
82621
82655
82791
82823
82921
82937
82945
83199
83373
83745
83829
83903
83917
83925
84143
84149
84231
84455
84539
84635
84765
84925
85071
85073
85121
85129
85343
85355
85539
85545
85557
85585
85837
85935
85939
86047
86127
86297
86301
86613
86641
86857
86923
86927
87037
87233
87467
87599
87749
87803
87841
87963
88175
88281
88315
88377
88413
88639
88795
88881
88919
88935
89209
89451
89545
89655
89741
89981
90033
90047
90085
90093
90315
90339
90407
90535
90563
90725
90937
90999
91259
91341
91353
91373
91459
91687
91919
91953
92031
92063
92125
92133
92159
92369
92449
92559
92647
92717
92723
92735
92973
93111
93123
93263
93329
93357
93387
93393
93651
93683
93751
93771
93777
94057
94241
94339
94409
94475
94513
94515
94625
94731
94753
94779
94895
95133
95229
95231
95241
95299
95333
95691
95731
95779
95811
95841
95855
95893
95961
95971
96011
96039
96071
96257
96417
96441
96497
96575
96611
96653
96677
96691
96693
96917
97101
97105
97203
97229
97515
97597
97689
97739
97761
97773
97869
97937
98103
98283
98365
98371
98541
98987
99043
99053
99361
99459
99467
99473
99631
99873
100097
100159
100351
100409
100523
100571
100583
100585
100673
100723
100827
101065
101159
101245
101285
101417
101563
101587
101697
101729
101759
101987
102253
102313
102391
102785
102837
102855
102883
103007
103267
103313
103319
103363
103427
103447
103619
103775
103835
103865
103871
103877
103985
103999
104029
104031
104071
104119
104167
104217
104285
104389
104397
104737
104871
104993
105071
105101
105143
105153
105357
105523
105547
105627
105709
105829
105901
105945
105969
105985
106171
106177
106357
106435
106629
106713
106921
107159
107163
107305
107443
107453
107475
107501
107513
107531
107627
107673
107721
107757
108207
108245
108303
108403
108405
108451
108685
108879
108955
109169
109175
109393
109645
109701
109767
109789
109957
109963
110053
110067
110203
110235
110305
110369
110371
110389
110395
110401
110511
110691
110809
110909
111027
111053
111101
111107
111253
111345
111511
111531
111779
111845
111903
111921
112037
112281
112367
112611
112707
112789
112897
113505
113553
113715
113741
113947
113961
114011
114025
114303
114397
114465
114577
114649
114665
114795
114831
114845
114877
115001
115071
115195
115361
115529
115553
115607
115679
115817
115873
115891
115945
116137
116269
116325
116335
116365
116393
116411
116619
116719
116727
117071
117159
117179
117325
117339
117343
117487
117577
117579
117681
117737
117757
117799
117933
118031
118067
118483
118659
118727
118915
118953
119049
119135
119165
119455
119545
119721
120031
120061
120193
120293
120317
120337
120381
120653
120749
120973
121067
121131
121153
121205
121647
121777
121855
121969
122079
122271
122285
122295
122301
122383
122387
122437
122513
122593
122637
122747
122767
122805
122825
123053
123135
123139
123281
123291
123295
123363
123375
123569
123655
123703
123717
123771
123849
123951
124145
124215
124357
124609
124695
124745
125001
125057
125109
125121
125139
125291
125531
125613
125771
125877
126013
126265
126359
126397
126451
126469
126497
126557
126591
126705
126755
126941
127013
127117
127157
127199
127453
127625
127689
127699
127957
128201
128381
128785
128925
128951
128975
128993
129243
129263
129471
129503
129557
129587
129673
129987
130041
130097
130113
130275
130303
130405
130437
130447
130459
130493
130633
130669
130675
130701
130727
130827
130845
130991
131015
131383
131479
131541
131579
131649
131877
131891
131937
132007
132223
132405
132511
132533
132547
132561
132585
132741
132811
132989
132993
133299
133459
133601
133621
133779
133997
134489
134547
134593
134607
134637
134651
134709
134721
134805
134963
134991
135127
135321
135349
135465
135537
135795
135851
135981
136205
136241
136265
136403
136585
136721
136787
136795
136823
136879
136899
136975
137081
137139
137207
137293
137343
137369
137375
137479
137555
137851
137871
137989
138043
138051
138111
138147
138181
138183
138239
138241
138407
138515
138525
138941
139029
139149
139295
139397
139413
139437
139541
139575
139651
139777
139833
139975
139981
140045
140197
140341
140473
140617
140653
140655
140793
141045
141129
141229
141261
141285
141451
141491
141553
141743
141745
141803
141983
141989
142259
142341
142425
142585
142601
142617
142639
143039
143051
143261
143271
143397
143405
143569
143655
143665
143763
143807
144173
144665
145119
145257
145399
145447
146103
146105
146231
146331
146457
146485
146493
146509
146533
146611
146675
147007
147689
147985
148027
148285
148317
148321
148483
148509
148529
148543
148845
148977
149013
149275
149279
149313
149377
149529
149617
149741
150105
150185
150235
150289
150419
150515
150587
150795
150849
150877
150991
151007
151101
151113
151157
151201
151295
151311
151367
151413
151807
151835
152057
152099
152131
152259
152363
152571
152651
152695
152883
153185
153305
153543
153777
153847
153993
154015
154055
154075
154357
154543
154695
154771
154995
155109
155457
155739
155741
155757
155831
155935
155937
155987
155995
156099
156105
156235
156271
156395
156403
156483
156579
156621
156701
156873
156931
157029
157185
157301
157323
157337
157421
157445
157595
157597
157665
157847
157959
158017
158053
158073
158215
158305
158337
158461
158609
158649
158817
158887
159167
159341
159613
159677
159719
159735
159959
160051
160117
160497
160569
160655
160679
160913
160919
161037
161251
161339
161553
161581
161605
161639
161755
161801
161891
161959
162061
162203
162235
162367
162379
162455
162509
162551
162875
162909
163247
163413
163501
163541
163595
163643
163671
163857
164165
164185
164451
164505
164859
164889
165171
165239
165263
165465
165551
165661
165791
166581
166725
166821
167337
167355
167383
167527
167615
167671
167815
167919
168249
168281
168377
168437
168477
168531
168543
168679
168777
168945
168947
169105
169171
169213
169359
169395
169399
169479
170059
170159
170415
170421
170557
170681
171079
171161
171301
171361
171531
171605
171611
171871
171931
171933
172041
172485
172605
172819
172859
173407
173751
173811
173867
174049
174103
174213
174329
174345
174397
174613
174659
174779
175117
175259
175271
175373
175383
175495
175499
175539
175857
175859
176047
176183
176445
176681
176953
176959
176975
177131
177189
177201
177335
177431
177501
177615
177683
177909
177983
178085
178101
178103
178249
178375
178385
178443
178483
178643
178813
178915
178955
178957
179021
179129
179311
179327
179417
179495
179627
179675
179885
179897
180047
180057
180081
180281
180377
180401
180539
180617
180667
180669
180801
180879
181027
181085
181185
181309
181363
181469
181541
181639
181693
181783
181907
181951
181971
181975
182127
182193
182329
182655
182759
183179
183265
183415
183443
183705
183891
183941
184041
184153
184159
184229
184439
184661
184949
185065
185173
185607
185657
185689
185823
185893
186271
186275
186345
186385
186445
186847
186901
187007
187127
187165
187263
187503
187593
187619
187693
187879
188221
188423
188559
188791
188957
189123
189167
189241
189337
189373
189417
189495
189505
189663
189671
189837
189975
190021
190101
190121
190183
190405
190469
190547
190619
190837
190851
190989
191073
191585
192197
192565
192591
192707
192745
192753
192781
193139
193265
193309
193313
193329
193371
193393
193427
193443
193447
193575
193725
193795
193827
194107
194139
194141
194321
194693
194751
194803
194925
195013
195033
195391
195565
195695
195699
195965
195985
196219
196609
196613
197009
197105
197343
197377
197451
197531
197577
197623
197713
197739
197917
197999
198091
198161
198353
198627
198695
198737
198741
198785
198817
198901
198967
198975
198989
199053
199069
199109
199117
199195
199203
199213
199347
199677
199685
199813
199825
199975
199991
200033
200043
200179
200195
200475
200491
200929
200931
200991
201053
201121
201175
201207
201447
201471
201623
201899
201943
201957
202141
202247
202321
202461
202593
202643
202781
202813
202835
202909
202999
203059
203063
203417
203445
203447
203469
203537
203569
203609
203623
203687
203743
203781
203855
203929
203987
204129
204195
204373
204611
204681
204803
204853
204893
204897
204965
205113
205117
205349
205361
205653
205985
206059
206075
206265
206403
206473
206757
206855
207043
207143
207305
207325
207405
207425
207775
207963
208027
208271
208541
208605
208621
208785
208805
208885
208935
209009
209023
209099
209159
209295
209351
209361
209393
209401
209551
209759
209797
209827
209861
209869
209941
210087
210233
210519
210567
210675
210753
210773
210893
210907
210947
210983
211003
211029
211149
211211
211317
211579
211679
211715
211983
212053
212237
212431
212481
212645
212885
213005
213129
213227
213247
213363
213431
213559
213623
213677
213793
213923
213999
214135
214205
214297
214365
214417
214559
214763
214867
215177
215227
215363
215563
215811
215853
215955
216057
216361
216593
216625
216667
216723
216905
217205
217273
217557
217565
217851
218185
218315
218403
218503
218653
218679
218803
218861
218985
219241
219495
219525
219899
220093
220221
220231
220355
220745
220819
221019
221119
221271
221405
221433
221495
221751
221889
222011
222017
222173
222329
222405
222413
222569
222829
222879
223057
223115
223643
223929
223949
224063
224073
224323
224679
224807
224833
224851
225271
225323
225377
225403
225497
225673
225687
225725
225729
225783
225801
225805
225887
226169
226287
226309
226357
226431
226623
226973
227187
227219
227457
227761
227929
228531
228563
228569
228777
228879
228881
229489
229543
229751
230217
230287
230351
230523
230591
230667
230805
230835
230975
231055
231123
231407
231615
231623
231669
232189
232221
232235
232249
232467
232513
232779
232869
232885
232901
232961
233005
233295
233435
233533
233627
233675
233681
233939
233995
234059
234103
234135
234151
234277
234399
234745
234997
235051
235125
235259
235265
235391
235605
235621
235661
235681
235773
235789
235795
235799
235805
235855
235929
235997
236051
236117
236325
236955
236967
237115
237209
237613
237719
237727
237749
237973
237979
238051
238177
238227
238299
238377
238749
239165
239283
239329
239441
239561
239613
239637
239659
239979
240023
240035
240275
240327
240495
240605
240623
240631
240643
240733
241033
241041
241087
241259
241311
241421
241471
241605
241635
241645
241667
241751
241835
241921
242065
242181
242203
242237
242411
242459
242549
242647
242693
242699
242729
242925
243051
243069
243137
243331
243407
243529
243611
243763
243799
243903
243975
244017
244073
244175
244365
244403
244505
244639
244669
244723
244807
244995
245085
245231
245305
246051
246107
246295
246341
246437
246445
246491
246669
246719
246803
246877
247163
247239
247343
247417
247477
247781
247855
247949
248015
248077
248173
248215
248295
248401
248447
248489
248763
248773
249105
249147
249287
249333
249447
249533
249691
250045
250065
250175
250213
250265
250293
250331
250347
250355
250519
250589
250605
250897
250961
250981
251053
251057
251289
251367
251371
251663
251843
252197
252223
252245
252261
252775
252883
252889
253373
253393
253527
253761
253865
254137
254389
254577
254623
254625
254693
254711
254945
255089
255093
255153
255273
255291
255361
255417
255419
255477
255729
255731
255867
255965
256093
256189
256239
256443
256491
256513
256589
256659
256693
256743
256867
257103
257143
257323
257355
257659
257765
257957
257985
258037
258073
258105
258337
258383
258397
258423
258647
258723
258733
258785
258795
258903
258957
259201
259209
259211
259235
259315
259345
259355
259411
259455
259473
259667
259785
259823
259827
259851
260141
260547
260641
260933
261249
261405
261407
261471
261517
261899
261979
262015
262037
262069
262367
262835
262897
263129
263161
263463
263467
263613
263747
264051
264145
264151
264195
264287
264419
264793
264951
265923
266009
266113
266121
266273
266359
266431
266511
266679
266741
266857
266943
266947
267065
267087
267137
267331
267423
267541
267563
267681
267739
267789
267863
268051
268085
268289
268515
268605
268999
269163
269189
269205
269419
269575
269701
269719
269819
269883
270065
270091
270145
270201
270351
270365
270405
270407
270727
271009
271155
271425
271511
271631
271771
271859
271903
272137
272245
272295
272523
272575
272755
272779
272791
272801
272971
272985
273031
273079
273267
273281
273439
273517
273833
273981
274003
274005
274065
274097
274161
274405
274421
274509
274647
274767
274835
274887
274959
275211
275329
275403
275557
275791
275975
276121
276157
276217
276469
276523
276525
276539
276741
276785
276809
276873
276921
277103
277143
277297
277369
277407
277543
277601
277737
277797
277843
277899
278149
278157
278241
278373
278513
278921
279001
279071
279173
279367
279401
279427
279439
279479
279595
279615
279659
279791
279911
279925
280127
280143
280195
280199
280297
280321
280499
280821
280847
280939
281117
281251
281279
281285
281411
281523
281811
281959
282013
282213
282263
282377
282431
282763
282981
282993
283107
283387
283407
283521
283649
283709
283783
283911
284095
284179
284251
284529
284603
284619
284919
285053
285073
285269
285613
285641
285725
286017
286205
286283
286339
286345
286355
286539
287237
287277
287799
288079
288205
288269
288499
288587
288613
288677
288781
289087
289199
289295
289385
289495
289639
289869
289943
290037
290039
290089
290165
290549
291151
291253
291345
291615
291685
291955
292129
292151
292203
292271
292449
292755
292763
292791
292807
292911
293059
293077
293345
293387
293595
293637
293653
293751
293755
293767
293815
293831
293883
294197
294417
294439
294923
294951
294973
294997
295089
295199
295293
295529
295609
295757
295771
295887
295897
295979
295989
296015
296019
296063
296121
296157
296173
296373
296597
296723
296819
296875
296935
296989
297053
297071
297247
297251
297367
297737
297787
297809
297899
298095
298211
298377
298379
298719
298781
298857
298987
299023
299141
299211
299387
299747
299767
300017
300029
300031
300075
300125
300139
300161
300313
300571
300619
300711
300717
300817
300843
300881
301007
301011
301043
301075
301283
301357
301667
301811
301925
301963
302089
302187
302287
302335
302369
302433
302457
302501
302573
302739
302839
302927
302979
303215
303247
303439
303463
303837
303895
303981
303983
304027
304173
304205
304233
304313
304339
304379
304531
304535
304607
304701
304703
304793
304863
304893
304995
305055
305089
305259
305333
305533
305573
305797
305867
305919
305959
306051
306135
306143
306375
306587
306879
306917
306937
306967
307065
307213
307461
307749
308197
308395
308583
308883
308911
309019
309323
309667
309669
309701
309775
309809
309967
309979
310087
310159
310337
310405
310425
310677
310773
310861
311025
311057
311161
311407
311631
311871
311937
312051
312197
312437
312483
312505
312675
312753
312767
312905
313301
313309
313339
313849
313989
314049
314051
314103
314181
314407
314459
314529
314589
314929
315027
315053
315131
315305
315447
315463
315475
315833
315855
316049
316117
316131
316135
316343
316367
316405
316443
316477
316713
317341
317367
317477
317513
317699
317735
317861
317915
317933
318265
318287
318465
318477
318491
318573
318589
318789
318799
318819
318939
319019
319287
319365
319375
319469
319589
319657
319667
319669
319735
319763
319865
319917
319993
320051
320287
320471
320921
320943
320945
321225
321265
321517
321781
321801
321873
321961
322119
322219
322249
322283
322363
322439
322495
322595
322655
322791
322839
322907
322933
323035
323051
323075
323127
323231
323299
323337
323413
323657
323699
323881
323957
324093
324157
324173
324289
324435
324609
324707
324933
324969
325081
325135
325415
325461
325729
325995
326001
326079
326307
326313
326483
326491
326535
326747
326783
326841
326891
326897
327135
327151
327185
327221
327277
327347
327371
327419
327487
327573
327607
327647
327731
327737
327805
327817
327895
328017
328099
328175
328263
328311
328363
328561
328565
328769
328891
329257
329367
329419
329841
329879
330009
330181
330231
330233
330273
330277
330285
330395
330707
330719
330733
330953
330999
331183
331273
331289
331409
331479
331633
331639
331685
331709
331767
331805
331821
331899
332501
332545
332705
332829
332901
332923
333197
333437
333459
333477
333483
333547
333581
333733
333749
333933
334051
334215
334333
334559
334631
334711
334891
334985
335063
335113
335179
335267
335307
335579
335651
336023
336511
336515
336629
336741
336893
336909
336913
336995
337153
337209
337311
337355
337455
337541
337601
337649
337913
337959
338249
338369
338517
338833
338903
339187
339213
339341
339371
339375
339421
339439
339443
339483
339525
339737
339795
339899
340003
340227
340261
340273
340283
340285
340287
340525
340631
340791
340801
340919
340945
341101
341139
341233
341309
341317
341367
341529
341635
341683
341859
342151
342211
342219
342221
342495
342531
342619
342667
342705
342935
343061
343085
343159
343395
343623
343635
343841
343921
343923
343967
344001
344021
344091
344377
344483
344569
344793
344941
344955
345111
345241
345259
345617
345639
345675
345691
345725
345875
346005
346047
346051
346161
346179
346315
346321
346481
346567
346587
346669
346709
346817
346967
347005
347081
347111
347223
347359
347649
347719
347849
347851
348015
348311
348395
348817
348861
348969
349523
349859
349975
350103
350233
350327
350331
350461
350557
350683
351037
351061
351489
351525
351605
351647
351793
351841
352031
352189
352237
352465
352599
352657
352697
352841
352979
353105
353245
353371
353417
353769
353865
353901
353953
354011
354057
354077
354107
354389
354409
354657
354785
354863
354943
355013
355043
355187
355223
355445
355669
355795
355833
356047
356223
356477
356509
356533
356793
357181
357225
357255
357379
357405
357517
357719
358067
358401
358453
358459
358503
358589
358707
358873
358905
359165
359357
359417
359439
359535
359993
360023
360059
360153
360361
360415
360417
360487
360587
360757
360801
360849
360931
360977
361057
361059
361093
361273
361293
361355
361433
361639
361829
361921
361987
362061
362071
362099
362231
362475
362515
362899
363009
363209
363289
363295
363553
363811
363897
363983
364019
364113
364221
364237
364269
364519
364569
364689
364801
364909
364971
364999
365395
365427
365435
365567
365601
365651
365657
365871
366237
366391
366495
366609
366721
366757
366767
366943
367037
367131
367307
367427
367683
367737
367761
368009
368265
368301
368409
368431
368481
368551
368677
368771
368873
368903
369037
369291
369359
369395
369425
369617
369651
369707
369763
369863
369931
369947
370073
370081
370097
370343
370565
370641
370687
370853
370883
371197
371335
371373
371473
371479
371565
371583
371623
371749
371865
372061
372165
372335
372359
372407
372677
372853
372983
373007
373015
373123
373151
373411
373439
373601
373885
373897
373941
374165
374319
374419
374423
374437
374441
374721
374837
374883
374915
375079
375141
375427
375551
375797
375809
375873
375891
375991
376011
376073
376277
376397
376731
376745
376955
377057
377071
377103
377351
377583
377701
377731
377741
377811
377817
377919
377961
377971
378179
378199
378479
378529
378623
378743
378867
379067
379445
379553
379591
379717
379803
380065
380217
380513
380843
380931
381035
381125
381157
381181
381233
381287
381413
381503
381533
381657
381753
381943
381945
382163
382197
382377
382569
382667
382735
382979
383069
383121
383273
383319
383497
383883
383985
384275
384363
384451
384647
384783
384791
384805
384943
384957
384973
385083
385131
385311
385415
385545
385563
385843
386157
386207
386233
386345
386939
387015
387079
387183
387227
387269
387281
387409
387561
387587
387641
387745
387759
387783
387823
387911
388027
388033
388391
388635
388687
388785
388931
388985
389093
389249
389269
389295
389321
389457
389581
389645
389699
389901
390145
390253
390301
390915
391093
391239
391295
391399
391563
392125
392199
392353
392453
392559
392583
392599
392771
392795
392821
393003
393059
393197
393205
393275
393331
393457
393553
393589
393963
393965
394233
394409
394595
394623
394689
394815
394957
395475
395481
395599
395619
395849
395881
395921
396037
396063
396067
396295
396301
396311
396445
396531
396593
396693
396823
396855
396971
396983
397169
397245
397273
397431
397507
397583
397633
397635
398165
398223
398297
398403
398429
398541
398589
398601
398643
398759
398775
398801
398813
398849
398859
399069
399251
399419
399507
399553
399787
399875
399941
400025
400039
400251
400957
401069
401215
401219
401231
401465
401591
401639
401661
401677
401751
401795
401901
401941
401985
402003
402115
402287
402387
402503
402505
402517
402523
402621
402647
402739
402749
402757
402767
402785
402961
402967
403025
403039
403171
403371
403435
403867
403899
403947
404197
404257
404387
404481
404589
404715
404757
404895
404969
405015
405111
405171
405255
405291
405375
405527
405583
405851
406069
406091
406525
406543
406587
406619
406649
406717
407005
407509
407523
408051
408079
408509
408589
408815
408935
408999
409395
409551
409777
410139
410233
410273
410335
410537
410547
410729
411053
411113
411163
411307
411451
411733
411997
412361
412379
412511
412527
412593
412693
412713
412841
413075
413285
413299
413321
413401
413483
413489
413789
413867
413905
413947
414033
414065
414171
414209
414387
414393
414487
414691
414925
415109
415131
415133
415155
415801
415833
415865
416071
416417
416447
416499
416861
416953
416993
417027
417107
417113
417159
417165
417325
417407
417467
417543
417679
417857
417901
418085
418107
418579
418601
418855
418873
418989
419069
419395
419507
419607
419783
419859
420051
420251
420411
420439
420593
420903
421073
421239
421301
421431
421465
421485
421495
421731
421735
421879
422057
422157
422277
422359
422405
422495
422513
422539
422825
422971
423151
423157
423493
423581
423605
423611
423679
424067
424111
424405
424651
424817
424873
424937
425141
425367
425389
426009
426107
426143
426287
426379
426485
426527
426769
426939
426961
427007
427193
427255
427301
427359
427429
427541
427707
427945
428007
428305
428307
428385
428543
428735
428773
428961
429007
429047
429373
429483
429563
429667
429747
429819
429829
429857
430163
430243
430249
430433
430471
430549
430769
430879
430903
430973
430979
431323
431563
431629
431739
431747
431779
431849
431979
431999
432181
432213
432315
432327
432357
432447
432501
432583
432651
432675
432697
432701
432749
432829
433017
433055
433147
433183
433251
433527
433659
433723
433795
433809
434013
434017
434087
434427
434563
434759
434779
434807
435019
435167
435389
435503
435667
435757
435795
435999
436261
436277
436287
436487
436589
436609
436667
436745
436823
436903
437223
437331
437355
437673
437809
437879
437903
437913
438131
438135
438445
438625
438963
439091
439177
439223
439241
439251
439499
439575
440161
440187
440259
440617
440789
440887
441253
441273
441383
441463
441605
441645
441753
441979
442159
442195
442197
442259
442261
442335
442403
442567
442585
442639
442669
442787
442837
442901
443061
443317
443505
443741
443947
443981
444027
444069
444155
444271
444277
444613
444865
444873
444943
445251
445435
445559
445591
445813
446081
446089
446093
446259
446407
446751
446895
447003
447035
447055
447149
447229
447231
447251
447439
447455
447565
447617
447699
447741
447909
448129
448201
448203
448269
448389
448577
448581
448639
448893
449101
449135
449197
449257
449297
449439
449487
449691
449813
449981
450003
450025
450267
450333
450447
450577
450639
450781
451039
451045
451067
451071
451227
451243
451253
451285
451431
451445
451627
451661
451763
451791
451871
451895
452089
452157
452177
452281
452429
452573
452695
452703
452733
452855
452881
452913
452963
453201
453243
453357
453473
453779
453893
454279
454375
454377
454463
454507
454511
454515
454745
454775
454979
455039
455067
455143
455247
455325
455505
455523
455535
455611
455713
455849
455931
456103
456167
456349
456381
456423
456463
456591
456655
456745
457023
457269
457325
457373
457409
457413
457523
457569
457593
457633
457961
458137
458203
458351
458381
458455
458911
459121
459159
459231
459423
459955
460039
460263
460267
460687
460875
460901
460931
461087
461149
461197
461229
461253
461591
461701
461835
462017
462277
462283
462371
462473
462487
462609
462663
462665
462857
462967
463001
463089
463117
463335
463365
463381
463601
463671
463817
463821
463957
464193
464285
464349
464367
464389
464503
464519
464595
464881
465007
465079
465167
465177
465215
465455
465591
465899
466051
466159
466251
466389
466443
466445
466679
466857
466979
467451
467767
467885
468053
468191
468363
468529
468767
468953
469055
469091
469125
469223
469309
469373
469639
469703
469763
469963
470055
470057
470241
470363
470477
470485
470593
470609
470629
470717
470725
470965
471111
471141
471283
471299
471309
471563
471893
471927
471931
471993
472031
472161
472199
472233
472445
472723
472901
473041
473047
473061
473193
473315
473463
473483
473575
473641
473735
473869
474055
474243
474419
474421
474473
474619
474799
474811
475209
475231
475233
475317
475491
475577
475625
475761
475771
475835
476131
476323
476783
476789
476817
477593
477647
477747
477979
478069
478147
478259
478593
478783
478851
478943
479149
479193
479233
479541
479653
479701
479883
479987
480247
480257
480291
480385
480511
480573
480819
481003
481153
481235
481259
481347
481487
481491
481615
481871
482041
482083
482445
482743
482805
483013
483041
483103
483115
483245
483289
483345
483419
483591
483701
483717
483829
483999
484087
484119
484135
484317
484377
484407
484483
484669
484909
484951
485067
485281
485293
485497
485531
485535
485629
485919
486219
486731
486885
486943
487011
487105
487173
487491
487657
487701
487795
487819
487913
488085
488095
488215
488241
488295
488369
488451
488547
488843
488897
488923
489037
489041
489287
489313
489455
489499
489591
489593
489627
489987
490109
490113
490211
490431
490671
490763
490783
490843
491119
491355
491493
491531
491823
491829
491899
491989
492779
492791
493115
493155
493181
493391
493415
493549
493667
493677
493693
494017
494153
494275
494647
494663
494725
494767
494897
495109
495117
495247
495263
495351
495397
495455
495549
495945
496117
496205
496473
496571
496701
496923
496929
497031
497213
497363
497559
497723
497743
497781
497797
497813
498143
498331
498429
498467
498477
498517
498655
499001
499037
499115
499195
499279
499291
499293
499465
499489
499759
499767
499785
500219
500259
500387
500501
500591
500733
500777
501081
501195
501235
501279
501399
501535
501575
501657
501661
501951
502059
502231
502517
502519
502617
502641
502885
503033
503341
503637
503681
503809
503823
503845
503887
504133
504317
505125
505321
505333
505353
505381
505467
505483
505499
505619
505817
505845
505881
505991
506353
506381
506427
506507
506705
506787
507089
507093
507173
507319
507511
507559
507779
507839
507891
508107
508123
508163
508183
508309
508409
508579
508601
508667
508731
508839
508879
508913
509005
509039
509075
509195
509243
509313
509513
509601
509649
509731
509829
509929
509953
510093
510217
510441
510457
510671
510771
511019
511091
511105
511159
511191
511405
511505
511585
511611
512043
512815
512897
512903
513153
513187
513383
513503
513517
513631
513739
513743
513759
513773
514075
514143
514291
514329
514335
514665
514687
514693
514707
514761
514847
514967
515025
515133
515169
515259
515325
515401
515883
516525
516591
516615
516773
516845
516969
517145
517163
517431
517629
517635
517807
518027
518163
518289
518367
518663
518793
518915
518919
518967
519033
519633
519943
520049
520181
520329
520603
520723
520735
520817
521019
521239
521279
521321
521569
521617
521811
521929
521973
522193
522289
522529
522553
522649
522789
523125
523247
523591
523627
523829
524073
524195
524253
524425
524437
524531
524547
524601
524865
524869
524907
524955
525055
525203
525345
525353
525405
525621
525723
525757
525975
526075
526137
526247
526289
526369
526423
526449
526561
526665
526719
526779
526869
527087
527091
527121
527807
528229
528241
528529
528587
528653
528729
528879
528915
528935
529039
529225
529495
529533
529917
529929
529953
529977
530033
530039
530181
530219
530297
530383
530391
530551
530573
530581
530665
531233
531343
531371
531411
531447
531931
531987
532137
532145
532725
532749
532835
532843
532927
532985
532999
533133
533217
533667
533737
533785
533795
533821
533853
533953
534111
534123
534321
534353
534601
534619
534769
534929
534989
535017
535133
535153
535327
535387
535441
535463
535503
535509
535677
535731
535805
535905
536149
536171
536293
536357
536363
536577
536863
536879
536983
537079
537321
537507
537551
537695
537701
537783
537841
537843
538037
538333
538359
538397
538491
538537
538623
538641
538743
538873
539181
539245
539257
539305
539391
539669
539679
539771
539937
539953
540023
540415
540665
540721
540749
540847
540973
540995
540997
541049
541065
541099
541287
541417
541553
541747
541749
541763
541793
541999
542323
542357
542367
542431
542515
542531
542575
542609
542655
542785
542873
542973
543041
543177
543295
543337
543343
543473
543519
543543
543673
543843
543937
544017
544123
544195
544265
544417
544581
544639
544669
544889
544959
545041
545091
545153
545213
545253
545361
545387
545391
545445
545469
545613
545675
545729
545961
546009
546649
546659
546737
546755
546783
547125
547697
547727
547849
547891
548025
548165
548181
548195
548283
548445
548459
548579
548687
548721
548823
548877
548965
548969
549045
549055
549067
549071
549233
549391
549665
549897
550201
550273
550515
550563
550841
550951
551073
551223
551249
551315
551355
551439
551613
551835
552011
552297
552533
552613
552675
553017
553025
553123
553321
553577
553767
553773
553775
553861
553885
554195
554211
554315
554321
554745
554853
554959
555123
555195
555233
555357
555577
555793
555963
556003
556147
556179
556205
556269
556303
556425
556505
556527
556597
556733
556775
556789
557077
557181
557445
557451
557547
557949
558029
558065
558177
558211
558213
558293
558709
558773
558783
558951
559069
559145
559149
559437
559765
560163
560181
560325
560397
560573
560623
560879
561267
561289
561549
561921
562271
562583
562591
562641
562949
562983
563033
563035
563217
563305
563337
563339
563641
563663
564055
564163
564177
564273
564317
564377
564393
564493
564533
564573
564661
564761
564869
564889
564943
564947
564951
565217
565297
565301
565369
565387
565437
565549
565639
565705
565845
566187
566197
566325
566409
566879
566949
567117
567595
567693
567727
567827
567969
568015
568021
568053
568119
568131
568189
568235
568265
568485
568961
569031
569095
569435
569471
569525
569717
569911
570065
570139
570163
570251
570697
570733
570747
570949
571195
571235
571317
571447
571651
571797
571813
571833
571957
571969
572135
572275
572455
572487
572641
572697
572821
572931
573033
573051
573061
573097
573155
573401
573599
573731
574049
574139
574203
574503
574525
574699
574737
574845
575047
575073
575081
575121
575141
575605
575629
575719
575767
575955
575991
576137
576197
576351
576393
576413
576439
576493
576533
576577
576583
577179
577271
577381
577721
577879
577977
578017
578249
578597
578609
578865
578981
578991
579019
579127
579145
579179
579203
579409
579439
579479
579787
579955
580153
580205
580235
580359
580551
580977
581037
581051
581061
581091
581093
581159
581201
581235
581237
581243
581611
581755
581891
582185
582253
582257
582383
582401
582685
582691
582799
583043
583139
583307
583399
583417
583427
583477
583635
583851
583941
584227
584309
584403
584663
584705
584811
584883
584891
584901
585021
585117
585181
585217
585405
585407
585441
585693
586385
586443
586575
586613
586669
586903
587149
587159
587351
587471
587635
587685
587701
587787
587815
587901
588009
588077
588197
588233
588259
588265
588425
588613
588619
588655
588733
588835
589103
589121
589173
589245
589385
589395
589713
589781
589979
590219
590305
590405
590701
590961
591029
591199
591203
591433
591523
591535
591765
591909
592077
592193
592365
592461
592639
592661
592949
592953
593081
593103
593139
593339
593385
593473
593645
593665
593683
593699
593761
593771
593809
593847
593909
593923
593951
593985
594059
594133
594505
594577
594623
594665
595051
595109
595249
595443
595461
595463
595661
595663
596095
596153
596221
596279
596293
596347
596509
596595
596823
596905
597123
597193
597197
597243
597255
597333
597743
597791
597813
597971
598059
598291
598631
598683
598817
598923
598943
598959
599607
599629
599763
600011
600059
600223
600353
600853
601147
601217
601279
601509
601597
601637
601743
601747
601835
601925
601945
601959
602039
602269
602283
602601
602603
602739
602927
602959
602973
603117
603227
603291
603399
603507
603519
603619
603661
603843
603857
603933
603949
603955
604083
604091
604127
604213
604367
605025
605055
605199
605227
605447
605485
605635
605923
605937
605999
606063
606199
606215
606237
606249
606561
606613
606775
606777
607097
607141
607195
607205
607319
607489
607719
607775
607853
607901
608239
608293
608351
608403
608539
608621
608731
608977
608981
609099
609421
609479
609489
609585
609673
609733
609745
609871
610081
610131
610347
611021
611069
611161
611249
611393
611471
611521
611581
611623
611861
611869
611887
611925
611979
612159
612257
612359
612367
612417
612433
612729
612895
613171
613401
613765
614185
614429
614569
614697
615363
615615
615627
615773
616313
616349
616363
616525
616549
616671
616679
616769
616845
616919
617157
617177
617405
617415
617743
618013
618213
618309
618321
618363
618593
618701
618703
618735
618749
618825
618837
618913
619015
619061
619149
619221
619537
619551
619679
619685
619757
619931
620029
620061
620199
620241
620265
620545
620577
620665
620685
620997
621059
621153
621301
621423
621435
621443
621457
621561
621855
622037
622061
622169
622425
622475
622481
622591
622725
622811
622883
623329
623443
623559
623579
623615
624027
624081
624121
624353
624409
624693
624731
624819
624917
624949
625063
625497
625597
625651
625923
626047
626403
626423
626435
626783
626857
626909
627127
627363
627377
627501
627567
627687
628129
628535
629095
629135
629473
629675
629883
629897
629907
630035
630043
630131
630209
630211
630497
630529
630565
630723
630809
630861
631031
631129
631153
631219
631231
631279
631281
631679
631681
631993
632011
632049
632077
632107
632123
632159
632629
632819
633141
633229
633341
633567
633617
633671
633771
634051
634057
634261
634395
634533
634659
634745
634947
635061
635335
635457
635527
635595
635741
635903
635963
636243
636325
636365
636383
636621
636793
637035
637351
637397
637575
637645
637655
637919
638121
638243
638297
638437
638495
638611
638671
638787
638889
638915
638977
639029
639169
639209
639273
639653
639731
639951
640015
640291
640505
640563
640581
640597
640659
640681
640711
640907
640919
640941
641099
641161
641205
641227
641293
641533
641613
641871
641901
641955
642301
642353
642515
642579
642797
642995
643085
643145
643269
643467
643643
643703
643781
643867
643875
643891
643917
644097
644235
644349
644395
644809
644811
644961
645117
645199
645361
645681
645697
645731
645785
645995
646007
646069
646349
646371
646385
646513
646547
646731
646753
646805
646835
646857
646871
646899
646955
647039
647101
647151
647157
647183
647279
647317
647365
647459
647493
647515
647785
647821
647835
647857
647915
648021
648121
648139
648169
648309
648327
648423
648477
648739
648787
649073
649275
649467
649471
649569
649611
649687
649721
650203
650453
650705
650769
650781
650801
650855
651103
651139
651199
651339
651347
651567
651631
651677
651785
651935
652247
652653
652771
652835
652923
653277
653349
653429
653519
653609
653683
653705
653837
653869
653893
654047
654055
654173
654507
654603
654833
654867
654905
654939
655027
655119
655429
655573
656005
656337
656391
656583
656587
656645
656893
656981
657037
657095
657631
657681
657735
657945
657977
657991
658017
658027
658245
658403
658407
658415
658569
658585
658639
658725
658731
658733
658763
658947
658955
658979
658981
659257
659373
659655
659659
659767
659981
660045
660121
660143
660227
660621
660747
660775
660855
661117
661181
661329
661359
661475
661513
661519
661619
661725
661899
662049
662063
662177
662195
662295
662361
662443
662541
662679
663541
663581
663591
663637
663727
663839
664003
664055
664545
664691
664701
664747
664829
664833
664913
664987
665207
665241
665875
665963
666339
666573
666575
666759
666861
666917
667075
667165
667255
667291
667343
667543
667551
667677
667795
667877
667911
667959
667991
668147
668251
668309
668333
668397
668489
668739
669093
669097
669137
669139
669307
669321
669633
669663
669667
669673
669901
669995
670079
670095
670301
670355
670435
670565
670663
670673
670685
670693
670757
670831
670861
670871
670951
670959
671055
671175
671269
671451
671485
671517
671635
671721
671793
671933
671975
672105
672183
672193
672259
672275
672299
672305
672363
672391
672461
672563
672677
672743
672843
672981
672997
673235
673277
673411
673633
673637
673639
673661
673727
673755
673957
673963
674031
674341
674369
674397
674419
674521
674561
674877
674895
675405
675569
675575
675643
675961
676085
676125
676323
676373
676449
676499
676527
676713
676817
676849
676851
677017
677047
677351
677485
677719
677733
677853
677951
678041
678133
678161
678203
678425
678521
678657
678741
678773
678819
679185
679213
679415
679681
679891
679915
679933
680159
680217
680273
680275
680405
680523
680773
681051
681093
681141
681209
681239
681259
681401
681759
681847
681921
681989
682281
682319
682373
682945
683019
683041
683053
683215
683277
683389
683511
683805
684037
685069
685203
685551
685899
686103
686129
686205
686283
686357
686435
686455
686555
686597
686675
686943
686959
687371
687445
687543
687645
687895
688053
688141
688217
688279
688301
688335
688421
688517
688609
688623
688811
688851
689059
689091
689205
689213
689231
689319
689365
689415
689477
689595
689599
689607
689813
689965
689967
690087
690209
690223
690441
690791
691021
691327
691349
691567
691571
691653
691849
691929
692355
692579
692647
692785
692885
692887
693129
693307
693483
693679
693839
694387
694451
694529
694563
694869
694891
695057
695109
695263
695343
695471
695595
695657
695673
695687
695759
695807
696015
696183
696247
696577
696751
696785
696907
696985
697023
697049
697257
697371
697857
698401
698469
698553
698863
698965
699037
699195
699435
699601
699603
699743
699761
699797
699839
699879
699891
699949
699989
700029
700139
700207
700569
700589
700815
701059
701139
701235
701501
701675
701717
701789
701879
701929
702053
702119
702151
702301
702325
702327
702435
702567
702647
702763
702779
702899
702943
703283
703449
703469
703547
703657
703743
703757
703985
704129
704329
704339
704523
704535
704653
704695
704873
704965
704993
705099
705333
705441
705481
705545
705747
705775
705799
705835
705911
705991
706103
706153
706399
706681
706757
706793
706835
707115
707313
707393
707481
707541
707563
707641
707729
707757
707783
707855
707919
708019
708033
708095
708413
708533
708745
709081
709083
709157
709167
709403
709609
709871
710145
710159
710729
710785
710835
711219
711423
711683
711691
711733
711861
711943
712041
712229
712405
712483
712547
712763
712781
712989
713159
713261
713347
713565
713621
713793
714097
714235
714439
714535
714579
714715
714829
715265
715313
715427
716107
716353
716431
716593
716877
716893
717345
717451
717499
717515
717523
717531
717685
717781
717803
717851
717937
718087
718201
718285
718349
718517
718635
718707
718753
718877
719049
719117
719289
719421
719457
719613
719779
720035
720051
720055
720213
720273
720371
720791
720845
721291
721299
721357
721409
721465
721497
721555
721563
721653
721985
721995
722067
722145
722157
722197
722407
722657
722905
722935
722951
723139
723237
723333
723337
723459
723519
723931
724025
724067
724077
724369
724377
724681
724731
724777
724913
724967
724971
724993
725039
725107
725215
725343
725385
725579
725735
725913
725959
725971
726013
726023
726163
726391
726605
726839
726883
726903
727063
727247
727657
727785
727953
727955
728027
728109
728325
728367
728383
728459
728491
728533
728585
728657
728763
728845
729313
729459
729607
729773
729781
729811
729935
729977
730391
730441
730493
730683
730741
730853
730891
730895
731035
731131
731329
731571
731743
731983
732019
732035
732301
732335
732349
732353
732609
732625
732785
732817
732861
732875
732973
733021
733071
733273
733293
733393
733639
733843
734043
734273
734279
734359
734463
734799
735007
735161
735493
735561
735589
735823
735915
735965
736133
736203
736209
736325
736671
736723
736783
736821
736869
736987
737023
737057
737139
737207
737327
737429
737485
737615
737879
737931
737977
738195
738281
738435
738515
738539
738617
738869
739165
739241
739475
739571
739643
739653
739745
739805
739953
739977
740097
740159
740297
740389
740499
740575
740625
740711
741061
741083
741195
741649
741705
741801
741893
742129
742211
742501
743375
743415
743579
743617
743917
744021
744071
744201
744609
744733
744769
744777
744791
744895
745045
745315
745357
745439
745833
745975
746055
746075
746347
746543
746615
746619
746651
746855
747081
747165
747317
747743
747791
748031
748069
748265
748439
748633
748669
748833
748839
749071
749209
749211
749263
749429
749575
749639
749813
749923
749971
750059
750301
750383
750549
750565
750921
751209
751499
752175
752703
752705
753017
753019
753159
753275
753315
753325
753405
753563
753573
753831
753911
754195
754197
754413
754691
754885
754887
754953
755069
755203
755219
755365
755423
755579
755835
755957
756043
756315
756645
756761
756771
756873
756925
756997
757177
757181
757429
757435
757561
757663
757695
757733
757767
757911
758159
758249
758367
758471
758587
758701
758853
758973
759047
759135
759533
759789
759943
760267
760299
760319
760335
760481
760541
760599
760665
760693
760705
760729
760959
760991
761091
761527
761693
761733
761797
761957
762017
762055
762255
762399
762417
762499
762535
762845
763233
763251
763545
763611
763647
763919
763967
764057
764113
764169
764457
764647
764687
764775
764959
764993
765057
765189
765295
765439
765499
765529
765763
765903
765931
765965
766013
766079
766103
766247
766287
766481
766483
766673
766697
766747
766837
766975
767103
767241
767319
767451
767561
767689
767795
768185
768445
768505
768677
768835
769019
769073
769115
769151
769517
769571
769603
769879
769917
769939
769989
770065
770153
770233
770257
770259
770407
770523
770551
770949
770993
771153
771277
771457
771517
771523
771851
771907
771919
772289
772825
772907
772941
773111
773135
773153
773287
773343
773673
773853
774309
774331
774419
774425
774739
774755
774913
775047
775217
775279
775785
775811
775819
775963
776155
776215
776255
776287
776457
776629
776915
777069
777115
777171
777207
777255
777429
777463
777527
777737
777741
777965
778113
778125
778413
778441
778893
778997
779131
779193
779237
779473
779659
779661
779689
779877
780049
780057
780173
780209
780583
780587
780619
780957
780963
781021
781025
781041
781119
781123
781333
781555
781587
781655
781701
781781
781973
782089
782261
782269
782281
782325
782359
782801
782973
783083
783295
783489
783579
783985
784027
784105
784287
784421
784505
784595
784829
784845
784975
785003
785149
785171
785417
785429
785517
785765
785865
785913
786225
786281
786377
786441
786511
786521
786603
786647
786889
786971
786973
787075
787433
787833
787969
788023
788261
788293
788303
788355
788529
788583
788657
789221
789325
789451
789513
789537
789749
789851
790079
790219
790387
790603
790611
790695
790851
791037
791089
791557
791605
791745
791759
791837
791847
791871
792035
792437
792455
792791
793003
793115
793129
793245
793367
793765
793769
793775
793799
794017
794105
794151
794227
794517
794623
795291
795317
795731
795743
795817
795819
795873
796173
796181
796205
796245
796249
796339
796363
796429
796501
796629
796825
796953
797043
797087
797111
797131
797183
797257
797439
797475
797567
797619
797879
797953
798021
798089
798229
798255
798267
798487
798495
798549
798575
798799
798937
798945
798951
798965
799013
799121
799135
799449
799533
799591
799737
799755
799787
800007
800025
800419
800707
800759
800767
800829
800857
800927
800941
800995
801267
801321
801445
801497
801615
801949
801981
802011
802335
802411
802425
802575
802629
802677
802687
802729
802863
803017
803199
803229
803451
803589
803611
803633
803651
803697
804035
804059
804443
804501
804745
804931
804951
805099
805201
805211
805323
805391
805451
805545
805645
805685
806059
806449
806497
806739
806843
806861
806931
807013
807173
807317
807375
807389
807451
807507
807607
807857
807899
808035
808091
808267
808413
808675
808723
808727
808987
809289
809331
809369
809389
809565
809649
809707
810031
810039
810043
810135
810381
810579
810859
811211
811297
811479
811869
812061
812113
812489
812591
813141
813207
813255
813395
813463
813619
813859
814071
814227
814377
814607
814683
815011
815105
815173
815233
815669
815677
815693
815765
815837
815955
816029
816041
816061
816195
816207
816235
816517
816571
816699
816749
816897
817083
817457
817849
817881
818139
818197
818211
818455
818769
818923
818951
819115
819141
819201
819213
819625
819635
819815
820095
820097
820113
820341
820515
820655
820657
820691
820721
820907
821097
821333
821413
821433
821619
821671
821925
821943
822045
822101
822137
822265
822325
822681
822697
822709
823015
823043
823081
823181
823189
823253
823401
823477
823585
823881
823935
823961
824013
824049
824183
824341
824385
824645
824733
824737
825071
825187
825379
825503
825635
825679
826055
826143
826147
826155
826319
826565
826625
826645
826781
826887
826951
827071
827271
827667
827719
828191
828275
828581
828605
828721
828887
828979
829207
829225
829439
829477
829551
829623
829653
829675
829679
829827
829843
830129
830155
830363
830365
830433
830493
830603
830645
830665
830715
830873
831007
831467
831615
831985
832015
832725
832937
832985
833231
833239
833321
833437
833457
833555
833623
833737
833835
833875
833953
834037
834121
834469
834479
834515
834595
834869
834991
835101
835149
835249
835321
835357
835371
835377
835453
835541
835751
835973
836045
836237
836517
836543
836645
836801
836895
836939
837303
837551
837597
837627
837723
837769
837787
838073
838189
838195
838347
838387
838393
838411
838437
838541
838665
838669
838703
838833
838845
838969
839003
839117
839329
839483
839533
839695
839777
839885
839963
840079
840093
840133
840363
840467
840469
840859
840897
840957
840979
841047
841093
841175
841397
841411
841425
841549
841559
841607
841617
841651
841667
841675
842017
842199
842309
842559
842679
842781
843097
843225
843299
843373
843523
843565
843645
843653
843655
843771
843875
843945
843955
844151
844431
844503
844561
844841
844909
844913
844927
844975
845201
845337
845569
845839
845941
845981
846273
846351
846385
846551
846663
846689
846715
847011
847039
847099
847105
847227
847275
847365
847435
847487
847741
847769
847857
847961
847967
848247
848563
848635
848711
849085
849137
849465
849491
849805
849857
849917
849919
849927
850631
850689
850789
850813
850933
851125
851287
851359
851437
851521
851577
851835
851849
852221
852437
852601
852725
852899
852923
852975
852993
853035
853037
853079
853209
853225
853261
853285
853473
853495
853647
853723
853811
854059
854197
854199
854243
854377
854519
854731
854733
854911
854937
854945
854983
855007
855351
855515
855603
856129
856143
856197
856317
856577
856617
856637
856703
856859
857085
857095
857099
857221
857497
857509
857551
857557
857597
857611
858083
858237
858543
858621
858747
858757
858789
859253
859319
859357
859415
859585
859639
859649
859713
859733
859817
859977
860143
860207
860529
860665
860673
860699
860711
860887
860983
861239
861643
861711
861731
861757
861789
861853
861937
862067
862131
862215
862277
862517
862651
862691
862893
862959
863065
863091
863209
863563
863597
863659
863675
864015
864059
864075
864295
864363
864367
864531
864549
864667
864709
864785
864787
864833
865007
865077
865083
865153
865163
865267
865371
865381
865387
865521
865549
865551
865573
865747
866111
866241
866341
866939
867197
867325
867345
867681
867947
868121
868303
868363
868371
868393
868441
868595
868657
868765
868901
868935
869179
869217
869231
869375
869435
869627
869705
869733
869759
869843
870081
870137
870155
870223
870421
870581
870743
870863
870875
871073
871201
871419
871423
871429
871597
871641
871689
871997
872085
872483
872513
872681
873023
873081
873157
873475
873977
874049
874059
874139
874141
874147
874469
874685
874721
874779
874859
874977
875053
875265
875451
875495
875641
876029
876265
876269
876439
876467
876569
876807
877065
877129
877435
877535
877573
877971
878167
878229
878233
878241
878333
879075
879555
879685
879753
879943
879985
880129
880141
880273
880355
880615
880619
880627
880645
881285
881317
881339
881763
881985
882153
882179
882187
882197
882333
882595
883027
883575
883733
883799
883829
883837
883923
884095
884149
884323
884597
884655
884957
884971
885115
885303
885375
885685
885861
886015
886199
886251
886297
886479
886635
886765
886783
886907
887087
887189
887557
887719
887763
887779
887997
888033
888143
888327
888347
888387
888407
888565
888713
888751
888873
889329
889459
889737
889887
889893
889925
889959
890119
890183
890201
890449
890649
890711
890795
890807
890827
891039
891057
891413
891475
891523
891607
891691
891769
891971
892213
892251
892283
892309
892335
892611
892647
892711
892721
892755
892825
893207
893273
893353
893717
893739
893819
894073
894077
894137
894143
894303
894581
894613
894701
894721
894745
894767
894905
895287
895367
895465
895721
895809
896199
896249
896355
896583
896623
896869
896879
897017
897217
897293
897653
897809
897815
897829
898051
898199
898221
898271
898517
898815
899047
899115
899139
899143
899211
899257
899577
899591
899601
899811
899917
900253
900337
900387
900629
900647
901073
901081
901309
901351
901395
901447
901527
901569
901659
901699
901771
901913
901955
902147
902213
902357
902521
902643
903019
903131
903381
903565
903829
903871
903967
903989
904007
904029
904227
904289
904303
904477
904551
904563
904599
904623
904671
904739
904849
904885
904955
905079
905331
905841
905919
905941
905943
906015
906441
906591
906637
906895
907271
907359
907749
907867
908211
908285
908389
908415
908549
908581
908651
908793
908923
908953
909085
909099
909115
909175
909627
909645
909689
909759
909833
909895
909931
910019
910023
910123
910263
910377
910415
910435
910451
910499
910631
910705
910821
911023
911155
911191
911309
911687
911695
911747
911839
911881
911965
911997
912263
912353
912363
912607
912615
912641
912657
912809
912835
912949
913097
913131
913293
913369
913425
913559
913785
913843
913855
913967
914203
914303
914397
914459
914511
914629
914813
915021
915057
915077
915267
915371
915415
915567
915955
916383
916459
916683
916803
916813
916967
917053
917157
917181
917183
917205
917329
917375
917383
917469
917473
917573
917747
917825
918111
918183
918243
918295
918695
919011
919139
919215
919383
919565
919687
919905
919989
920021
920027
920117
920173
920233
920243
920281
920431
920611
920661
920693
920723
920921
921147
921285
921465
921541
921587
921597
921759
921817
921909
921987
922117
922409
922517
922561
922693
922765
923289
923595
923729
923773
923791
923829
923915
924109
924529
924593
924747
924879
925079
925173
925251
925327
925381
925493
926149
926189
926563
926663
926843
926845
927065
927135
927165
927275
927533
927561
927581
927623
927695
927769
927795
927813
927879
927921
928035
928155
928159
928239
928333
928845
929001
929049
929145
929151
929161
929165
929375
929391
929541
929549
929699
929843
929857
929933
929977
930025
930475
930479
930625
930645
930713
930785
930883
930963
931085
931225
931317
931373
931587
931703
931823
932191
932425
932495
932629
932721
932885
932909
932959
933399
933427
933587
933627
933861
933925
933941
933993
934099
934645
934959
935049
935107
935595
935643
935721
935743
935859
935895
935905
935955
936027
936125
936143
936201
936211
936271
936467
936515
936563
936661
937025
937029
937411
937675
937743
937789
937817
937965
937975
938055
938213
938217
938225
938235
938301
938661
938711
938743
938963
938995
939035
939293
939331
939341
939415
939477
939749
939951
940109
940495
940521
940543
940591
940775
941131
941161
941191
941315
941331
941557
941629
941733
941755
941779
941821
941849
942077
942355
942433
942827
942877
943071
943093
943177
943269
943573
943685
943733
943743
944109
944187
944327
944547
944549
944559
944769
944833
944947
945105
945271
945695
946065
946133
946301
946683
946689
946697
946705
946747
946961
946973
947069
947271
948223
948317
948485
948579
948595
948665
948677
948719
948829
949007
949175
949357
949373
949429
949503
949529
949715
949785
949873
949899
949919
950133
950433
950461
951001
951283
951511
951735
951875
951919
951957
952165
952169
952211
952263
952321
952583
952641
952827
952897
952923
953031
953095
953177
953443
953527
953609
953611
953655
953691
953711
953787
954119
954173
954289
954377
954515
954595
954629
954659
954723
954909
955037
955057
955151
955283
955497
955517
955535
955571
955899
955939
955969
955971
956137
956195
956593
956781
956819
956997
957271
957391
957421
957847
957999
958189
958201
958301
958341
958657
958681
958771
958981
959317
959363
959367
959369
959989
960065
960253
960465
960691
960965
961125
961255
961509
961595
961611
961849
961885
961927
962057
962059
962107
962323
962349
962361
962497
962663
962667
962679
962881
962883
962893
963107
963207
963275
963281
963305
963481
963547
963843
964083
964207
964235
964445
964513
964521
964637
964745
964795
964825
964861
964999
965095
965235
965441
965607
965625
965869
966065
966121
966215
966365
966367
966429
966465
966475
966523
966775
966925
967129
967531
967553
967607
967711
967797
967809
968371
968489
968609
968639
968661
969057
969109
969183
969241
969355
969453
969455
969505
969609
969653
969657
969787
969817
969819
970001
970003
970097
970183
970207
970211
970295
970303
970463
970541
970575
970687
970699
970899
971031
971359
971521
971537
971697
971753
971799
971827
972127
972157
972255
972309
972887
973053
973131
973227
973273
973475
973509
973847
974123
974167
974263
974323
974553
974745
974973
975055
975301
975423
975589
975877
976177
976259
976415
976421
976427
976543
976645
976649
976871
976947
977069
977115
977157
977251
977277
977361
977501
977513
977609
977681
977747
977887
977963
978081
978101
978179
978205
978305
978507
978653
978711
978721
978765
978859
978889
978927
978961
979061
979151
979155
979431
979445
979517
979879
979923
980119
980235
980327
980421
980471
980493
980563
980649
980663
980857
980873
980933
981335
981365
981381
981417
981463
981541
981545
981727
981869
981891
981915
982415
982971
982977
983087
983255
983537
983579
983601
983621
983671
983865
984133
984259
984385
984667
985031
985055
985407
985435
985451
985467
985535
985565
985697
986145
986481
986523
986659
986801
986841
986851
987157
987345
987985
988181
988407
988487
988731
988795
988809
988867
988923
989093
989169
989177
989225
989321
989449
989503
989623
989625
989705
989859
989901
989945
990409
990617
990655
990715
990821
990867
990993
991181
991197
991397
991477
991491
991611
991633
991665
992037
992039
992097
992167
992265
992303
992353
992401
992521
992549
992725
992839
992999
993331
993503
993933
994251
994337
994363
994543
994699
994789
994995
995125
995437
995497
995511
995585
995651
996117
996137
996145
996185
996397
996549
996829
996845
996963
997039
997191
997289
997577
997689
997735
997789
997831
997853
997991
998081
998099
998233
998245
998257
998371
998705
998747
998805
998861
999131
999145
999197
999631
