# proven primes: b with (b^32+1)/2 prime (aprcl), block [10000000,11000000)
10000187
10000225
10000397
10000617
10000627
10000905
10000937
10001125
10001131
10001307
10001363
10001645
10001767
10002073
10002105
10002235
10002585
10002593
10002597
10002659
10002753
10002777
10003273
10003431
10003447
10003643
10003867
10003961
10004027
10004029
10004295
10004343
10004431
10004545
10004917
10004981
10005027
10005099
10005267
10005299
10005453
10005575
10005599
10005683
10005743
10005813
10006039
10006093
10006137
10006301
10006359
10006487
10006499
10007005
10007203
10007245
10007289
10007295
10008183
10008351
10008353
10008735
10008929
10009007
10009215
10009339
10009461
10009705
10010041
10010087
10010205
10010251
10010291
10010365
10010433
10010723
10010911
10011065
10011341
10011757
10011877
10012689
10012785
10012859
10012953
10013015
10013045
10013611
10013839
10013847
10014077
10014221
10014443
10014691
10014719
10014769
10014819
10014885
10014951
10014959
10015725
10016925
10017037
10017147
10017291
10017449
10017467
10017537
10017633
10017655
10017713
10017789
10017937
10017943
10018033
10018501
10018743
10018827
10019085
10019155
10019265
10019305
10019323
10019349
10019375
10019485
10019967
10020147
10020285
10020377
10020893
10021047
10021169
10021409
10021863
10021887
10021909
10021959
10022009
10022013
10022019
10022041
10022331
10022429
10022713
10022821
10023019
10023217
10023245
10023473
10023759
10023779
10023855
10023869
10023991
10024003
10024057
10024403
10024515
10024703
10024955
10025083
10025175
10025249
10025415
10025483
10025675
10025815
10026183
10026191
10026409
10026579
10026881
10026977
10027947
10028203
10028229
10028261
10028445
10028513
10028659
10028669
10028743
10028815
10028887
10029115
10029343
10029439
10029499
10029503
10029653
10029681
10030099
10030163
10030261
10030283
10030369
10030385
10030401
10030437
10030447
10030459
10030597
10030735
10030813
10030885
10031027
10031149
10031203
10031323
10031419
10031519
10031533
10031687
10031837
10031891
10032055
10032315
10032383
10032449
10032661
10032783
10032857
10032921
10033539
10033589
10033743
10033777
10033873
10033955
10034163
10034515
10034597
10034619
10034989
10035131
10035183
10035379
10035789
10035863
10035925
10035985
10036023
10036045
10036083
10036165
10036189
10036319
10036469
10036641
10036777
10036863
10036927
10037105
10037165
10037581
10037599
10037785
10038451
10038755
10038879
10039065
10039291
10039303
10039527
10039585
10039699
10039885
10039921
10039971
10039989
10040087
10040343
10040429
10040485
10040591
10040657
10040891
10040959
10040999
10041419
10041513
10041541
10042017
10042397
10042603
10043189
10043463
10043519
10043855
10043891
10043955
10043969
10044187
10044317
10044417
10044439
10044543
10044671
10044689
10044693
10044741
10044855
10044863
10044895
10045105
10045149
10045211
10045273
10045287
10045547
10045671
10045875
10045989
10046151
10046287
10046407
10046733
10046783
10047019
10047131
10047211
10047349
10047363
10047365
10047425
10047427
10047525
10047553
10047603
10047687
10047785
10047917
10047987
10048117
10048123
10048129
10048207
10048447
10048853
10048941
10049075
10049507
10049585
10049691
10049699
10050199
10050235
10050239
10050299
10050313
10050331
10050351
10050493
10050687
10050695
10050763
10050797
10051033
10051223
10051735
10051809
10051873
10051885
10052259
10052341
10052521
10052623
10052899
10052975
10053261
10053301
10053391
10053477
10053613
10053689
10053781
10054737
10054805
10054829
10054895
10055017
10055249
10055295
10055743
10055817
10055869
10055903
10055933
10056069
10056227
10056273
10056409
10056473
10056675
10056885
10056887
10056967
10057065
10057133
10057253
10057467
10057535
10057771
10058051
10058055
10058225
10058457
10058715
10058829
10058901
10058937
10058955
10059039
10059159
10059175
10059291
10059615
10059631
10059647
10059697
10059853
10060009
10060385
10060421
10060483
10060625
10060847
10061289
10061331
10061669
10062139
10062325
10062453
10062699
10062899
10062907
10063231
10063237
10063357
10063411
10063653
10063765
10063905
10064065
10064075
10064179
10064199
10064499
10064521
10064547
10064557
10064573
10064665
10064687
10064709
10064739
10064741
10064767
10064789
10064887
10065035
10065197
10065235
10065263
10065681
10065775
10066131
10066177
10066401
10066589
10066749
10066797
10067007
10067011
10067267
10067471
10067789
10067811
10068187
10068213
10068317
10068345
10068347
10068429
10068499
10068715
10068787
10068895
10069139
10069171
10069287
10069337
10069629
10069661
10069711
10069783
10069857
10070061
10070203
10070359
10070561
10070663
10070683
10070695
10071051
10071255
10071465
10071815
10071821
10071861
10072189
10072421
10072935
10073327
10073359
10073411
10073509
10073845
10073849
10074133
10074205
10074263
10074489
10074767
10075107
10075137
10075295
10075455
10075735
10075841
10076099
10076237
10076435
10076447
10076633
10076705
10076749
10076907
10076957
10077025
10077045
10077299
10077309
10077387
10077423
10077441
10077613
10077953
10078267
10078415
10078507
10078781
10079011
10079325
10079455
10079813
10079851
10079921
10080021
10080041
10080119
10080189
10080251
10080555
10080585
10080595
10080697
10081365
10081407
10081425
10081457
10081475
10081569
10081659
10081729
10081735
10081825
10081827
10082129
10082157
10082171
10082241
10082253
10082327
10082567
10082571
10082599
10082623
10082763
10083175
10083257
10083311
10083323
10083537
10083681
10083729
10083787
10083925
10084017
10084109
10084191
10084255
10084439
10084521
10084587
10084609
10084697
10084745
10085015
10085023
10085277
10085451
10085551
10085651
10085849
10085957
10086275
10086631
10086799
10087007
10087339
10087573
10087705
10087721
10087839
10087903
10088033
10088195
10088449
10088647
10088663
10088693
10088809
10088823
10088975
10088983
10089219
10089467
10089501
10089721
10089963
10090119
10090549
10090629
10090657
10090743
10090995
10091139
10091201
10091203
10091367
10091537
10091565
10091581
10091685
10091727
10091729
10091829
10091969
10092289
10092337
10092505
10092545
10092961
10093065
10093173
10093221
10093275
10093331
10093667
10093793
10093995
10094111
10094137
10094165
10094301
10094529
10094823
10094897
10094955
10095079
10095349
10095459
10095469
10096013
10096087
10096169
10096325
10096449
10096541
10096565
10096693
10096875
10096933
10097143
10097281
10097369
10097525
10098339
10098377
10098397
10098711
10098873
10099129
10099193
10099197
10099257
10099507
10099965
10100007
10100255
10100569
10100713
10100733
10100787
10100933
10101191
10101365
10101441
10101663
10102241
10102385
10102557
10102731
10102755
10102805
10103055
10103291
10103717
10103791
10103857
10104257
10104369
10104541
10104689
10104701
10104897
10104925
10105189
10105297
10105303
10105715
10105875
10105887
10105951
10106087
10106143
10106185
10106259
10106273
10106329
10106515
10106531
10106555
10106807
10106843
10106981
10107091
10107219
10107367
10107703
10107769
10107853
10108331
10109035
10109115
10109197
10109201
10109437
10109673
10109911
10110087
10110275
10110279
10110333
10110493
10110995
10111163
10111435
10111505
10111535
10112021
10112211
10112453
10112549
10112699
10112823
10112965
10113123
10113275
10113579
10113607
10113681
10113689
10113903
10114201
10114521
10114585
10114867
10115053
10115069
10115321
10115457
10115467
10115567
10115943
10116029
10116211
10116423
10116493
10116517
10116545
10116597
10116681
10116695
10116731
10116781
10116991
10117113
10117245
10117439
10117591
10117629
10117633
10117705
10117853
10117917
10117955
10118001
10118083
10118561
10118649
10118663
10118681
10118707
10118851
10118959
10118981
10119099
10119453
10119555
10119781
10119785
10119827
10119923
10120129
10120375
10120471
10120553
10120571
10120691
10120951
10121153
10121179
10121301
10121391
10121503
10121539
10121635
10121643
10121881
10122247
10122343
10122349
10122443
10122445
10122491
10122519
10122665
10122669
10122741
10122933
10122935
10123095
10123181
10123337
10123435
10123457
10123653
10123841
10123863
10123911
10124055
10124237
10124333
10124447
10124841
10125197
10125215
10125335
10125383
10125439
10125637
10125741
10125795
10125983
10126001
10126153
10126351
10126627
10126665
10126905
10127071
10127149
10127245
10127301
10127355
10127665
10127725
10127981
10128111
10128169
10128413
10128513
10128735
10128779
10129121
10129365
10129555
10129815
10129963
10130351
10130363
10130421
10130429
10130485
10130491
10130619
10131039
10131305
10131529
10132151
10132249
10132297
10132967
10133021
10133079
10133401
10133413
10133417
10133531
10133641
10133917
10134121
10134299
10134405
10134545
10135059
10135177
10135227
10135733
10135953
10136159
10136345
10136491
10136507
10136599
10136867
10137315
10137323
10137369
10137475
10137569
10137719
10137755
10137849
10137867
10137969
10138001
10138015
10138123
10138139
10138239
10138269
10138283
10138453
10138645
10138771
10138787
10139255
10139265
10139755
10139761
10139871
10139881
10139903
10139927
10140173
10140213
10140275
10140753
10140757
10140907
10141157
10141335
10141395
10141609
10141837
10142103
10142357
10142393
10142559
10142715
10142959
10143033
10143035
10143149
10143513
10143841
10144147
10144175
10144227
10144323
10144409
10144699
10144875
10144919
10144981
10145201
10145231
10145393
10145421
10145563
10145569
10145645
10146089
10146199
10146215
10146219
10146327
10146457
10146459
10146685
10146917
10146971
10147183
10147283
10147559
10147595
10147627
10147775
10147963
10148061
10148283
10148367
10148465
10148493
10148777
10148883
10148891
10149105
10149265
10149461
10149633
10149701
10149709
10149711
10149757
10149791
10149795
10149845
10149867
10149917
10150191
10150457
10150643
10150711
10150787
10151011
10151069
10151215
10151247
10151649
10151963
10152519
10152675
10152711
10152775
10152821
10153021
10153285
10153371
10153429
10153707
10153751
10153865
10153941
10154039
10154095
10154471
10154481
10154523
10154905
10154945
10154973
10155145
10155181
10155213
10155231
10155339
10155721
10155725
10155827
10155849
10155867
10155919
10155985
10156173
10156211
10156265
10156311
10156377
10156409
10156547
10156609
10156885
10157013
10157103
10157839
10157885
10157955
10158057
10158197
10158363
10158383
10158551
10158667
10158765
10158845
10158903
10158929
10159039
10159365
10159623
10159669
10159743
10160287
10160299
10160329
10160909
10160923
10161145
10161157
10161207
10161229
10161433
10161601
10161789
10161851
10161879
10162167
10162205
10162299
10162549
10162593
10162609
10162671
10162953
10163045
10163177
10163225
10163253
10163269
10163399
10163583
10163717
10163995
10164103
10164135
10164161
10164203
10164205
10164613
10164615
10164633
10164823
10164881
10164907
10165131
10165243
10165637
10165645
10166107
10166281
10166291
10167403
10167679
10167995
10168079
10168247
10168373
10168739
10168781
10169191
10169271
10169311
10169365
10169399
10169555
10169621
10169653
10169801
10169867
10170023
10170251
10170405
10170429
10170733
10170911
10171059
10171165
10171321
10171803
10171863
10172115
10172239
10172481
10172503
10172513
10172695
10172783
10173025
10173185
10173215
10173277
10173459
10173661
10173965
10174237
10174243
10174381
10174811
10174867
10175091
10175197
10175265
10175469
10175517
10175533
10175657
10175759
10175811
10175863
10176071
10176117
10176263
10176389
10176705
10176811
10176911
10176999
10177021
10177251
10177497
10177523
10177659
10177713
10178053
10178159
10178453
10178491
10178543
10178649
10178651
10178795
10178841
10178843
10178863
10179035
10179077
10179137
10179249
10179585
10179683
10179731
10179773
10179971
10179993
10180051
10180383
10180443
10180513
10180639
10181305
10181337
10181439
10181589
10181687
10181851
10181913
10181999
10182103
10182167
10182717
10182723
10182727
10182771
10182817
10182871
10182937
10183083
10183213
10183429
10183691
10183791
10183841
10183869
10184447
10184685
10184941
10185093
10185525
10185809
10185995
10186057
10186069
10186197
10186289
10186601
10186969
10187181
10187233
10187237
10187443
10187743
10188227
10188561
10188771
10188963
10189273
10189505
10189561
10189583
10189709
10189741
10189847
10189853
10190055
10190141
10190223
10190385
10190391
10190621
10190627
10190837
10191025
10191341
10191541
10191565
10191699
10191835
10192305
10192517
10192593
10192613
10192623
10192721
10192865
10192959
10193231
10193305
10193783
10194013
10194037
10194391
10194619
10194683
10194703
10194829
10195093
10195187
10195227
10195311
10195509
10195603
10195649
10195849
10195961
10196469
10196633
10196787
10196821
10196823
10196947
10197111
10197159
10197271
10197283
10197475
10197483
10197559
10197669
10197685
10197729
10197905
10198255
10198345
10198405
10198421
10198479
10198551
10198669
10198697
10199197
10199219
10199567
10199607
10199613
10199811
10199941
10199989
10200335
10200767
10201021
10201101
10201131
10201227
10201245
10201267
10201631
10202007
10202091
10202165
10202185
10202209
10202571
10203139
10203327
10203421
10203911
10204107
10204175
10204379
10204449
10204457
10204495
10204821
10204843
10204891
10204897
10204927
10205043
10205175
10205507
10205521
10205629
10205643
10206089
10206553
10206967
10207095
10207157
10207193
10207195
10207369
10207789
10207865
10208193
10208397
10208483
10208907
10208943
10209311
10209359
10209411
10209641
10209811
10209867
10209935
10209983
10210301
10210313
10210411
10210473
10210613
10210973
10211045
10211185
10211357
10211375
10211387
10211399
10211411
10211459
10211587
10211835
10212009
10212499
10212605
10212769
10212791
10212869
10212943
10213037
10213445
10213681
10213741
10213777
10213803
10214025
10214073
10214495
10214573
10214785
10215009
10215397
10215467
10215491
10215521
10215657
10215735
10216189
10216403
10216465
10216597
10216633
10216779
10216985
10217087
10217161
10217249
10217283
10217487
10217751
10217801
10218383
10218427
10218645
10218773
10218861
10218909
10219049
10219095
10219131
10219141
10219257
10219411
10219575
10219733
10219879
10220015
10220025
10220249
10220317
10220331
10220395
10220699
10220745
10220831
10220849
10220949
10221003
10221939
10222133
10222191
10222323
10222401
10222679
10222715
10222723
10223003
10223029
10223361
10223589
10223637
10223643
10223677
10223745
10223773
10223837
10223891
10224019
10224495
10224645
10224711
10224779
10225199
10225641
10225975
10226079
10226149
10226271
10226291
10226545
10227171
10227197
10227425
10228243
10228245
10228343
10228621
10228687
10228887
10229129
10229229
10229285
10229557
10229697
10229975
10230627
10230719
10230731
10230833
10231291
10231553
10231605
10231621
10231651
10231693
10231925
10231957
10232137
10232247
10232283
10232287
10232295
10232325
10232373
10232465
10232597
10232643
10232725
10232729
10232731
10233149
10233383
10233727
10233789
10233797
10233939
10234345
10234551
10234567
10234589
10234605
10234641
10234765
10234785
10234997
10235135
10235139
10235353
10235547
10236061
10236091
10236409
10236413
10236543
10236607
10236831
10237081
10237335
10237513
10237657
10237825
10237833
10237973
10238043
10238055
10238379
10238395
10238705
10238727
10238795
10238809
10238811
10238835
10238839
10239073
10239083
10239139
10239191
10239341
10239443
10239725
10239893
10239905
10239961
10239993
10240377
10240597
10240605
10240809
10241063
10241143
10241191
10241205
10241209
10241241
10241347
10241455
10241459
10241463
10241483
10241629
10241759
10241921
10242147
10242187
10242245
10242353
10242407
10242569
10242583
10243081
10243287
10243307
10243367
10243419
10243553
10243895
10244035
10244493
10244825
10244955
10245209
10245253
10245313
10245501
10245641
10245929
10245933
10245963
10246115
10246161
10246837
10246941
10247005
10247321
10247337
10247525
10247677
10247721
10247725
10247739
10247743
10247961
10247971
10248081
10248103
10248269
10248277
10248349
10248365
10248503
10248687
10248861
10248923
10249007
10249313
10249323
10249367
10249703
10249763
10249841
10250027
10250215
10250641
10250699
10250809
10250875
10250909
10251329
10251569
10251631
10251645
10251681
10251747
10251755
10252051
10252059
10252385
10252417
10252877
10252913
10253139
10253245
10253365
10253473
10253583
10253725
10253857
10253907
10253953
10254145
10254175
10254267
10254315
10254369
10254669
10254699
10254781
10254845
10254869
10255199
10255275
10255465
10255485
10255815
10255911
10256241
10256613
10256717
10256955
10256997
10257017
10257179
10257237
10257327
10257485
10257487
10257837
10257883
10258001
10258013
10258081
10258099
10258335
10258417
10258527
10258575
10258659
10258701
10258879
10258881
10258909
10259299
10259577
10259733
10259749
10259883
10260017
10260199
10260211
10260389
10260609
10260733
10260965
10261079
10261579
10261875
10262325
10262411
10262497
10262537
10262753
10262847
10262885
10263037
10263285
10263481
10263659
10263785
10263791
10263965
10263973
10264057
10264191
10264239
10264559
10264961
10264993
10265029
10265043
10265221
10265363
10265423
10265505
10265587
10265823
10265875
10265895
10266183
10266783
10266925
10266951
10267007
10267087
10267117
10267135
10267145
10267369
10267579
10267585
10267749
10267847
10267903
10267931
10268115
10268125
10268165
10268711
10268999
10269361
10269761
10269921
10269937
10270039
10270479
10270645
10270819
10270989
10271149
10271415
10271477
10271781
10271829
10272047
10272201
10272213
10272355
10272581
10272643
10272745
10272889
10273051
10273249
10273617
10273629
10273769
10273969
10274187
10274331
10274337
10274341
10274439
10274585
10274615
10274661
10274773
10275017
10275375
10275545
10275625
10275685
10276141
10276219
10276441
10276515
10276561
10276841
10276879
10276907
10276929
10277051
10277259
10277615
10277655
10277797
10277839
10277907
10277965
10277981
10278107
10278149
10278233
10278317
10278349
10278787
10278887
10279249
10279295
10279713
10279717
10279741
10279975
10280147
10280171
10280359
10280369
10280515
10280523
10280539
10280621
10280847
10280891
10280893
10280913
10281157
10281313
10281539
10281547
10281589
10281649
10281657
10282187
10282381
10282541
10282597
10282613
10282767
10282817
10282937
10283041
10283057
10283089
10283133
10283241
10283427
10283529
10283699
10283803
10283905
10284295
10284463
10284477
10284857
10285249
10285453
10285803
10286005
10286067
10286143
10286265
10286321
10286621
10286677
10287119
10287165
10287533
10287549
10287775
10288141
10288155
10288159
10288937
10288971
10289015
10289137
10289209
10289211
10289301
10289403
10289425
10289433
10289517
10289523
10289541
10289827
10290227
10290415
10290631
10290711
10291037
10291199
10291317
10291355
10291673
10292145
10292209
10292693
10292879
10292949
10293017
10293205
10293225
10293327
10293519
10293647
10293661
10293765
10293779
10293907
10293925
10294049
10294235
10294423
10295317
10295429
10295619
10296137
10296209
10296361
10296387
10296407
10296457
10296489
10296513
10296573
10296645
10296785
10296919
10296931
10296999
10297037
10297317
10297349
10297385
10297649
10297659
10297681
10297857
10297883
10297949
10298157
10298261
10298273
10298425
10298489
10298505
10298583
10298609
10298785
10298839
10298941
10299043
10299333
10299395
10299473
10299781
10299917
10300027
10300103
10300147
10300547
10300555
10300779
10300893
10300955
10300983
10301115
10301415
10301473
10301621
10301715
10301727
10301745
10301805
10301873
10302049
10302107
10302149
10302421
10302529
10302669
10302719
10302735
10302821
10302847
10302997
10303249
10303289
10303345
10303355
10303625
10303663
10303669
10303771
10303775
10303811
10303825
10304167
10304223
10304271
10304409
10304505
10304517
10304715
10304881
10305191
10305199
10305273
10305837
10306021
10306023
10306357
10306393
10306399
10306435
10306697
10306863
10306951
10307003
10307127
10307137
10307195
10307355
10307501
10307703
10307737
10307999
10308033
10308171
10308493
10308499
10308933
10309025
10309165
10309237
10309281
10309303
10309473
10309519
10309535
10309583
10309595
10309615
10309631
10309957
10310087
10310345
10310391
10310509
10310603
10310677
10310785
10310859
10310961
10311187
10311401
10311433
10311573
10311767
10311913
10311975
10312041
10312187
10312223
10312443
10312469
10312843
10312951
10313009
10313087
10313611
10313683
10313875
10313937
10314001
10314233
10314313
10314521
10314525
10314877
10314937
10315103
10315315
10315351
10315641
10315669
10315755
10315865
10315875
10315891
10315989
10316017
10316263
10316577
10316719
10316851
10316943
10316999
10317233
10317457
10317571
10317779
10317789
10318009
10318303
10318375
10318509
10318751
10318857
10318901
10319017
10319091
10319155
10319573
10319731
10319763
10320295
10320473
10320699
10320807
10320999
10321101
10321425
10321725
10321843
10321861
10322121
10322369
10322525
10322583
10322863
10323117
10323233
10323391
10323653
10323739
10323759
10323887
10323905
10323937
10323971
10324133
10324359
10324365
10324399
10324453
10324545
10324557
10324565
10324635
10324691
10324805
10324911
10325191
10325265
10325455
10325473
10325531
10325987
10326109
10326247
10326403
10326435
10326479
10326615
10326617
10326761
10326917
10326931
10326935
10326989
10327121
10327251
10327505
10327659
10327723
10328123
10328449
10328507
10328809
10328899
10329037
10329113
10329217
10329561
10329755
10329801
10330463
10330535
10330741
10330843
10330873
10330945
10331299
10331373
10331519
10331597
10331653
10331667
10331825
10331923
10332891
10332957
10333099
10333159
10333299
10333505
10333671
10334071
10334145
10334355
10334371
10334427
10334939
10334941
10335067
10335223
10335369
10335429
10335441
10335467
10335475
10335551
10335645
10335651
10335711
10336031
10336155
10336283
10336493
10336615
10336763
10336967
10337083
10337163
10337471
10337493
10337525
10337539
10337953
10338443
10338593
10338771
10338853
10338863
10339125
10339137
10339281
10339353
10340083
10340123
10340415
10340517
10340537
10340545
10340923
10341409
10341423
10341435
10341651
10341921
10341935
10341989
10341997
10342249
10342333
10342353
10342595
10342679
10342729
10343101
10343475
10343657
10344059
10344159
10344181
10344263
10344283
10344355
10344429
10344709
10344727
10344769
10344855
10344915
10345103
10345133
10345347
10345619
10346023
10346267
10346779
10346873
10346879
10346921
10347005
10347051
10347115
10347347
10347379
10347475
10347605
10347645
10347681
10347747
10347843
10347981
10348085
10348247
10348275
10348569
10348591
10348635
10349083
10349201
10349389
10349453
10349651
10349767
10349987
10350009
10350011
10350341
10350533
10350687
10350779
10350811
10351079
10351147
10351179
10351301
10351339
10351727
10351861
10352011
10352247
10352527
10352599
10352673
10352727
10352829
10353029
10353043
10353103
10353235
10353283
10353347
10353399
10353431
10353627
10353813
10353823
10353835
10353973
10354003
10354177
10354209
10354405
10354785
10354979
10355001
10355013
10355221
10355267
10355291
10355319
10355411
10355549
10355553
10355667
10355759
10355879
10356823
10356833
10356845
10356881
10357157
10357225
10357463
10357531
10357615
10358107
10358357
10358535
10358599
10358733
10358761
10359271
10359385
10359443
10359513
10359897
10359945
10359955
10360075
10360389
10360443
10360711
10360747
10360761
10360789
10360849
10360851
10360865
10361563
10361581
10361623
10361671
10361955
10362149
10362179
10362701
10362737
10362807
10362829
10362891
10362917
10363063
10363163
10363219
10363451
10363493
10363621
10363711
10363713
10364081
10364257
10364565
10364721
10365281
10365343
10365393
10365475
10365773
10366097
10366125
10366173
10366179
10366207
10366443
10366965
10367005
10367389
10367423
10367507
10367555
10367833
10367887
10368115
10368267
10368421
10368455
10368597
10368605
10369317
10369419
10369725
10369749
10369829
10369937
10370121
10370437
10370455
10370457
10370497
10370525
10370527
10370945
10370985
10371449
10371949
10372271
10372465
10372501
10372571
10373119
10373177
10373207
10373219
10373341
10373433
10373507
10373587
10373635
10373831
10374133
10374161
10374287
10374425
10374597
10374653
10374703
10374989
10375003
10375061
10375129
10375653
10375705
10375819
10376115
10376177
10376451
10376553
10377353
10377947
10378041
10378125
10378141
10378165
10378983
10379031
10379329
10379347
10379411
10379473
10379867
10379909
10379943
10379981
10380027
10380201
10380307
10380381
10380451
10380547
10380701
10380791
10380947
10380989
10381103
10381455
10381835
10381923
10382057
10382085
10382385
10382507
10383071
10383117
10383357
10383421
10383535
10383589
10383765
10383771
10383985
10384017
10384197
10384215
10384337
10384481
10384721
10384871
10385207
10385471
10385731
10385737
10385759
10385829
10386209
10387153
10387317
10388079
10388349
10388811
10388973
10389281
10389467
10389943
10390073
10390339
10390445
10390489
10390559
10390681
10390895
10391061
10391289
10391313
10391343
10391497
10391667
10391731
10392155
10392185
10392259
10392323
10392431
10392717
10392747
10392907
10393301
10393305
10393827
10393963
10394029
10394165
10394309
10394323
10394335
10394357
10394393
10394417
10394517
10394631
10394651
10394729
10394819
10394839
10394911
10394965
10395235
10395293
10395521
10395599
10395605
10395611
10395843
10395907
10395933
10395935
10395963
10396095
10396223
10396313
10396447
10396471
10396481
10396529
10396661
10396867
10397147
10397167
10397355
10397529
10397617
10397655
10397689
10398083
10398127
10398223
10398245
10398451
10398507
10398511
10398675
10398703
10398793
10399007
10399233
10399517
10399543
10399545
10399567
10399585
10399983
10400029
10400221
10400249
10400591
10400761
10400923
10400951
10401089
10401859
10401921
10401927
10402125
10402151
10402191
10402263
10402389
10402513
10402663
10402859
10402945
10403513
10403713
10403715
10403933
10404245
10404305
10404407
10404989
10405309
10405579
10405583
10405825
10406251
10406269
10406297
10406439
10406963
10407101
10407161
10407323
10407459
10407713
10408497
10408575
10408593
10408643
10408763
10408967
10409035
10409185
10409189
10409205
10410125
10410129
10410223
10410535
10410573
10410601
10410655
10410659
10410785
10410935
10410969
10411017
10411169
10411307
10411655
10411775
10411781
10411841
10412103
10412161
10412229
10412663
10412711
10412837
10412895
10413021
10413461
10413611
10413791
10413829
10414023
10414099
10414135
10414149
10414273
10414275
10414287
10414361
10414423
10414553
10414591
10414731
10414823
10415843
10415901
10416189
10416393
10416753
10416901
10417097
10417149
10417217
10417385
10417513
10417573
10417617
10417669
10418113
10418131
10418283
10418341
10418391
10418473
10418589
10418677
10418767
10418843
10418929
10419219
10419509
10419845
10419935
10420069
10420075
10420207
10420235
10420257
10420447
10421169
10421293
10421363
10421591
10421705
10421837
10422141
10422839
10422971
10422997
10423097
10423235
10423265
10423519
10423935
10423939
10424291
10424385
10424693
10425189
10425289
10425323
10425489
10425829
10425917
10426097
10426161
10426519
10426649
10426823
10426869
10427213
10427221
10427383
10427715
10427771
10427869
10427943
10427999
10428013
10428029
10428227
10428375
10428419
10428485
10428851
10428917
10428999
10429027
10429085
10429239
10429715
10429843
10429863
10429955
10430109
10430289
10430411
10430475
10430495
10430565
10430831
10430871
10431213
10431349
10431393
10431413
10431427
10431463
10431577
10431633
10431687
10431695
10431963
10432251
10432385
10432449
10432727
10432733
10433321
10433401
10433627
10433717
10433891
10433983
10434059
10434103
10434183
10434185
10434197
10434481
10434563
10434685
10434743
10435149
10435429
10435431
10435633
10435855
10435877
10436003
10436103
10436285
10436365
10436437
10436667
10437069
10437221
10437259
10437503
10437605
10437759
10438003
10438025
10438029
10438139
10438193
10438227
10438229
10438371
10438737
10438915
10438963
10439069
10439123
10440007
10440033
10440137
10440299
10440373
10440551
10440735
10440751
10440775
10440839
10440987
10441627
10441695
10441769
10442029
10442087
10442229
10442605
10442621
10442847
10442989
10443039
10443145
10443415
10443437
10443549
10443717
10443747
10443971
10444053
10444071
10444189
10444331
10444339
10444501
10444517
10444729
10445141
10445209
10445323
10445325
10445347
10445455
10445627
10445727
10445757
10445805
10446107
10446291
10446551
10446661
10446805
10447111
10447279
10447669
10447883
10447999
10448037
10448047
10448109
10448327
10448477
10448499
10448513
10449211
10449413
10449581
10449963
10450075
10450357
10450441
10450641
10450699
10450789
10451171
10451259
10451293
10451353
10451405
10451579
10451629
10451745
10451891
10451967
10452001
10452139
10452317
10452485
10452657
10452797
10452871
10453001
10453159
10453261
10453275
10453281
10453457
10453647
10453715
10453797
10453803
10453839
10454167
10454253
10454343
10454371
10454387
10454531
10454695
10454825
10454959
10455011
10455025
10455247
10455455
10455459
10455599
10455711
10455743
10455927
10456017
10456099
10456153
10456227
10456263
10456395
10456509
10456691
10456807
10456923
10456957
10457121
10457345
10457429
10457493
10457589
10457605
10457701
10457849
10458049
10458107
10458215
10458257
10458325
10458509
10458671
10458867
10458901
10458959
10459119
10459185
10459335
10459629
10459651
10459821
10460005
10460105
10460149
10460237
10460315
10460323
10460485
10460555
10461235
10461421
10461695
10461871
10462005
10462075
10462141
10462265
10462343
10462567
10462607
10462837
10463225
10463349
10463527
10463623
10463745
10463811
10463857
10463885
10463953
10464033
10464385
10464433
10464457
10464533
10464667
10464679
10464915
10465003
10465047
10465073
10465223
10465509
10465691
10465713
10465813
10466099
10466145
10466391
10466733
10466757
10467545
10467613
10467641
10467687
10467693
10468055
10468867
10469143
10469195
10469367
10469547
10469559
10469723
10469803
10469857
10469925
10469979
10470387
10470689
10470711
10470885
10470969
10471067
10471277
10471391
10471445
10471449
10471573
10471595
10471731
10471775
10471965
10471971
10472021
10472445
10472459
10472565
10472815
10472839
10472989
10473321
10473355
10473459
10473461
10473473
10473489
10473495
10473793
10473821
10473921
10474125
10474187
10474259
10474299
10474723
10474759
10474789
10475271
10475323
10475329
10475333
10475755
10475849
10476033
10476311
10476719
10476849
10477235
10477293
10477333
10477351
10477663
10477973
10478045
10478265
10478431
10478505
10478629
10479037
10479147
10479429
10479747
10479753
10479787
10480021
10480123
10480231
10480255
10480305
10480331
10480353
10480609
10480735
10480839
10480977
10481243
10481387
10481423
10481501
10481681
10482231
10482331
10482553
10482981
10483183
10483273
10483293
10483443
10483457
10483645
10483693
10483825
10484015
10484431
10484633
10484643
10484685
10484697
10485015
10485267
10485511
10485537
10485771
10486235
10486351
10486597
10486627
10486733
10486827
10486893
10487027
10487125
10487203
10487217
10487257
10487347
10487383
10487513
10487567
10488099
10488129
10488389
10488409
10488729
10488949
10488975
10489057
10489073
10489179
10489441
10489545
10489691
10489749
10490031
10490143
10490155
10490257
10490517
10490597
10490631
10491033
10491057
10491463
10491683
10491707
10492011
10492169
10492391
10492569
10492933
10493005
10493163
10493241
10493265
10493365
10493413
10493551
10493815
10493911
10494003
10494255
10494277
10494313
10494333
10494427
10494605
10494753
10494775
10495007
10495315
10495415
10495541
10495705
10495721
10495943
10496063
10496209
10496471
10496535
10496545
10496691
10496699
10496823
10496959
10496999
10497179
10497269
10497325
10497599
10498145
10498707
10498767
10498957
10499047
10499077
10499245
10499293
10499375
10499479
10499751
10500067
10500127
10500147
10500191
10500311
10500599
10500649
10500929
10501293
10501413
10501459
10501655
10501833
10501847
10501919
10502091
10502095
10502227
10502497
10502531
10502729
10502785
10503083
10503259
10503281
10503391
10503615
10503631
10503667
10503719
10504359
10504385
10504665
10504769
10504775
10504823
10504881
10504981
10504983
10505055
10505159
10505339
10505457
10505853
10505863
10506017
10506035
10506091
10506345
10506999
10507089
10507313
10507323
10507443
10507463
10507469
10507613
10507761
10507837
10507879
10508161
10508439
10508521
10508577
10508647
10508757
10508855
10508971
10508991
10509073
10509333
10509469
10509749
10509751
10510197
10510243
10510343
10510619
10510695
10510727
10511101
10511163
10511375
10511479
10511615
10511701
10511855
10511907
10512127
10512213
10512251
10512527
10512613
10512855
10513045
10513087
10513173
10513313
10513755
10513899
10513919
10514049
10514329
10514445
10514829
10515101
10515213
10515343
10515353
10515363
10515609
10515627
10515661
10516119
10516203
10516233
10516419
10516971
10517009
10517145
10517273
10517277
10517315
10517409
10517749
10518087
10518403
10518977
10519149
10519177
10519345
10519349
10519627
10519899
10520231
10520309
10520475
10520591
10520681
10520715
10520967
10520969
10521027
10521225
10521395
10521397
10521585
10521753
10521895
10522115
10522151
10522283
10522655
10523213
10523337
10523725
10523763
10523885
10524031
10524347
10524485
10524549
10524927
10525005
10525103
10525123
10525221
10525467
10525497
10525649
10525755
10526011
10526013
10526017
10526031
10526177
10526423
10526453
10526515
10526523
10526531
10526537
10526649
10526741
10527177
10527229
10527285
10527435
10527615
10527709
10527921
10527923
10527969
10527995
10528257
10528295
10528301
10528573
10528605
10528699
10528775
10528781
10529023
10529171
10529285
10529495
10529695
10529743
10529845
10529925
10529995
10530025
10530035
10530059
10530355
10530369
10531033
10531375
10531399
10531513
10531705
10531709
10531783
10531833
10532075
10532203
10532413
10532637
10532715
10532779
10533231
10533327
10533347
10533387
10533535
10533595
10533691
10533915
10534159
10534215
10534469
10534667
10534759
10534781
10534847
10535565
10535595
10535659
10535695
10535743
10536153
10536353
10537071
10537285
10537413
10537475
10537507
10537573
10537653
10537687
10537867
10537971
10538071
10538191
10538265
10538363
10538383
10538581
10538685
10538837
10539381
10539423
10539555
10539569
10539699
10539711
10539773
10539867
10540257
10540323
10540571
10540615
10540689
10540699
10540741
10540843
10541331
10541401
10541533
10541655
10541709
10541815
10541849
10541909
10542099
10542189
10542475
10542715
10542827
10542963
10543023
10543047
10543055
10543161
10543295
10543385
10543535
10543733
10543927
10543931
10544089
10544151
10544335
10544421
10544425
10544453
10544485
10544521
10544549
10544931
10545003
10545477
10545523
10545543
10545581
10545661
10545713
10545717
10545735
10545795
10545797
10545933
10545999
10546081
10546113
10546117
10546127
10546139
10546291
10546455
10546483
10546629
10546841
10546865
10546895
10547037
10547201
10547205
10547441
10547509
10547529
10547877
10548115
10548371
10548517
10548571
10548881
10549317
10549455
10549511
10549525
10549597
10549613
10549629
10549715
10549845
10549909
10549987
10550137
10550281
10550337
10550581
10550605
10550641
10550847
10551237
10551257
10551649
10551771
10551905
10551981
10551997
10552027
10552151
10552333
10552441
10552509
10552619
10552929
10553085
10553127
10553161
10553181
10553195
10553223
10553323
10553361
10553415
10553599
10553663
10553811
10553875
10553981
10554077
10554093
10554181
10554295
10554545
10554609
10554623
10554789
10554899
10555243
10555283
10555325
10555453
10555605
10555629
10555711
10556033
10556089
10556161
10556213
10556365
10556375
10556431
10556533
10556837
10556987
10556993
10557101
10557471
10557895
10557985
10558113
10558137
10558335
10558453
10558591
10558597
10558697
10558729
10558829
10558875
10559145
10559189
10559833
10559857
10559983
10559991
10560033
10560319
10560413
10560639
10560653
10560913
10561069
10561689
10561835
10561875
10561903
10561913
10562023
10562087
10562103
10562137
10562143
10562173
10562177
10562295
10562349
10562463
10562727
10562755
10562955
10563233
10563335
10563501
10563587
10563615
10564025
10564385
10564387
10564419
10564565
10564593
10565015
10565085
10565233
10565261
10565533
10566141
10566155
10566177
10566253
10566315
10566367
10566759
10566815
10567009
10567251
10567547
10567625
10567689
10567807
10567923
10568113
10568133
10568153
10568241
10568417
10568445
10568637
10568723
10568919
10568921
10569043
10569117
10569247
10569461
10569711
10569821
10569975
10569989
10570075
10570683
10570765
10570779
10571361
10571477
10571715
10571827
10571883
10571905
10571913
10572013
10572079
10572493
10572571
10572803
10572879
10573007
10573079
10573169
10573365
10573661
10573749
10573789
10574007
10574091
10574649
10574759
10574795
10574829
10574949
10574957
10575105
10575195
10575199
10575443
10575521
10575583
10575609
10575789
10576185
10576355
10576475
10576491
10576569
10576623
10576663
10576709
10576937
10577077
10577225
10577265
10577349
10577369
10577403
10577693
10577981
10578555
10578637
10578855
10578867
10579101
10579277
10579329
10579689
10579997
10580005
10580207
10580275
10580381
10580537
10580965
10580971
10581143
10581519
10581571
10581625
10582129
10582325
10582585
10582899
10583019
10583065
10583125
10583291
10583703
10583781
10583801
10584281
10584441
10584597
10584703
10585231
10585523
10585649
10585741
10585873
10586111
10586329
10586393
10586481
10586639
10586775
10586819
10587437
10587441
10587513
10587615
10587739
10587899
10588035
10588087
10588089
10588339
10588631
10588941
10589003
10589041
10589073
10589139
10589169
10589339
10589413
10589471
10589529
10589573
10589637
10589763
10589797
10590099
10590237
10590363
10590453
10590661
10590709
10590789
10591031
10591127
10591137
10591195
10591207
10591209
10591311
10591379
10591445
10591471
10591613
10591891
10591967
10592051
10592099
10592145
10592157
10592271
10592589
10592743
10592831
10592901
10592971
10593155
10593183
10593323
10593615
10593797
10594183
10594199
10594215
10594235
10594249
10594293
10594429
10594515
10594669
10594681
10595083
10595153
10595569
10595649
10595823
10595883
10595885
10596249
10596285
10596447
10596713
10596745
10596841
10596861
10597075
10597165
10597299
10597509
10597759
10598139
10598163
10598361
10598385
10598529
10598743
10599413
10599511
10599541
10599617
10599947
10600027
10600061
10600091
10600133
10600479
10600991
10601141
10601289
10601291
10601337
10601375
10601509
10601617
10601779
10602095
10602285
10602429
10602881
10602977
10603009
10603033
10603529
10603769
10604385
10604817
10604853
10605005
10605135
10605461
10605671
10605815
10605905
10606077
10606091
10606311
10606701
10606817
10606959
10607083
10607121
10607219
10607237
10607347
10607357
10607481
10607507
10607521
10607647
10607739
10607835
10607847
10607873
10607905
10607949
10608007
10608035
10608053
10608133
10608297
10608431
10608767
10609117
10609143
10609513
10610089
10610305
10610557
10610573
10610609
10610699
10611013
10611047
10611081
10611225
10611299
10611475
10611657
10611769
10611903
10611917
10612293
10612765
10612791
10612873
10612941
10613011
10613185
10613319
10613579
10613679
10613711
10613811
10613835
10613911
10614355
10614387
10614457
10614513
10614549
10614859
10614909
10614943
10614977
10615021
10615129
10615325
10615675
10615793
10615835
10615959
10615979
10616131
10616293
10616361
10616431
10616513
10616639
10617013
10617053
10617071
10617123
10617223
10617473
10617725
10617947
10618907
10619105
10619341
10619359
10619521
10619569
10619639
10620131
10620425
10620477
10621219
10621337
10621459
10621671
10621967
10622495
10622983
10623385
10623415
10623509
10623673
10623729
10623853
10623945
10623987
10624141
10624295
10624387
10624489
10624575
10624643
10624651
10624941
10624957
10624969
10625445
10625483
10625585
10625707
10625801
10625973
10626009
10626125
10626353
10626465
10626659
10626779
10626829
10627331
10627479
10628209
10628301
10628433
10628447
10628675
10628687
10628689
10628815
10628961
10628965
10629097
10629237
10629541
10629605
10629665
10629667
10629789
10629857
10629979
10630003
10630747
10630831
10631103
10631323
10631391
10631419
10631667
10631711
10631759
10631807
10632077
10632183
10632257
10632295
10632333
10632551
10632811
10633047
10633137
10633173
10633193
10633251
10633415
10633471
10633747
10634129
10634145
10634303
10634307
10634441
10634655
10634815
10634903
10634995
10635153
10635215
10635249
10635443
10635537
10635611
10635647
10635659
10635807
10635925
10635927
10636019
10636333
10636373
10636463
10636479
10636639
10636909
10637103
10637173
10637213
10637319
10637405
10637889
10637915
10637927
10637971
10638167
10638393
10639001
10639625
10639871
10640491
10641153
10641671
10641703
10641831
10642089
10642207
10642383
10642453
10642611
10642633
10642643
10642813
10643179
10643215
10643319
10643443
10643505
10643621
10643995
10644271
10644395
10644479
10644487
10644655
10644681
10644739
10644985
10645149
10645303
10645335
10645355
10645579
10645639
10645715
10645735
10645849
10645881
10645937
10646021
10646023
10646129
10646171
10646199
10646431
10647213
10647279
10647493
10647573
10647947
10648131
10648289
10648361
10648385
10648481
10648529
10648607
10648753
10649201
10649223
10649391
10649685
10649967
10650061
10650063
10650403
10650449
10650485
10650555
10650563
10650569
10650867
10650901
10651115
10651117
10651161
10651673
10651863
10651875
10651879
10652151
10652183
10652211
10652329
10652497
10652511
10652833
10652911
10653167
10653317
10653389
10654231
10654241
10654517
10654597
10654643
10654721
10654757
10654809
10655069
10655137
10655205
10655235
10655399
10655445
10655557
10655875
10655909
10656221
10656303
10656683
10656731
10657143
10657285
10657435
10657557
10657607
10657627
10657821
10658229
10658295
10658611
10658779
10658811
10658847
10659027
10659077
10659225
10659609
10659667
10660019
10660139
10660297
10660413
10660465
10660541
10660593
10660597
10660745
10660765
10660767
10660811
10660907
10661001
10661017
10661057
10661071
10661205
10661565
10661577
10661585
10661633
10661819
10662165
10662283
10662617
10662783
10662811
10662833
10662961
10663181
10663387
10663437
10663677
10663757
10663843
10664023
10664083
10664241
10664335
10664383
10664417
10664429
10664451
10664501
10664599
10664787
10664877
10665051
10665161
10665165
10665247
10665453
10665455
10665561
10665657
10665775
10666029
10666191
10666987
10667107
10667333
10668209
10668445
10668531
10669015
10669181
10669189
10669275
10669541
10669643
10669661
10669681
10670023
10670055
10670275
10670395
10670403
10670435
10670637
10670711
10670819
10670947
10671085
10671233
10671517
10671533
10671553
10671561
10672353
10672355
10672361
10672449
10672617
10672745
10673593
10673725
10673813
10673931
10674153
10674295
10674465
10674611
10674619
10674625
10674747
10674789
10675711
10675763
10675829
10676095
10676165
10676307
10676431
10676487
10676541
10676717
10676897
10677131
10677845
10677939
10678313
10678713
10679093
10679295
10679321
10679331
10679419
10679453
10679559
10679671
10679685
10679789
10680025
10680285
10680345
10680369
10680749
10681333
10681377
10681591
10681597
10681797
10682025
10682033
10682055
10682139
10682169
10682201
10682307
10682329
10682551
10682559
10682605
10682671
10682729
10682883
10682919
10683341
10683449
10683481
10683599
10683641
10683749
10683851
10683859
10684153
10684339
10684501
10684531
10684561
10684583
10684723
10684785
10685177
10685437
10685869
10685971
10685975
10686227
10686557
10686705
10686865
10687043
10687255
10687351
10687553
10687561
10687765
10687843
10687963
10687977
10688015
10688119
10688247
10688255
10688363
10688511
10688785
10688961
10689037
10689039
10689107
10689195
10689271
10689315
10689323
10689369
10689429
10689633
10689667
10689677
10689761
10689833
10690031
10690075
10690209
10690347
10690415
10690527
10690711
10690849
10690885
10691049
10691063
10691117
10691125
10691209
10691257
10691291
10691423
10691519
10691973
10691983
10692029
10692109
10692259
10692329
10692343
10692409
10692447
10692545
10692591
10692699
10692835
10693109
10693137
10693151
10693249
10693285
10693389
10693401
10693533
10693825
10693859
10693975
10694223
10694291
10694371
10694441
10694589
10694671
10694745
10694861
10694881
10695003
10695051
10695247
10695307
10695599
10695623
10695751
10695785
10695805
10695841
10696005
10696367
10696393
10696487
10696609
10696891
10697049
10697359
10697409
10697411
10697583
10697595
10697715
10697985
10698111
10698119
10698121
10698351
10698687
10698811
10698835
10698855
10698913
10698917
10698997
10699475
10699493
10699901
10699939
10699995
10700247
10700279
10700453
10700493
10700539
10700577
10700707
10700851
10700927
10701055
10701063
10701433
10701513
10701647
10701709
10701787
10701923
10701987
10702095
10702133
10703239
10703391
10703461
10703565
10703667
10703703
10703825
10703965
10704019
10704031
10704037
10704053
10704087
10704301
10704337
10704449
10704609
10705053
10705269
10705521
10705609
10705685
10705713
10705777
10706161
10706231
10706401
10706441
10706557
10706659
10706767
10706809
10706911
10707107
10707175
10707177
10707189
10707255
10707317
10707463
10707667
10707713
10707717
10707747
10707799
10707833
10707839
10707915
10708153
10708643
10708719
10709105
10709121
10709131
10709233
10709327
10709421
10709671
10709759
10709975
10710251
10710257
10710325
10710347
10710349
10710499
10710645
10710733
10710735
10711031
10711039
10711267
10711451
10711561
10711823
10711885
10712127
10712221
10712247
10712299
10712317
10712319
10712379
10712549
10712659
10712787
10712841
10712949
10713027
10713249
10713275
10713323
10713333
10713431
10713439
10713569
10713695
10714045
10714159
10714385
10714557
10714587
10714647
10714731
10714795
10714971
10715319
10715463
10715471
10715731
10715793
10715831
10715997
10716011
10716069
10716139
10716247
10716299
10716343
10716383
10716443
10716711
10716741
10717105
10717159
10717311
10717411
10717447
10717569
10717655
10717787
10718365
10718485
10718569
10718587
10718695
10718703
10718777
10718987
10719099
10719109
10719151
10719241
10719395
10719455
10719531
10719701
10719799
10719813
10720151
10720257
10720325
10720393
10720423
10720453
10720601
10720759
10720985
10720993
10721097
10721347
10721399
10721429
10721585
10721683
10721781
10721847
10722143
10722225
10722263
10722419
10722541
10722547
10722753
10722835
10723003
10723743
10723983
10724129
10724253
10724421
10724643
10724899
10725475
10725669
10725751
10725763
10726011
10726195
10726221
10726605
10726611
10726977
10727037
10727183
10727205
10727251
10727341
10727435
10727565
10727643
10727731
10727793
10727821
10727945
10727961
10727989
10728001
10728205
10728355
10728463
10728479
10728683
10728895
10729029
10729051
10729147
10729153
10729205
10729255
10729943
10729979
10730035
10730143
10730223
10730573
10730649
10730685
10730941
10731245
10731509
10731715
10731883
10732089
10732215
10732385
10732475
10732619
10732725
10732931
10733119
10733175
10733353
10733637
10733989
10734023
10734243
10734331
10734619
10734623
10734845
10734917
10734933
10734989
10735211
10735213
10735297
10735483
10735487
10735489
10735589
10735933
10736151
10736269
10736311
10736413
10736617
10736631
10736637
10736881
10736933
10737187
10737331
10737439
10737499
10737667
10737681
10737793
10737841
10737909
10738241
10738405
10738603
10738747
10738951
10738975
10739081
10739807
10739821
10739873
10740229
10740523
10740767
10740781
10740945
10740999
10741095
10741163
10741517
10741547
10741591
10741599
10741761
10741823
10742195
10742201
10742607
10742749
10742793
10743261
10743385
10743427
10743465
10743487
10743575
10743811
10743829
10743893
10744149
10745309
10745459
10745715
10745827
10745909
10745989
10745997
10746301
10746845
10746985
10747021
10747201
10747383
10747453
10747609
10747829
10747899
10747999
10748151
10748271
10748463
10748625
10749035
10749077
10749087
10749183
10749267
10749277
10749389
10749437
10749463
10749477
10749897
10749957
10750033
10750103
10750151
10750201
10750241
10750279
10750325
10750363
10750425
10750579
10750635
10750823
10751029
10751061
10751167
10751587
10751725
10751939
10752061
10752161
10752199
10752251
10752373
10752475
10752501
10752565
10752829
10752931
10753351
10753439
10753463
10753519
10753543
10753763
10753771
10754027
10754111
10754123
10754175
10754295
10754383
10754577
10754623
10754769
10754785
10754879
10754911
10755127
10755295
10755351
10755367
10755715
10755733
10755741
10755767
10755863
10756191
10756209
10756359
10756561
10756953
10757093
10757129
10757131
10757141
10757187
10757385
10757393
10757531
10757549
10757577
10757597
10757709
10757813
10757921
10758049
10758337
10758727
10758753
10758851
10759073
10759237
10759519
10759693
10759927
10759941
10760021
10760085
10760299
10760409
10760537
10760767
10761151
10761619
10761725
10761951
10762083
10762449
10762489
10762507
10762543
10762643
10762847
10762931
10762979
10762989
10763067
10763083
10763267
10763301
10763555
10763795
10763895
10764239
10764527
10764545
10764569
10764641
10764785
10765117
10765123
10765147
10765185
10765345
10765571
10765609
10765739
10766019
10766439
10766447
10766461
10766483
10766551
10766553
10766567
10766775
10767007
10767065
10767219
10767265
10767291
10767421
10767497
10767547
10768051
10768215
10768437
10768517
10768543
10768857
10768869
10769149
10769223
10769297
10769337
10769345
10769983
10770013
10770059
10770375
10770573
10770641
10770717
10770959
10771163
10771255
10771275
10771509
10771537
10771623
10771639
10771655
10771789
10771941
10772071
10772211
10772481
10772543
10772635
10772695
10772703
10772817
10772849
10773107
10773183
10773263
10773421
10773455
10773555
10773727
10773805
10773901
10773939
10774039
10774197
10774573
10774635
10774701
10774969
10775015
10775027
10775097
10775381
10775703
10776201
10776287
10776295
10776399
10776761
10776779
10776797
10776863
10776877
10776959
10776991
10777187
10777515
10777689
10777935
10778299
10778371
10778391
10778509
10778715
10778899
10779113
10779171
10779381
10779487
10779565
10779745
10779845
10779869
10780009
10780079
10780127
10780139
10780177
10780397
10780529
10780651
10780723
10780839
10781025
10781123
10781145
10781195
10781335
10781359
10781515
10781897
10781957
10782183
10782205
10782231
10782415
10782463
10782621
10782655
10782983
10783361
10783467
10783585
10783665
10783883
10783929
10784037
10784131
10784249
10784427
10785085
10785115
10785117
10785257
10785323
10785561
10786155
10786231
10786293
10786487
10786677
10786733
10787653
10787705
10787833
10787969
10788037
10788041
10788465
10788479
10788603
10788681
10788915
10789033
10789123
10789231
10789273
10789421
10789435
10789879
10790133
10790657
10790855
10791065
10791221
10791235
10791447
10791515
10791573
10791577
10791707
10791741
10791815
10791995
10792065
10792097
10792181
10792303
10792673
10792701
10792703
10793237
10793253
10793339
10793425
10793621
10793691
10793913
10794121
10794125
10794153
10794173
10794267
10794339
10794423
10794769
10794799
10794913
10794959
10794971
10795029
10795405
10795759
10795803
10795877
10795895
10795977
10796189
10796245
10796279
10796551
10796705
10796901
10797097
10797125
10797171
10797241
10797627
10797641
10797781
10797871
10797905
10797909
10798013
10798033
10798117
10798259
10798397
10798857
10798873
10798893
10799115
10799137
10799493
10799517
10799705
10799747
10799831
10799885
10800897
10800939
10800955
10801135
10801341
10801371
10801529
10801549
10801591
10801865
10802017
10802035
10802287
10802301
10802521
10802669
10803013
10803461
10803563
10803769
10803849
10803949
10804131
10804411
10804433
10804477
10804827
10805069
10805361
10805485
10805561
10805703
10805753
10805871
10806335
10806355
10806379
10806497
10806721
10806791
10806995
10807271
10807637
10807751
10807847
10808371
10808443
10808931
10809281
10809469
10809471
10809575
10809705
10809709
10809987
10810061
10810113
10810131
10810315
10810513
10810717
10810763
10810873
10810931
10811201
10811209
10811239
10811417
10811443
10811553
10811569
10811617
10811623
10811701
10811861
10812045
10812327
10812399
10812401
10812681
10812963
10813597
10813709
10813797
10813957
10814055
10814155
10814203
10814503
10814587
10814643
10815119
10815231
10815291
10815403
10815527
10815647
10815725
10815815
10815975
10816025
10816151
10816161
10816191
10816763
10816819
10816861
10816885
10817083
10817087
10817255
10817427
10817757
10818233
10818425
10818529
10818551
10818557
10818815
10818857
10819031
10819271
10819287
10819765
10820019
10820063
10820069
10820149
10820345
10820547
10820831
10820883
10821165
10821251
10821259
10821479
10821607
10821895
10822095
10822161
10822529
10822979
10823027
10823209
10823579
10824075
10824265
10824463
10824607
10824625
10824667
10824779
10824825
10824929
10824931
10825121
10825211
10825561
10825571
10825871
10825919
10825973
10826057
10826473
10826513
10826743
10826749
10826769
10826897
10826955
10827357
10827655
10827691
10827895
10828027
10828125
10828283
10828297
10828551
10828799
10828889
10829109
10829659
10829941
10830043
10830539
10830543
10830577
10830591
10830697
10830921
10831077
10831155
10831245
10831355
10831371
10831435
10831463
10831479
10831793
10831953
10831985
10832127
10832161
10832265
10832377
10832449
10832557
10832637
10832701
10833069
10833241
10833379
10833395
10834185
10834217
10834295
10834445
10834565
10834607
10834999
10835041
10835203
10835213
10835299
10835389
10835453
10835767
10835783
10835943
10835973
10835981
10836017
10836077
10836197
10836255
10836299
10836329
10836353
10836537
10836691
10836885
10836913
10836929
10837155
10837657
10837893
10837897
10837957
10838007
10838103
10838203
10838381
10838721
10838837
10838943
10839083
10839129
10839695
10839985
10840135
10840195
10840359
10840629
10840807
10840825
10841069
10841093
10841179
10841187
10841247
10841363
10841561
10842413
10842429
10842969
10842983
10842987
10843343
10843391
10843491
10843619
10843703
10843889
10844481
10844591
10844693
10844723
10844873
10844913
10844961
10845079
10845201
10845265
10845273
10845307
10845425
10845605
10845707
10845955
10846073
10846273
10846383
10846447
10846621
10846841
10846859
10846927
10846961
10847087
10847093
10847185
10847201
10847293
10847581
10847615
10847753
10847823
10847955
10847991
10848247
10848395
10848401
10848533
10848581
10848711
10849039
10849123
10849145
10849179
10849241
10849473
10849511
10849713
10849933
10849935
10850075
10850105
10850135
10850313
10850351
10850357
10850483
10850503
10850641
10851027
10851675
10851787
10851865
10851907
10851995
10852081
10852191
10852389
10852397
10852439
10852627
10852873
10852907
10853047
10853209
10853313
10853419
10853465
10853505
10853693
10853839
10854965
10854995
10855087
10855215
10855423
10855619
10855677
10855709
10855723
10855937
10856181
10856269
10856301
10856421
10856439
10856729
10856839
10856961
10857013
10857153
10857285
10857469
10857811
10858187
10858263
10858321
10858369
10858375
10858491
10858561
10858567
10858783
10859025
10859035
10859171
10859469
10859945
10859959
10860163
10860173
10860193
10860321
10860381
10860603
10860687
10861025
10861039
10861377
10861395
10861539
10861655
10861677
10861815
10861979
10862133
10862183
10862205
10862523
10862587
10862745
10863149
10863803
10863963
10864127
10864403
10864619
10864717
10864893
10864925
10864985
10865021
10865307
10865343
10865357
10865493
10865499
10865567
10865711
10865855
10866189
10866241
10866277
10866427
10866491
10866657
10866741
10866747
10866937
10867117
10867287
10867401
10867615
10867653
10868535
10868539
10868771
10868837
10868861
10868943
10869065
10869193
10869239
10869247
10869365
10869577
10869585
10869657
10869695
10869763
10869829
10869835
10869915
10870221
10870325
10870549
10870577
10870595
10870761
10871003
10871103
10871125
10871357
10871599
10871623
10871633
10871635
10871865
10871897
10871929
10872077
10872155
10872233
10872509
10872573
10872721
10872885
10872971
10873037
10873153
10873183
10873697
10873775
10873909
10874081
10874213
10874333
10874539
10874561
10874681
10874751
10874827
10874947
10875029
10875119
10875441
10875467
10875471
10875505
10875531
10875591
10875713
10875917
10875929
10875943
10876001
10876093
10876111
10876243
10876337
10876419
10876525
10876983
10877043
10877215
10877217
10877573
10877631
10877861
10878343
10878389
10878525
10878541
10879051
10879121
10879261
10879459
10879471
10879541
10879705
10879909
10879927
10879975
10880207
10880227
10880243
10880361
10880615
10880665
10880737
10880783
10880959
10880981
10881341
10881515
10881679
10881705
10881719
10881829
10882281
10882415
10882433
10882535
10882641
10882705
10882725
10883191
10883867
10883933
10884409
10884425
10884607
10884909
10885361
10885693
10886055
10886237
10886249
10886503
10886623
10886693
10886965
10887003
10887131
10887189
10887495
10887599
10887795
10887843
10887845
10887905
10887927
10887975
10888219
10888229
10888445
10888523
10888755
10888837
10888845
10889725
10889939
10890053
10890169
10890245
10890753
10891013
10891037
10891185
10891247
10891485
10891659
10891697
10891721
10891745
10891759
10892391
10892467
10892863
10893021
10893059
10893193
10893281
10893861
10894685
10894853
10894963
10895255
10895555
10895629
10895639
10895687
10895785
10895819
10895821
10895855
10896091
10896283
10896959
10897109
10897147
10897257
10897269
10897297
10897307
10897529
10897531
10897569
10897985
10898061
10898083
10898425
10898547
10898573
10898853
10898987
10899079
10899087
10899281
10899379
10899459
10899483
10899921
10900021
10900231
10900737
10900833
10901277
10901357
10901559
10901563
10901647
10901933
10902249
10902369
10902479
10902519
10902843
10902847
10903477
10903615
10903709
10903855
10903921
10904225
10904293
10904315
10904321
10904337
10904351
10904441
10904601
10904631
10904663
10904707
10904725
10904993
10905083
10905093
10905601
10905953
10906641
10906713
10906831
10906959
10906973
10907053
10907055
10907439
10907585
10907787
10907909
10908065
10908313
10909003
10909355
10909457
10909473
10909491
10909757
10909769
10909797
10909827
10909847
10909889
10909899
10910027
10910093
10910149
10910211
10910527
10910617
10910681
10911057
10911121
10911239
10911843
10911853
10912173
10912289
10912349
10912411
10912765
10913171
10913399
10913455
10913505
10913531
10913579
10914351
10914389
10914479
10914491
10914711
10914967
10915113
10915267
10915403
10915447
10915849
10915905
10915945
10916027
10916111
10916123
10916165
10916173
10916569
10916603
10916631
10917005
10917047
10917089
10917097
10917261
10917289
10917409
10917449
10917551
10917811
10918029
10918157
10918217
10918661
10918705
10918729
10918895
10918911
10918987
10918999
10919109
10919145
10919379
10919417
10919431
10919441
10919781
10920123
10920305
10920629
10920645
10920651
10920721
10920731
10921047
10921095
10921409
10921833
10922061
10922191
10922237
10922371
10922387
10922439
10922757
10922787
10922793
10922877
10922959
10923075
10923311
10923963
10924189
10924271
10924393
10924523
10924603
10924639
10924759
10925071
10925161
10925267
10925347
10925709
10925735
10926199
10926271
10926371
10926487
10926821
10926905
10927209
10927311
10927551
10927599
10927803
10927997
10928051
10928245
10928309
10928369
10928567
10928637
10929073
10929139
10929401
10929523
10929569
10929639
10929647
10929727
10930171
10930287
10930355
10930647
10930807
10931055
10931059
10931295
10931337
10931367
10931783
10931891
10931927
10931973
10932135
10932147
10932191
10932537
10932609
10932631
10932787
10932925
10932933
10932979
10932989
10933675
10933693
10933933
10934165
10934197
10934373
10934453
10934583
10934589
10934609
10934657
10934989
10935169
10935289
10935559
10935671
10935707
10935785
10935991
10936091
10936137
10936313
10936653
10936967
10937189
10937251
10937287
10937881
10938051
10938161
10938337
10938425
10938475
10938483
10938493
10938531
10938613
10938847
10939371
10939643
10939679
10939787
10940121
10940169
10940245
10940361
10940407
10940493
10940811
10940885
10940967
10941405
10941615
10941633
10941677
10941945
10941961
10942081
10942083
10942133
10942141
10942301
10942713
10942717
10942859
10942905
10943005
10943081
10943283
10943797
10943975
10944029
10944127
10944241
10944255
10944307
10944407
10944581
10944695
10944701
10944707
10944759
10944883
10944907
10944961
10945011
10945047
10945339
10945573
10945617
10945687
10945777
10945781
10945867
10946219
10946403
10946425
10947097
10947179
10947233
10947293
10947365
10947523
10947583
10947657
10947889
10948041
10948215
10948349
10948699
10948735
10948745
10948747
10948797
10948963
10949035
10949067
10949163
10949165
10949715
10949783
10949919
10950149
10950187
10950305
10950387
10950417
10950545
10950593
10950639
10950741
10950801
10951431
10951441
10951781
10951953
10952047
10952093
10952153
10952185
10952321
10952357
10952359
10952361
10952683
10952685
10952701
10952795
10952819
10953131
10953345
10953395
10953579
10953683
10954355
10954513
10954559
10954617
10954627
10954655
10954875
10955113
10955425
10955499
10955647
10956203
10956315
10956549
10956591
10956913
10956979
10957099
10957201
10957233
10957307
10957495
10957861
10958111
10958197
10958581
10958593
10959023
10959071
10959541
10959923
10959933
10960227
10960397
10960429
10960447
10960649
10960707
10960791
10960873
10960883
10961021
10961115
10961159
10961223
10961431
10961479
10961757
10961831
10962045
10962077
10962219
10962391
10962657
10962777
10962793
10963107
10963355
10963463
10963465
10963639
10963641
10963749
10963889
10964227
10964265
10964443
10964587
10965043
10965093
10965103
10965119
10965381
10965505
10965583
10965831
10966165
10966267
10966311
10966319
10966583
10966639
10967055
10967199
10967283
10967421
10967449
10967619
10967647
10967691
10967735
10967825
10967993
10968003
10968125
10968333
10968353
10968413
10968497
10968519
10968741
10968757
10968941
10969069
10969191
10969457
10969477
10969611
10969749
10969909
10969989
10970045
10970105
10970127
10970157
10970249
10970617
10970757
10970907
10970967
10971077
10971141
10971211
10971277
10971293
10971381
10971511
10972003
10972027
10972217
10972511
10972599
10972615
10972679
10973009
10973339
10973487
10973547
10973595
10973873
10974047
10974299
10974423
10974555
10975131
10975711
10975749
10975867
10975911
10976053
10976077
10976107
10976111
10976145
10976249
10976633
10976737
10976913
10976983
10977339
10977391
10977481
10977557
10977695
10978011
10978671
10979191
10979315
10979601
10979613
10980193
10980337
10980619
10980657
10980863
10981097
10981139
10981269
10982005
10982169
10982189
10982329
10982585
10982699
10982763
10982835
10983169
10983293
10983309
10983423
10984197
10984251
10984523
10984537
10984579
10984739
10985133
10985143
10985367
10985411
10985543
10985807
10985969
10986129
10986339
10986373
10986467
10986487
10986623
10986625
10987123
10987285
10987341
10987423
10987517
10987549
10987631
10987657
10987707
10987979
10988055
10988663
10988669
10988691
10988705
10988877
10988891
10989261
10989313
10989377
10989405
10989501
10989549
10989693
10989833
10989949
10990039
10990209
10990643
10990821
10990967
10991403
10991713
10991865
10991895
10991905
10991923
10992345
10992423
10992441
10992847
10993195
10993343
10993419
10993575
10993761
10993807
10993831
10993859
10993975
10994237
10994289
10994377
10994401
10994441
10994493
10994501
10994757
10994823
10994831
10994883
10995015
10995115
10995141
10995219
10995363
10995439
10996129
10996477
10996497
10996529
10996757
10996809
10997387
10997811
10998249
10998371
10998375
10999213
10999223
10999271
10999481
10999525
10999665
10999693
10999923
10999987
