# proven primes: b with (b^32+1)/2 prime (aprcl), block [1000000,2000000)
1000041
1000069
1000249
1000329
1000345
1000491
1000511
1000877
1000899
1001005
1001393
1001467
1001745
1001857
1001893
1001927
1002279
1002303
1002427
1002587
1002625
1003113
1003277
1003359
1003367
1003617
1003711
1003737
1003791
1003805
1004403
1004475
1004631
1004995
1005009
1005013
1005091
1005175
1005323
1005341
1005427
1005489
1005503
1005623
1006061
1006219
1006271
1006349
1006451
1006459
1006547
1006575
1006725
1006783
1007005
1007157
1007221
1007241
1007307
1007357
1007533
1007561
1007569
1007599
1007723
1008169
1008183
1008195
1008227
1008283
1008745
1008785
1008839
1008875
1008931
1009305
1009317
1009465
1009487
1009669
1009701
1009819
1009939
1010017
1010089
1010317
1010435
1010545
1010731
1010841
1010949
1011055
1011135
1011189
1011257
1011381
1011789
1011965
1012281
1012429
1012809
1012833
1013291
1013319
1013323
1013447
1013479
1013691
1013695
1013775
1013791
1013925
1014169
1014511
1014577
1014905
1014909
1014959
1014991
1015227
1015237
1015593
1015635
1015715
1015727
1015735
1015811
1015911
1015931
1015959
1016033
1016199
1016307
1016357
1016447
1016623
1016987
1017061
1017239
1017249
1017423
1017593
1017725
1017857
1017891
1017945
1018125
1018649
1018695
1018767
1018927
1019109
1019147
1019155
1019341
1019353
1019767
1019785
1019879
1019927
1019951
1020071
1020155
1020405
1020633
1020649
1020751
1021007
1021013
1021071
1021077
1021099
1021123
1021419
1021633
1021959
1021983
1022081
1022577
1022659
1022679
1022869
1022905
1022915
1023039
1023105
1023227
1023271
1023309
1023407
1023463
1023507
1023611
1023631
1023673
1023737
1023825
1023979
1023989
1024081
1024369
1024371
1024537
1024565
1024635
1024661
1024673
1024973
1025185
1025209
1025259
1025281
1025447
1025555
1025639
1026163
1026195
1026203
1026611
1026649
1026677
1026713
1026739
1026787
1026825
1026829
1027081
1027149
1027729
1027991
1027993
1028015
1028103
1028181
1028229
1028439
1028465
1028481
1028849
1028851
1029027
1029365
1029407
1029437
1029467
1029487
1029527
1029657
1029735
1029769
1029805
1029917
1030063
1030231
1030289
1030493
1030575
1030775
1031257
1031279
1031705
1031741
1031755
1031777
1031825
1031907
1031979
1031997
1032255
1032405
1032419
1032551
1032599
1032681
1032725
1032827
1032943
1032989
1033139
1033405
1033547
1033557
1033617
1034011
1034265
1034411
1034529
1034683
1034939
1035037
1035171
1035389
1035451
1035571
1035617
1035669
1035787
1035839
1035971
1036185
1036231
1036249
1036405
1036673
1036891
1036937
1036945
1036967
1037021
1037109
1037137
1037175
1037277
1037357
1037425
1037431
1037511
1037675
1037795
1037863
1038135
1038137
1038357
1038735
1038839
1038879
1038909
1039039
1039337
1039413
1039417
1039591
1039747
1039985
1040113
1040455
1040801
1040805
1041163
1041333
1041377
1041523
1041587
1041701
1041877
1042049
1042123
1042149
1042173
1042221
1042259
1042393
1042555
1042731
1042863
1042881
1043173
1043365
1043425
1043459
1043549
1043825
1043919
1043921
1043955
1044073
1044135
1044371
1044761
1044767
1044871
1044925
1044943
1044993
1045139
1045203
1045227
1045279
1045455
1045515
1045725
1045889
1045907
1045929
1046077
1046199
1046331
1046355
1046391
1046463
1046499
1046651
1046767
1046839
1047117
1047435
1047539
1047585
1047769
1047861
1047889
1047963
1048021
1048309
1048329
1048403
1048419
1048441
1048491
1048565
1048707
1048715
1048789
1048875
1048965
1049107
1049303
1049405
1049459
1049845
1049897
1050161
1050193
1050195
1050239
1050249
1050251
1050385
1050765
1050971
1051125
1051155
1051219
1051407
1051505
1051515
1051525
1051607
1051905
1051953
1052199
1052389
1052779
1052817
1052863
1052959
1052971
1053203
1053239
1053327
1053631
1053999
1054029
1054145
1054431
1054735
1054769
1055109
1055351
1055425
1055557
1055615
1055669
1055783
1055789
1055895
1056043
1056137
1056155
1056379
1056641
1056657
1056687
1056725
1056849
1057009
1057021
1057031
1057109
1057115
1057189
1057331
1057549
1057613
1057703
1057723
1058083
1058193
1058201
1058249
1058261
1058471
1058509
1058667
1058677
1058691
1058843
1059129
1059187
1059775
1060029
1060119
1060143
1060203
1060565
1060585
1060687
1061243
1061325
1061331
1061427
1061435
1061563
1061627
1061931
1062049
1062075
1062081
1062245
1062271
1062317
1062487
1062599
1062721
1062799
1062837
1063081
1063147
1063185
1063235
1063307
1063445
1063467
1063503
1063511
1063665
1063773
1063835
1064019
1064033
1064041
1064147
1064161
1064257
1064293
1064451
1064665
1064979
1065033
1065057
1065115
1065257
1065409
1065489
1065623
1065819
1066039
1066067
1066169
1066191
1066275
1066295
1066329
1067081
1067093
1067109
1067253
1067339
1067471
1067561
1067597
1067657
1067797
1067871
1067903
1068125
1068407
1068425
1068561
1068681
1068721
1068859
1068861
1068937
1069081
1069367
1069549
1069581
1069653
1069793
1069811
1069895
1070023
1070211
1070525
1070529
1070691
1070929
1071083
1071457
1071463
1071515
1071717
1071727
1071891
1071959
1072005
1072061
1072075
1072105
1072257
1072323
1072557
1072717
1072747
1072797
1072815
1073145
1073225
1073323
1073365
1073425
1073441
1073489
1073697
1073845
1073895
1073963
1074117
1074135
1074581
1074803
1074953
1075027
1075225
1075235
1075245
1075547
1075561
1075587
1075759
1075975
1076425
1076461
1076555
1076579
1076703
1076725
1076935
1077083
1077121
1077159
1077295
1077323
1077399
1077565
1077585
1077687
1077863
1078057
1078121
1078135
1078229
1078469
1078525
1078587
1078643
1078663
1078911
1079013
1079183
1079353
1079497
1079579
1079785
1080113
1080175
1080225
1080231
1080415
1080565
1080583
1080653
1080863
1080921
1080951
1081057
1081159
1081251
1081353
1081363
1081371
1081547
1081717
1081731
1081791
1081813
1081857
1081901
1082027
1082151
1082153
1082217
1082421
1082425
1082661
1082703
1082723
1082889
1082907
1083443
1083453
1083459
1083517
1083519
1083543
1083709
1084069
1084273
1084479
1084633
1084665
1084761
1084835
1084985
1085097
1085377
1085563
1085601
1085677
1085711
1085763
1085823
1085911
1086153
1086181
1086283
1086435
1086441
1086597
1086835
1086863
1086893
1086901
1087491
1087639
1087803
1087957
1087959
1088053
1088091
1088135
1088379
1088397
1088539
1088573
1088581
1088691
1088735
1088737
1088991
1089083
1089169
1089255
1089495
1089509
1089537
1089663
1089805
1089987
1090223
1090509
1090553
1090665
1090811
1091015
1091137
1091171
1091323
1091375
1091481
1091553
1091763
1092665
1092675
1093049
1093061
1093237
1093371
1093613
1093809
1093939
1094061
1094149
1094165
1094181
1094209
1094371
1094481
1094505
1094515
1094695
1094717
1094727
1094781
1094883
1095013
1095167
1095175
1095487
1095541
1095623
1095651
1095667
1095727
1095879
1095947
1096001
1096075
1096137
1096237
1096571
1096583
1096705
1096761
1096807
1096843
1096871
1097021
1097181
1097241
1097399
1097549
1097657
1097707
1097839
1098391
1098413
1098537
1098601
1098649
1098715
1098819
1098847
1098911
1099175
1099181
1099485
1099525
1099567
1099779
1099875
1099889
1099989
1100227
1100295
1100301
1100403
1100443
1100471
1100501
1100675
1100875
1101029
1101301
1101441
1101469
1101645
1101669
1101791
1101891
1101937
1101951
1101971
1101983
1102447
1102527
1102609
1102861
1102973
1103017
1103065
1103107
1103133
1103151
1103299
1103303
1103355
1103601
1103811
1103881
1103967
1104069
1104511
1104595
1104687
1104971
1104987
1105049
1105055
1105437
1105739
1105753
1105883
1106095
1106387
1106493
1106635
1106747
1106851
1106889
1106953
1106993
1107127
1107257
1107425
1107795
1107813
1107897
1107941
1107959
1107979
1108079
1108153
1108259
1108357
1108519
1108541
1108583
1108601
1108651
1108669
1108739
1109179
1109283
1109543
1109553
1109647
1109709
1109747
1109853
1109901
1110077
1110187
1110305
1110381
1110619
1110717
1110721
1110729
1110737
1110805
1110823
1110883
1111309
1111375
1111403
1111431
1111541
1111599
1111611
1111843
1111925
1111945
1112203
1112275
1112293
1112309
1112403
1112503
1112785
1113087
1113439
1113565
1113611
1113875
1113931
1114023
1114195
1114367
1114467
1114591
1114657
1114693
1114935
1114955
1115057
1115179
1115621
1115655
1115747
1115757
1116037
1116091
1116103
1116451
1116499
1116561
1117129
1117229
1117285
1117367
1117609
1117819
1117977
1118027
1118059
1118111
1118221
1118389
1118469
1119009
1119083
1119303
1119495
1119921
1120013
1120165
1120269
1120321
1120349
1120413
1120435
1120671
1120697
1120889
1120895
1121065
1121133
1121163
1121263
1121267
1121373
1121443
1121551
1121691
1121947
1122253
1122305
1122391
1122479
1122783
1122791
1122823
1122831
1122847
1122953
1123333
1123479
1123495
1123631
1123857
1124345
1124657
1124681
1124729
1125171
1125175
1125377
1125385
1125629
1125735
1126007
1126035
1126131
1126147
1126405
1126703
1126915
1126983
1127309
1127459
1127543
1127659
1127721
1127845
1128099
1128101
1128393
1128885
1128905
1129323
1129501
1129771
1129801
1129981
1130061
1130127
1130171
1130531
1130753
1131093
1131161
1131439
1131541
1131637
1131649
1131657
1131879
1131941
1131961
1132045
1132065
1132085
1132095
1132445
1132661
1132741
1132837
1133169
1133745
1133821
1133839
1133865
1133991
1134011
1134061
1134091
1134115
1134313
1134403
1134461
1134477
1134527
1134557
1134787
1134975
1135085
1135171
1135267
1135511
1135515
1135725
1135885
1135889
1135895
1135913
1136023
1136129
1136217
1136277
1136339
1136399
1136467
1136591
1136743
1136867
1136987
1137013
1137021
1137093
1137095
1137105
1137125
1137171
1137183
1137235
1137307
1137327
1137625
1137649
1137751
1138261
1138309
1138405
1138451
1138707
1138883
1139069
1139217
1139629
1139747
1140137
1140571
1141077
1141211
1141259
1141533
1141719
1141883
1142019
1142743
1142861
1143009
1143077
1143139
1143337
1143395
1143427
1143565
1143671
1143779
1143915
1144077
1144095
1144145
1144305
1144405
1144439
1144515
1144737
1144939
1145015
1145185
1145647
1145937
1146365
1146497
1146535
1146557
1146607
1146627
1146789
1146865
1146963
1146983
1146999
1147071
1147223
1147245
1147307
1147391
1147475
1147713
1147779
1147801
1147913
1147941
1147963
1147991
1148005
1148067
1148113
1148369
1148525
1148545
1148585
1148607
1148691
1148945
1148983
1149053
1149055
1149259
1149273
1149289
1149401
1149423
1149439
1149457
1149647
1149677
1149709
1149863
1150073
1150283
1150437
1150483
1150557
1150853
1151127
1151211
1151459
1151585
1151631
1151809
1151905
1151977
1152259
1152267
1152325
1152427
1152693
1152753
1152777
1152907
1152965
1153041
1153257
1153275
1153367
1153375
1153673
1153867
1154029
1154033
1154475
1154543
1154623
1154943
1154975
1155023
1155321
1155379
1155383
1155433
1155679
1155705
1155825
1155835
1155893
1156125
1156787
1156793
1156921
1157237
1157311
1157571
1157951
1158571
1158583
1158717
1158863
1159015
1159205
1159219
1159273
1159329
1159525
1159793
1159871
1160039
1160219
1160467
1160653
1160815
1160869
1160921
1161083
1161183
1161359
1161399
1161493
1161597
1161613
1161705
1161909
1162105
1162393
1162539
1162579
1162585
1162677
1162683
1162867
1162905
1163021
1163409
1163497
1163549
1163681
1163711
1163783
1164083
1164095
1164183
1164621
1164739
1164827
1165049
1165059
1165061
1165075
1165169
1165599
1165605
1166043
1166151
1166313
1166323
1166365
1166737
1166881
1166973
1167001
1167119
1167151
1167161
1167169
1167179
1167319
1167447
1167589
1167645
1167807
1167817
1167963
1168189
1168449
1168475
1168479
1168647
1168685
1168687
1168693
1168697
1168823
1169017
1169087
1169129
1169305
1169495
1169617
1169683
1169737
1170021
1170161
1170331
1170533
1170563
1170569
1170571
1170737
1170813
1171173
1171181
1171261
1171727
1171821
1172039
1172065
1172537
1173137
1173197
1173803
1173891
1174031
1174191
1174269
1174581
1174599
1174667
1174719
1174833
1174901
1175005
1175061
1175143
1175311
1175325
1175461
1175659
1175751
1176029
1176369
1176491
1176507
1176753
1176807
1176867
1176951
1177045
1177055
1177293
1177347
1177379
1177733
1177763
1177851
1177927
1177987
1178145
1178243
1178263
1178291
1178489
1178543
1179083
1179177
1179473
1179825
1179837
1180003
1180039
1180045
1180081
1180123
1180163
1180237
1180567
1180637
1180651
1180737
1180795
1180829
1180867
1180929
1180957
1181011
1181021
1181053
1181097
1181263
1181461
1181661
1181735
1181789
1181857
1181993
1182287
1182341
1182557
1182561
1182735
1182987
1183191
1183383
1183413
1183461
1183523
1183683
1183717
1184019
1184031
1184301
1184321
1184327
1184405
1185257
1185291
1185443
1185607
1185841
1186031
1186405
1186617
1186629
1186701
1186719
1186773
1186841
1186933
1186957
1187081
1187109
1187111
1187159
1187167
1187177
1187277
1187525
1187745
1187813
1187837
1188103
1188107
1188113
1188131
1188239
1188313
1188373
1188387
1189157
1189283
1189465
1189471
1189595
1189629
1189649
1189907
1190091
1190183
1190233
1190707
1190933
1191043
1191047
1191187
1191211
1191401
1191521
1191691
1192017
1192059
1192125
1192137
1192373
1192467
1192539
1192573
1192687
1192965
1193167
1193317
1193349
1193585
1193665
1193697
1193759
1193785
1194201
1194287
1194305
1194309
1194339
1194357
1194393
1194475
1194523
1194535
1194567
1194743
1194959
1195101
1195357
1195479
1195669
1195715
1195877
1196091
1196105
1196193
1196223
1196229
1196245
1196259
1196271
1196309
1196365
1196461
1196535
1196815
1196949
1197331
1197365
1197379
1197447
1197485
1197571
1197839
1197911
1197929
1198363
1198717
1198839
1198847
1199001
1199187
1199223
1199447
1199469
1199831
1200241
1200407
1200459
1200789
1200831
1200905
1200927
1201067
1201377
1201483
1201515
1201571
1201581
1201783
1201881
1201999
1202113
1202193
1202197
1202329
1202589
1202719
1202953
1203517
1203825
1203995
1204183
1204209
1204213
1204265
1204379
1204481
1204555
1204633
1204809
1204867
1204881
1205129
1205133
1205147
1205193
1205283
1205473
1205557
1205645
1205665
1206097
1206183
1206373
1206413
1206641
1206643
1206687
1207117
1207137
1207493
1207577
1207585
1207837
1207993
1208037
1208117
1208247
1208491
1208539
1208681
1208697
1208775
1209083
1209175
1209329
1209473
1209747
1209919
1210009
1210627
1210631
1210833
1210923
1210925
1211105
1211133
1211139
1211341
1211573
1211585
1211587
1211637
1211881
1212043
1212065
1212137
1212237
1212325
1212433
1212441
1212555
1212997
1213117
1213175
1213375
1213557
1213559
1213793
1213799
1213823
1213879
1214021
1214115
1214205
1214243
1214309
1214539
1214583
1214717
1214921
1214965
1215159
1215263
1215291
1215329
1215337
1215403
1215417
1215469
1215509
1215629
1215785
1216039
1216099
1216157
1216171
1216207
1216381
1216455
1216835
1216877
1217015
1217077
1217149
1217173
1217203
1217211
1217217
1217235
1217581
1217601
1217653
1217691
1217937
1218101
1218643
1218979
1218981
1219129
1219179
1219229
1219247
1219365
1219497
1219541
1219703
1219931
1220255
1220281
1220531
1220681
1220707
1220815
1220891
1221003
1221335
1221349
1221445
1221525
1221553
1221665
1221833
1222033
1222243
1222511
1222653
1222831
1222863
1223191
1223257
1223281
1223299
1223377
1223419
1223421
1223747
1223795
1223947
1224015
1224055
1224085
1224099
1224149
1224341
1224521
1224527
1224557
1224687
1224753
1224761
1224925
1225017
1225023
1225095
1225227
1225513
1225527
1225661
1225697
1225877
1225993
1225995
1226057
1226173
1226507
1226551
1226581
1226789
1226903
1227161
1227373
1227433
1227541
1227809
1227839
1227943
1228047
1228211
1228407
1228439
1228445
1228451
1228547
1228553
1228561
1228593
1228633
1228753
1229001
1229015
1229043
1229079
1229125
1229491
1229521
1229575
1229593
1229645
1229651
1230183
1230209
1230291
1230439
1230545
1230563
1230737
1230759
1230791
1230831
1230899
1231067
1231165
1231535
1231623
1231677
1231953
1232071
1232163
1232327
1232371
1232439
1232669
1232715
1232749
1232881
1233041
1233313
1233335
1233429
1233515
1233579
1233857
1233969
1234059
1234069
1234287
1234423
1234481
1234557
1234857
1235159
1235173
1235403
1235437
1235525
1235563
1235783
1235893
1236161
1236177
1236247
1236363
1236493
1236579
1236597
1236635
1236747
1236865
1237023
1237133
1237319
1237369
1237731
1237795
1237905
1238009
1238357
1238415
1238737
1238891
1238983
1239129
1239647
1239759
1239911
1239989
1240021
1240039
1240311
1240379
1240397
1240525
1240577
1240641
1240837
1240849
1241211
1241265
1241379
1241525
1241703
1241805
1242041
1242051
1242085
1242107
1242309
1242519
1242589
1242905
1243113
1243195
1243211
1243259
1243417
1243547
1243607
1243771
1243783
1243847
1243887
1244085
1244123
1244243
1244617
1244925
1244995
1245037
1245159
1245219
1245293
1245295
1245401
1245415
1245451
1245469
1245473
1245499
1245691
1245811
1245955
1246057
1246137
1246217
1246529
1246697
1246733
1246805
1246827
1246989
1247147
1247223
1247239
1247399
1247509
1247593
1247749
1248097
1248139
1248245
1248263
1248369
1248469
1248951
1248975
1248999
1249111
1249239
1249343
1249433
1249487
1249489
1249555
1249697
1249705
1250173
1250185
1250203
1250229
1250313
1250417
1250661
1250707
1250915
1250979
1251075
1251219
1251419
1251427
1251439
1251749
1252071
1252105
1252123
1252131
1252381
1252477
1252817
1252825
1253159
1253221
1253423
1253519
1253627
1253773
1253839
1254011
1254057
1254095
1254167
1254267
1254615
1254693
1254783
1254825
1254879
1255263
1255363
1255557
1255719
1256067
1256285
1256611
1256891
1256909
1257087
1257145
1257217
1257329
1257341
1257393
1257497
1257595
1257679
1257817
1257919
1258039
1258419
1258559
1259085
1259343
1259475
1259667
1259699
1259781
1259903
1259961
1260007
1260111
1260119
1260149
1260473
1261171
1261403
1261433
1261471
1261679
1261685
1261757
1261909
1261927
1261983
1261985
1262505
1262607
1263093
1263197
1263213
1263233
1263399
1263655
1263857
1263865
1263967
1264009
1264133
1264171
1264399
1264585
1264637
1264693
1264707
1264755
1264827
1264983
1264995
1265025
1265113
1265227
1265263
1265365
1265447
1265469
1265501
1265527
1265645
1265875
1266029
1266059
1266203
1266425
1266493
1266573
1266651
1266667
1266691
1266761
1266801
1266907
1267317
1267351
1267471
1267681
1267787
1268151
1268261
1268321
1268417
1268419
1268527
1268549
1268639
1268689
1268839
1269019
1269067
1269085
1269261
1269263
1269445
1269639
1269655
1269731
1269759
1269967
1270079
1270115
1270173
1270219
1270223
1270479
1270525
1270567
1270571
1270791
1270889
1271281
1271457
1271543
1271721
1271727
1271949
1271991
1272061
1272095
1272189
1272253
1272359
1272427
1272567
1272577
1272859
1273027
1273071
1273125
1273231
1273357
1273417
1273461
1273515
1273571
1273607
1273685
1273891
1273929
1274105
1274413
1274587
1274797
1274915
1275217
1275271
1275319
1275335
1275491
1275493
1275541
1275609
1276007
1276135
1276381
1276575
1276637
1276827
1276897
1277037
1277113
1277145
1277147
1277465
1277531
1277565
1277705
1277939
1278289
1278347
1278433
1278589
1278723
1278873
1278947
1278971
1278973
1279343
1279605
1279735
1279981
1280087
1280415
1280445
1280521
1280531
1280551
1280657
1280665
1280745
1280805
1280825
1281077
1281183
1281209
1281303
1281697
1281717
1281831
1281889
1281931
1281963
1282069
1282091
1282227
1282329
1282451
1282577
1282771
1282785
1282837
1282881
1283065
1283405
1283619
1283837
1283841
1284073
1284383
1284473
1284731
1284807
1284873
1284917
1285097
1285311
1285315
1285371
1285375
1285493
1285879
1285893
1286259
1286261
1286343
1286483
1286581
1286735
1286801
1286809
1287071
1287099
1287303
1287305
1287375
1287481
1287627
1288339
1288545
1288597
1288675
1288769
1288823
1288913
1288997
1289127
1289331
1289467
1289473
1289505
1289561
1289573
1289829
1289855
1289961
1289993
1290199
1290247
1290343
1290349
1290447
1290577
1290589
1290711
1290881
1290923
1291001
1291231
1291421
1291427
1291433
1291703
1291885
1291963
1292221
1292235
1292337
1292411
1292485
1292555
1292559
1292665
1292763
1292795
1292961
1293487
1293729
1293807
1293823
1293935
1293965
1294031
1294073
1294077
1294079
1294457
1294493
1294593
1294607
1294723
1294725
1295051
1295055
1295057
1295561
1295939
1296111
1296369
1296507
1296579
1296681
1296697
1296703
1296739
1296805
1296813
1297189
1297443
1297541
1297557
1297665
1297883
1298119
1298255
1298335
1298759
1298779
1299453
1299483
1299505
1299547
1299553
1299569
1299589
1299657
1299713
1299809
1299851
1300003
1300265
1300429
1300495
1300665
1300735
1300743
1300841
1300975
1301097
1301175
1301291
1301301
1301303
1301407
1301457
1301715
1301803
1302125
1302291
1302313
1302391
1302443
1302627
1302759
1302851
1302925
1303061
1303119
1303205
1303475
1303725
1303749
1303781
1303899
1303903
1303929
1304015
1304203
1304251
1304273
1304275
1304349
1304387
1304503
1304525
1304589
1304695
1305117
1305167
1305189
1305203
1305285
1305289
1305309
1305321
1305629
1305727
1305843
1305947
1305995
1306143
1306355
1306391
1306409
1306415
1306529
1306819
1306833
1306853
1307041
1307317
1307363
1307513
1307753
1307791
1307907
1307947
1308229
1308385
1308419
1308583
1308693
1308735
1308823
1308825
1309197
1309209
1309367
1309397
1309721
1309775
1310269
1310427
1310673
1310681
1310707
1310741
1310777
1310797
1310919
1311161
1311499
1311543
1311545
1311831
1311853
1311855
1312229
1312263
1312431
1312457
1312635
1312659
1312997
1313041
1313223
1313347
1313355
1313399
1313431
1313881
1314023
1314397
1314535
1314757
1314869
1315009
1315111
1315171
1315267
1315373
1315519
1315545
1315553
1315563
1315601
1315705
1315765
1315969
1316041
1316235
1316325
1316581
1316719
1316931
1317113
1317277
1317519
1317545
1317729
1317783
1317825
1317959
1318195
1318221
1318233
1318721
1319065
1319073
1319099
1319195
1319271
1319279
1319477
1319493
1319585
1319599
1319707
1319837
1319911
1320007
1320261
1320307
1320311
1320337
1320433
1320657
1321039
1321197
1321741
1321755
1321999
1322051
1322185
1322201
1322587
1322597
1322651
1322731
1323087
1323099
1323245
1323459
1323493
1323563
1323637
1323703
1323759
1323765
1323933
1323981
1324023
1324035
1324423
1324655
1324703
1324799
1324883
1324911
1325095
1325119
1325285
1325309
1325433
1325461
1325621
1325835
1325837
1325855
1325977
1326233
1326239
1326303
1326473
1326551
1326579
1326683
1326955
1327967
1328025
1328035
1328055
1328289
1328447
1328883
1329043
1329049
1329213
1329539
1329821
1329971
1329999
1330175
1330207
1330211
1330315
1330331
1330451
1330497
1330551
1330573
1330729
1330745
1330807
1330877
1330879
1330905
1330987
1331361
1331367
1331395
1331409
1331535
1331589
1331769
1331831
1331877
1332167
1332317
1332491
1332531
1333047
1333167
1333687
1333711
1333893
1334013
1334447
1334565
1334675
1334977
1335099
1335539
1335639
1335653
1335695
1335707
1335731
1335801
1335955
1336335
1336341
1336373
1336393
1336541
1336591
1336737
1337287
1337421
1337483
1337485
1338343
1338355
1338363
1338503
1338511
1338675
1338695
1338775
1338913
1338961
1339101
1339359
1339415
1339487
1339775
1339953
1339995
1339999
1340029
1340119
1340197
1340327
1340425
1340569
1340679
1340777
1340901
1340957
1341017
1341027
1341039
1341135
1341141
1341219
1341585
1341733
1342047
1342253
1342345
1342387
1342729
1342835
1342873
1342943
1342961
1342977
1342991
1343113
1343201
1343299
1343359
1343415
1343447
1343559
1343659
1344093
1344131
1344201
1344253
1344271
1344315
1344415
1344431
1344433
1344483
1344503
1344777
1344893
1345185
1345195
1345365
1345431
1345709
1345727
1345739
1346025
1346091
1346123
1346435
1346525
1346597
1346729
1346889
1346939
1347143
1347255
1347619
1348041
1348063
1348093
1348175
1348745
1348837
1348865
1348873
1349049
1349077
1349235
1349267
1349451
1349471
1349515
1349549
1349795
1349867
1350269
1350391
1350427
1350469
1350535
1350825
1351309
1351447
1351451
1351731
1351951
1351957
1351961
1352095
1352097
1352161
1352167
1352441
1352489
1352665
1352827
1352911
1352955
1353031
1353133
1353337
1353461
1353609
1354005
1354047
1354085
1354097
1354185
1354227
1354495
1354631
1354763
1354767
1354861
1354989
1355001
1355135
1355137
1355433
1355573
1355609
1355655
1355675
1355729
1355927
1356003
1356131
1356173
1356413
1356421
1356461
1356637
1356679
1356737
1356945
1357113
1357453
1357631
1357665
1357833
1357925
1357993
1358017
1358265
1358317
1358533
1358553
1358647
1358651
1358863
1358919
1359075
1359255
1359307
1359341
1359349
1359391
1359415
1359629
1359645
1359747
1359853
1359877
1360001
1360057
1360227
1360245
1360311
1360355
1360513
1360567
1360623
1360647
1360651
1360791
1360865
1360935
1361197
1361287
1361391
1361481
1361677
1361867
1361899
1361961
1362143
1362221
1362383
1362391
1362653
1362755
1362883
1362947
1363043
1363217
1363481
1363517
1363645
1363679
1363687
1363731
1363745
1364281
1364359
1364601
1364611
1364617
1364631
1364673
1364915
1365213
1365339
1365481
1365713
1365813
1365987
1366045
1366347
1366375
1366441
1366443
1366521
1366523
1366809
1366923
1366929
1367237
1367287
1367383
1367505
1367711
1367911
1367979
1368395
1368491
1368513
1368609
1368625
1368765
1368787
1368823
1368895
1369045
1369163
1369211
1369251
1369271
1369351
1369427
1369559
1369583
1369595
1370341
1370549
1370667
1370679
1370705
1370783
1370935
1371027
1371145
1371211
1371501
1371597
1371603
1371957
1372115
1372305
1372433
1372439
1372463
1372471
1372743
1372791
1372985
1373023
1373051
1373109
1373115
1373227
1373389
1373395
1373545
1373597
1373659
1373727
1374067
1374263
1374301
1374323
1375089
1375239
1375315
1375431
1375497
1375607
1375609
1375619
1375653
1375741
1375981
1375987
1376139
1376401
1376517
1376617
1376673
1376687
1376717
1376857
1376871
1376909
1377045
1377127
1377313
1377855
1378229
1378463
1378587
1378605
1378731
1378859
1378943
1379115
1379245
1379337
1379369
1379377
1379547
1379711
1379867
1380001
1380119
1380363
1380413
1380515
1380541
1380813
1380919
1381439
1381561
1381635
1381725
1382031
1382077
1382127
1382139
1382821
1382869
1383069
1383145
1383193
1383313
1383415
1383601
1383647
1383659
1383697
1383867
1383963
1383975
1383993
1384139
1384247
1384403
1384557
1384861
1385029
1385079
1385129
1385153
1385243
1385359
1385427
1385547
1385587
1386013
1386513
1386589
1386841
1386973
1387055
1387211
1387259
1387555
1387567
1387617
1387961
1387963
1388151
1388313
1388435
1388459
1388683
1388791
1388963
1389035
1389187
1389239
1389263
1389451
1389637
1389721
1389935
1390179
1390257
1390387
1390479
1390599
1390913
1390949
1390969
1391213
1391435
1391667
1391787
1391803
1392237
1392245
1392285
1392547
1392621
1392803
1392809
1392991
1393027
1393233
1393251
1393369
1393821
1393883
1393997
1394159
1394283
1394323
1394443
1394455
1394617
1394733
1394807
1395059
1395105
1395203
1395349
1395519
1395567
1395581
1395823
1395903
1396213
1396255
1396275
1396551
1396555
1396663
1396669
1397259
1397465
1397891
1398199
1398259
1398941
1399185
1399249
1399757
1399991
1400003
1400115
1400129
1400183
1400239
1400475
1400775
1400851
1400931
1400965
1401229
1401263
1401435
1401487
1401621
1401727
1401811
1401813
1401839
1401883
1402009
1402015
1402025
1402055
1402061
1402131
1402153
1402191
1402369
1402419
1402821
1402835
1403029
1403087
1403207
1403261
1403423
1403491
1403513
1403717
1403823
1404165
1404217
1404313
1404403
1404421
1404477
1404839
1404957
1405095
1405143
1405263
1405377
1405575
1405581
1406015
1406131
1406319
1406345
1406523
1406819
1406911
1407107
1407255
1407279
1407353
1407537
1407629
1407837
1407981
1408355
1408469
1408703
1408825
1408843
1409191
1409203
1409269
1409355
1409401
1409473
1410003
1410295
1410377
1410401
1410643
1410775
1410903
1411035
1411215
1411261
1411481
1411545
1411575
1411739
1412099
1412117
1412337
1412401
1412519
1412723
1412813
1413077
1413141
1413293
1413367
1413429
1413431
1413677
1413681
1413789
1413853
1414033
1414061
1414111
1414169
1414465
1414675
1414733
1414753
1414791
1414797
1414891
1414895
1414997
1415307
1415713
1415763
1416387
1416425
1416437
1416559
1416871
1416951
1417049
1417103
1417181
1417369
1417395
1417445
1417719
1417851
1417855
1418079
1418211
1418255
1418507
1418571
1418871
1418931
1419017
1419095
1419155
1419253
1419325
1419437
1419449
1419727
1419861
1420119
1420221
1420243
1420257
1420329
1420335
1420521
1420617
1420723
1420801
1420809
1420957
1421051
1421067
1421299
1421479
1421493
1421515
1421653
1421663
1421837
1421861
1421955
1422231
1422343
1422379
1422491
1422555
1422611
1422739
1422839
1422851
1422877
1422967
1422999
1423131
1423237
1423241
1423419
1423551
1423635
1424085
1424205
1424287
1424319
1424455
1424587
1424667
1424799
1424833
1425343
1425475
1425513
1425541
1425645
1425793
1425843
1425861
1425927
1425937
1425961
1426085
1426159
1426553
1426671
1426697
1426877
1426969
1427005
1427121
1427155
1427383
1427555
1427629
1427677
1427893
1428073
1428125
1428215
1428359
1428721
1428851
1428941
1429073
1429139
1429299
1429439
1429605
1429993
1429995
1430019
1430265
1430273
1430279
1430357
1430393
1430491
1430755
1431095
1431247
1431523
1431895
1431905
1431977
1432339
1432573
1432575
1432897
1432911
1433031
1433065
1433285
1433291
1433399
1433583
1433653
1433751
1433985
1433999
1434303
1434335
1434351
1434397
1434521
1434781
1435147
1435287
1435427
1435861
1435945
1436109
1436137
1436307
1436569
1436683
1436863
1437219
1437303
1437395
1437419
1438139
1438297
1438317
1438333
1438495
1438531
1438931
1438939
1439005
1439057
1439209
1439231
1439303
1439777
1440091
1440191
1440257
1440353
1440373
1440505
1440579
1440605
1440717
1440729
1440889
1440997
1441099
1441567
1441599
1441705
1441725
1441761
1441775
1442013
1442015
1442023
1442171
1442175
1442325
1442627
1442711
1442713
1443069
1443073
1443083
1443087
1443131
1443351
1443533
1443699
1443707
1443877
1444017
1444263
1444281
1444319
1444713
1445007
1445227
1445305
1445329
1445421
1445459
1445529
1445861
1445881
1446265
1446267
1446489
1446495
1446567
1446733
1446825
1446891
1446967
1447071
1447227
1447341
1447347
1447419
1447517
1447525
1447559
1447621
1447623
1448007
1448053
1448065
1448089
1448141
1448205
1448449
1449003
1449215
1449255
1449273
1449275
1449433
1449497
1449869
1450197
1450465
1450573
1450795
1450813
1450851
1450973
1451159
1451215
1451715
1451901
1452055
1452113
1452277
1452341
1452383
1452437
1452439
1452517
1452545
1452725
1452767
1452877
1453133
1453363
1453367
1453439
1453745
1453841
1454069
1454139
1454205
1454809
1455029
1455285
1455331
1455407
1455419
1455773
1455793
1455805
1455855
1455971
1456009
1456105
1456155
1456383
1456539
1456783
1456879
1456891
1456927
1456989
1457039
1457053
1457099
1457151
1457289
1457723
1457807
1457965
1458289
1458361
1458381
1458417
1458865
1459239
1459613
1459717
1460195
1460217
1460229
1460293
1460307
1460331
1460383
1460479
1460551
1460739
1460751
1461167
1461199
1461295
1461505
1461587
1461623
1461625
1461847
1461949
1462151
1462169
1462187
1462347
1462355
1462363
1462399
1462551
1462797
1462899
1463243
1463575
1463601
1463639
1463663
1463667
1463827
1463875
1463911
1464057
1464167
1464317
1464417
1464965
1465031
1465141
1465215
1465311
1465433
1465477
1465547
1465727
1465979
1466029
1466107
1466189
1466323
1466491
1466873
1466993
1467085
1467101
1467111
1467159
1467181
1467183
1467357
1467361
1467445
1467975
1468129
1468447
1468547
1468665
1468675
1468771
1468907
1469037
1469069
1469319
1469373
1469457
1469485
1469501
1469751
1469797
1470015
1470027
1470047
1470619
1470645
1470687
1470711
1470823
1470869
1471037
1471383
1471533
1471579
1471767
1471897
1471903
1471957
1472201
1472811
1472975
1472991
1473165
1473185
1473423
1473619
1474113
1474131
1474227
1474311
1474343
1474367
1474389
1474641
1474999
1475091
1475095
1475137
1475271
1475517
1475603
1475641
1475813
1475967
1476011
1476327
1476453
1476507
1476513
1476525
1476609
1476763
1476821
1477081
1477219
1477297
1477609
1477659
1477913
1477997
1478001
1478097
1478273
1478339
1478405
1478439
1478643
1478653
1478749
1478759
1478761
1479297
1479383
1479445
1479613
1479905
1479925
1480033
1480095
1480213
1480353
1480473
1480479
1480493
1480613
1480677
1481089
1481175
1481399
1481537
1481579
1481665
1481707
1481761
1481861
1482037
1482087
1482093
1482277
1482441
1482575
1482681
1482719
1483019
1483043
1483263
1483421
1483445
1483549
1483551
1483563
1483623
1483675
1483775
1483789
1483811
1483841
1483987
1484143
1484213
1484277
1484285
1484413
1484565
1484725
1484987
1485039
1485125
1485141
1485175
1485323
1485487
1485587
1485729
1485925
1486003
1486251
1486375
1486601
1486645
1486889
1487107
1487177
1487231
1487467
1487487
1487509
1488169
1488263
1488995
1489025
1489445
1489665
1489733
1489849
1489939
1489959
1489981
1490201
1490271
1490421
1490569
1490937
1490955
1490957
1490965
1491067
1491323
1491365
1491473
1491521
1492199
1492461
1492789
1492941
1493071
1493425
1493451
1493487
1493667
1493769
1493857
1493883
1493885
1493935
1493949
1494051
1494243
1494313
1494421
1494583
1495105
1495157
1495177
1495201
1495251
1495305
1495499
1495613
1495731
1495825
1495871
1495885
1496741
1496759
1496787
1496857
1496883
1496899
1497145
1497183
1497375
1497663
1497803
1497835
1498061
1498207
1498221
1498277
1498411
1498505
1498599
1498685
1498773
1498959
1499039
1499069
1499123
1499231
1499351
1499517
1499721
1499859
1500423
1500495
1500717
1500817
1500943
1501011
1501015
1501291
1501427
1501433
1501531
1501747
1501775
1502083
1502219
1502333
1502559
1502763
1502849
1502889
1502893
1503033
1503067
1503191
1503197
1503445
1503535
1503831
1504105
1504195
1504321
1504729
1504891
1505031
1505273
1505427
1505597
1505645
1505793
1505865
1506045
1506135
1506405
1506413
1506415
1506717
1506823
1506895
1507055
1507163
1507193
1507201
1507323
1507389
1507575
1507593
1507795
1508109
1508127
1508347
1508551
1508687
1508779
1508791
1508829
1508989
1509051
1509079
1509151
1509169
1509205
1509281
1509593
1509597
1509623
1509671
1509673
1509707
1509973
1510179
1510189
1510237
1510269
1510287
1510461
1510593
1510707
1510885
1510911
1510913
1511475
1511497
1511735
1511847
1511897
1511905
1512265
1512469
1512643
1512677
1512697
1512943
1512951
1513443
1513447
1513503
1513551
1513583
1513651
1513887
1513973
1514389
1514481
1514497
1514509
1514563
1514591
1514611
1514615
1514725
1514743
1514759
1514809
1514947
1514949
1515019
1515055
1515215
1515241
1515539
1515677
1516001
1516081
1516133
1516155
1516159
1516437
1516615
1516655
1516783
1517003
1517343
1517533
1517935
1517949
1517955
1518207
1518507
1518575
1518661
1518739
1518911
1519115
1519119
1519139
1519475
1519659
1520165
1520221
1520433
1520629
1520697
1521071
1521587
1521611
1521819
1521845
1521883
1521897
1521925
1521993
1522283
1522487
1522593
1522753
1522823
1523501
1523723
1523733
1523759
1523833
1523919
1523949
1524107
1524435
1524449
1524541
1524795
1524877
1525143
1525197
1525245
1525301
1525357
1525405
1525423
1525689
1525877
1526035
1526065
1526129
1526249
1526353
1526383
1526407
1526713
1526837
1527113
1527151
1527213
1527257
1527273
1527517
1527567
1527761
1527803
1527831
1528071
1528169
1528211
1528399
1528923
1528991
1529097
1529171
1529279
1529353
1529471
1529485
1530019
1530045
1530095
1530169
1530215
1530249
1530415
1530427
1530793
1530869
1530917
1531179
1531421
1531883
1531939
1532011
1532157
1532285
1532335
1532363
1532563
1532617
1532697
1532883
1533135
1533253
1533337
1533395
1533671
1533731
1533735
1534101
1534147
1534183
1534297
1534397
1534453
1534557
1534621
1535143
1535539
1536167
1536301
1536355
1536373
1536603
1536721
1536835
1536865
1536881
1537175
1537193
1537273
1537343
1537541
1537619
1537671
1537687
1538277
1538317
1538417
1538455
1538709
1538785
1538815
1539315
1539317
1539385
1539671
1539763
1539925
1540093
1540183
1540317
1540797
1541077
1541347
1541349
1541473
1541507
1541515
1541593
1541779
1541855
1541995
1542001
1542029
1542167
1542201
1542225
1542233
1542273
1542661
1542695
1542761
1542773
1542869
1543019
1543125
1543303
1543413
1543443
1543465
1543479
1543663
1543693
1543943
1544051
1544333
1544487
1544527
1544579
1544607
1544625
1544779
1544823
1544825
1544929
1544943
1545009
1545231
1545259
1545281
1545333
1545335
1545683
1545837
1546051
1546127
1546173
1546313
1546361
1546467
1546477
1546551
1546633
1546681
1546755
1547109
1547237
1547345
1547383
1547601
1547633
1547699
1547863
1548069
1548219
1548387
1548829
1548853
1548857
1549045
1549063
1549141
1549293
1549455
1549487
1549539
1549553
1549613
1549991
1550025
1550031
1550583
1550641
1550705
1550947
1551395
1551521
1551543
1551565
1551659
1551705
1551745
1551957
1552191
1552415
1552577
1552711
1552733
1552769
1552931
1552951
1553069
1553215
1553457
1553673
1553681
1553771
1553983
1554029
1554099
1554363
1554381
1554477
1554605
1554793
1554955
1555099
1555137
1555197
1555255
1555259
1555307
1555425
1555435
1555485
1555655
1555875
1556095
1556231
1556289
1556399
1556867
1556947
1557389
1557451
1557533
1557551
1557577
1557611
1557725
1557805
1557965
1558133
1558527
1558605
1558781
1559165
1559317
1559331
1559523
1559725
1559733
1559847
1559987
1560007
1560037
1560261
1560321
1560719
1560729
1560769
1561305
1561329
1561389
1561431
1561455
1561801
1562209
1562249
1562345
1562353
1562481
1562545
1562695
1562829
1562849
1563093
1563133
1563139
1563509
1563717
1563965
1563987
1564275
1564295
1564297
1564323
1564417
1564511
1564685
1564783
1564885
1564995
1565041
1565043
1565093
1565773
1565801
1565899
1566005
1566069
1566083
1566233
1566309
1566499
1566667
1566679
1566747
1566981
1567133
1567331
1567501
1567621
1567655
1567697
1567701
1568073
1568093
1568157
1568293
1568377
1568433
1568501
1568523
1568557
1568787
1568859
1568913
1568951
1568953
1568977
1569059
1569227
1569239
1569421
1569497
1569499
1569585
1569821
1569831
1569843
1569929
1570099
1570359
1570409
1570589
1570649
1570799
1570827
1570941
1571013
1571173
1571245
1571313
1571355
1571519
1571559
1571685
1571793
1571817
1571877
1571953
1572233
1572441
1572455
1572565
1572587
1572657
1572667
1573103
1573131
1573183
1573513
1573753
1573897
1574001
1574335
1574385
1574427
1574429
1574457
1574609
1574733
1574903
1574921
1574965
1575001
1575763
1576021
1576277
1576469
1576969
1577007
1577045
1577065
1577353
1577729
1577859
1578335
1578461
1578525
1578665
1578817
1578929
1578943
1579061
1579123
1579293
1579519
1579615
1579679
1579853
1579873
1580037
1580095
1580351
1580513
1580647
1580697
1580767
1580793
1580841
1580849
1581271
1581285
1581377
1581633
1581665
1581785
1581805
1581843
1581939
1581987
1582047
1582177
1582219
1582271
1582287
1582293
1582499
1583055
1583185
1583363
1583481
1583485
1583513
1583541
1583547
1583605
1583667
1583749
1583767
1583915
1583925
1583949
1584003
1584163
1584213
1584387
1584399
1584403
1584457
1584511
1584515
1584669
1584671
1584689
1584713
1584759
1584775
1585175
1585219
1585261
1585437
1585743
1585833
1585841
1585853
1585889
1585921
1586381
1586469
1586515
1586527
1586797
1586863
1586983
1586993
1587037
1587049
1587065
1587801
1588101
1588209
1588417
1588469
1588541
1588645
1588921
1589315
1589331
1589491
1589529
1589579
1589711
1589743
1589783
1589865
1590381
1590603
1590905
1590929
1590977
1591015
1591019
1591085
1591113
1591173
1591341
1591501
1591539
1591703
1591743
1591809
1592043
1592393
1592479
1592609
1592739
1592873
1592929
1593029
1593083
1593133
1593151
1593249
1593311
1593597
1593733
1593767
1593889
1593957
1593983
1594041
1594171
1594395
1594411
1594505
1594585
1594759
1594797
1594815
1595027
1595293
1596287
1596773
1596947
1597019
1597147
1597359
1597457
1597545
1597557
1597611
1597695
1597713
1597825
1598083
1598421
1598549
1598627
1598881
1598991
1599011
1599039
1599175
1599195
1599213
1599271
1599429
1599695
1599747
1600107
1600131
1600145
1600249
1600281
1600297
1600299
1600347
1600417
1600787
1600815
1600877
1600957
1601071
1601309
1601609
1601821
1601895
1602507
1602513
1602737
1602881
1602909
1602911
1603141
1603371
1603465
1603471
1603695
1603807
1603999
1604067
1604263
1604375
1604487
1604507
1604533
1604545
1604583
1604793
1605159
1605195
1605243
1605717
1605943
1606145
1606295
1606355
1606457
1607053
1607445
1607467
1607539
1607639
1607689
1607745
1607923
1607965
1607973
1608135
1608171
1608173
1608243
1608461
1608565
1608721
1608823
1608897
1609043
1609097
1609219
1609249
1609271
1609363
1609373
1609377
1609459
1609467
1609681
1609759
1609769
1609941
1610221
1610263
1610563
1610983
1611025
1611027
1611029
1611277
1611587
1611681
1612011
1612051
1612291
1612537
1612625
1612755
1612773
1612857
1612945
1613037
1613041
1613057
1613325
1613357
1613565
1613643
1613719
1613759
1614053
1614245
1614317
1614593
1614939
1614957
1615121
1615245
1615301
1615471
1615473
1615773
1615857
1615923
1615957
1615979
1615999
1616175
1616275
1616369
1616385
1616465
1616813
1617101
1617395
1617413
1617423
1617497
1617777
1617877
1617881
1617917
1617927
1617983
1618011
1618353
1618371
1618693
1618727
1618857
1619115
1619119
1619245
1619593
1619911
1619979
1620277
1620285
1620335
1620391
1620521
1620865
1621019
1621127
1621349
1621405
1621417
1621433
1621687
1622031
1622237
1622309
1622367
1622415
1622423
1622547
1622661
1622819
1622965
1623033
1623231
1623261
1623365
1623559
1623601
1623825
1623983
1624025
1624311
1624599
1624783
1624785
1624853
1625361
1625395
1625453
1625461
1625739
1625795
1625869
1626065
1626077
1626683
1626913
1626931
1627141
1627145
1627187
1627205
1627383
1627581
1627593
1627665
1627787
1627845
1628085
1628221
1628339
1628441
1628683
1629111
1629619
1629807
1629963
1629985
1630317
1630369
1630445
1630755
1630907
1631009
1631053
1631059
1631263
1631305
1631383
1631397
1631435
1631691
1631829
1631929
1632143
1632329
1632417
1632477
1632561
1632669
1632997
1633163
1633275
1633313
1633549
1633599
1633797
1633869
1634125
1634459
1634547
1634653
1634889
1634945
1635205
1635283
1635455
1635905
1635911
1636065
1636593
1636731
1636767
1636775
1636777
1637103
1637141
1637283
1637319
1637327
1637471
1637553
1637565
1637575
1637641
1637841
1637875
1638101
1638351
1638427
1638781
1638899
1638955
1638993
1639019
1639101
1639301
1639497
1639583
1639729
1639791
1639869
1640111
1640115
1640129
1640493
1640541
1640785
1640827
1641009
1641013
1641027
1641069
1641337
1641387
1641427
1641469
1641709
1641817
1641959
1642273
1642317
1642409
1643055
1643087
1643265
1643275
1643425
1643461
1643541
1643583
1643667
1644011
1644151
1644361
1644633
1644743
1644783
1644891
1644997
1645185
1645199
1645341
1645665
1645781
1645977
1645981
1646297
1646443
1646483
1646545
1646703
1646829
1646843
1646955
1646965
1647131
1647231
1647239
1647295
1647337
1647389
1647441
1647575
1647595
1647657
1647813
1647981
1648357
1648439
1648449
1648549
1648599
1648741
1648751
1648841
1648919
1649051
1649107
1649209
1649223
1649337
1649597
1649605
1649689
1649713
1649761
1649801
1649927
1649997
1650207
1650297
1650511
1650639
1650699
1650793
1650941
1651073
1651089
1651105
1651131
1651141
1651147
1651417
1651477
1651495
1651539
1651565
1651667
1651709
1652073
1652133
1652187
1652221
1652263
1652311
1652463
1652589
1652649
1652867
1652919
1653055
1653243
1653247
1653383
1653453
1653529
1653793
1653899
1654281
1654595
1654651
1654949
1654979
1655271
1655419
1655637
1655733
1655795
1656001
1656199
1656213
1656391
1656533
1656551
1656621
1656681
1656767
1656819
1656893
1656929
1657123
1657129
1657321
1657557
1657927
1658009
1658025
1658027
1658075
1658179
1658239
1658445
1658459
1658705
1658733
1658861
1658901
1658973
1658987
1659277
1659363
1659457
1659491
1659705
1659769
1659867
1659927
1660017
1660083
1660129
1660309
1660513
1660527
1660529
1660685
1660773
1660963
1660973
1660999
1661067
1661117
1661351
1661353
1661375
1661387
1661491
1661511
1661547
1661711
1661815
1661905
1662003
1662037
1662245
1662585
1662785
1662861
1663051
1663053
1663349
1663425
1663457
1663787
1663821
1663943
1663953
1664109
1664185
1664507
1664609
1664667
1664833
1664953
1665113
1665359
1665809
1665865
1666027
1666029
1666169
1666389
1666711
1666795
1667313
1667465
1667547
1667577
1667697
1667749
1667799
1667899
1667913
1667963
1667971
1668077
1668249
1668295
1668345
1668487
1668513
1668701
1668883
1668951
1668989
1669231
1669269
1669271
1669343
1669369
1669427
1669657
1669673
1669783
1669809
1669893
1669949
1669981
1670087
1670141
1670425
1670445
1670591
1670629
1671009
1671229
1671329
1671435
1671531
1671625
1671759
1672069
1672347
1672455
1672495
1672599
1672923
1673303
1673361
1673439
1673463
1673615
1674039
1674065
1674175
1674229
1674409
1674441
1674603
1674927
1675477
1675531
1676097
1676251
1676291
1676315
1676393
1676489
1676615
1676643
1676689
1676935
1676955
1677169
1677363
1677449
1677519
1677653
1677703
1677751
1677789
1677831
1677969
1678019
1678319
1678335
1678401
1678665
1678855
1678969
1679177
1679201
1679661
1679697
1679865
1680221
1680735
1680809
1680811
1680915
1680917
1681077
1681097
1681235
1681257
1681331
1681457
1681473
1681527
1681619
1681721
1681943
1682035
1682103
1682115
1682219
1682239
1682631
1682701
1682731
1682977
1683111
1683127
1683237
1683763
1684045
1684053
1684081
1684103
1684139
1684325
1684411
1684443
1684735
1685107
1685421
1685469
1685513
1685663
1685717
1685731
1685743
1685747
1685861
1685863
1685881
1686095
1686203
1686487
1686581
1686617
1686635
1686871
1687163
1687261
1687341
1687429
1687635
1687641
1687995
1687997
1688053
1688123
1688139
1688207
1688475
1688559
1688561
1688667
1688691
1689325
1689369
1689387
1689453
1689601
1689689
1689811
1689993
1690387
1690491
1690577
1690703
1691267
1691313
1691371
1691391
1691889
1691921
1691933
1691981
1692063
1692193
1692251
1692401
1692435
1692455
1692609
1692615
1692631
1692843
1693221
1693307
1693539
1693791
1693943
1694057
1694151
1694153
1694617
1694805
1694831
1694847
1695135
1695167
1695501
1695515
1695745
1696491
1696581
1696689
1696941
1696995
1697003
1697187
1697377
1697459
1697583
1697597
1697633
1697883
1697917
1698255
1698493
1698585
1698635
1698841
1698855
1699227
1699235
1699589
1699637
1699867
1700001
1700111
1700127
1700227
1700457
1700573
1700577
1700713
1700721
1700789
1700925
1700933
1701045
1701065
1701107
1701293
1701327
1701337
1701829
1702191
1702205
1702265
1702323
1702697
1702743
1702831
1702861
1702951
1702989
1703127
1703173
1703219
1703509
1703727
1704321
1704509
1704673
1704699
1704721
1704723
1704735
1704755
1704793
1705037
1705083
1705153
1705367
1705541
1705637
1705655
1705783
1705861
1705951
1705969
1706005
1706013
1706291
1706411
1706513
1706635
1706657
1706703
1706713
1706755
1706797
1707039
1707137
1707373
1707555
1707663
1707741
1707889
1707923
1708177
1708261
1708581
1708651
1708827
1708859
1709147
1709199
1709233
1709245
1709373
1709413
1709417
1709513
1709533
1709663
1709761
1709873
1709999
1710155
1710257
1710259
1710387
1710413
1710609
1710621
1710655
1710695
1710829
1710969
1711195
1711355
1711413
1711589
1712071
1712075
1712125
1712151
1712301
1712365
1712447
1712805
1712863
1712945
1713011
1713023
1713119
1713125
1713435
1713449
1713491
1714005
1714105
1714555
1714837
1714889
1714935
1715001
1715047
1715055
1715081
1715231
1715305
1715559
1715691
1716021
1716025
1716083
1716141
1716231
1716251
1716485
1716763
1717023
1717299
1717379
1717387
1717421
1717633
1717635
1717647
1717653
1717763
1718101
1718167
1718281
1718417
1718421
1718493
1718765
1718835
1718923
1718943
1719053
1719089
1719221
1719435
1719463
1719477
1719551
1719787
1719791
1719973
1720245
1720405
1720447
1720505
1720529
1720649
1720889
1720927
1721015
1721133
1721137
1721415
1721505
1721629
1721739
1721797
1721895
1721971
1722019
1722077
1722109
1722151
1722189
1722565
1722607
1722665
1722719
1722887
1723035
1723201
1723263
1723281
1723507
1723827
1723919
1723943
1724045
1724061
1724209
1724215
1724241
1724247
1724445
1724511
1724625
1724829
1724871
1725025
1725041
1725227
1725229
1725357
1725617
1725623
1725899
1726005
1726069
1726141
1726355
1726385
1726427
1726551
1726553
1726627
1726755
1726863
1726881
1726965
1727247
1727571
1727763
1727793
1727829
1727919
1727953
1728041
1728077
1728315
1728513
1728527
1728695
1728723
1728765
1728949
1729199
1729325
1729649
1729767
1729909
1730143
1730153
1730257
1730445
1730641
1730715
1730763
1730809
1731063
1731081
1731161
1731393
1731427
1731645
1731681
1731687
1731755
1731907
1731935
1732075
1732289
1732363
1732579
1732693
1732801
1733057
1733183
1733333
1733563
1733677
1733723
1733869
1733881
1734135
1734187
1734215
1734261
1734267
1734293
1734345
1734533
1735005
1735101
1735439
1735593
1735777
1735917
1736059
1736135
1736155
1736511
1736535
1736589
1736623
1737083
1737181
1737219
1737249
1737379
1737459
1737487
1737563
1737763
1737837
1738507
1738691
1738741
1738855
1739021
1739123
1739149
1739407
1739553
1740081
1740325
1740595
1740805
1741107
1741169
1741183
1741357
1741393
1741465
1741747
1742407
1742489
1742611
1742735
1742745
1742955
1743099
1743261
1743369
1743423
1743441
1743461
1743641
1743677
1744061
1744197
1744219
1744357
1744387
1744533
1744541
1744561
1744607
1744937
1745027
1745043
1745253
1745349
1745415
1745419
1745473
1745549
1745697
1745929
1745951
1745999
1746049
1746123
1746443
1746459
1746605
1746659
1746763
1746779
1747085
1747139
1747199
1747375
1747707
1747861
1747917
1747921
1748189
1748389
1748403
1748557
1748597
1748703
1748727
1748827
1749063
1749361
1749437
1749591
1749611
1749719
1749841
1749889
1750151
1750275
1750671
1750785
1750875
1751039
1751059
1751159
1751343
1751541
1751759
1751977
1752111
1752169
1752177
1752211
1752297
1752319
1752647
1752689
1752847
1752971
1753171
1753205
1753309
1753389
1753471
1753613
1753793
1753959
1754119
1754181
1754799
1754885
1754937
1755003
1755161
1755711
1755869
1755883
1756099
1756131
1756155
1756383
1756435
1756505
1756633
1756669
1756889
1756997
1757023
1757279
1757399
1757841
1757881
1758211
1758523
1758821
1759001
1759251
1759281
1759285
1759295
1759415
1759485
1759569
1759681
1759919
1760083
1760097
1760107
1760185
1760201
1760325
1760419
1760607
1760817
1761139
1761157
1761169
1761333
1761621
1761799
1761927
1761963
1762093
1762191
1762391
1762637
1762753
1763025
1763057
1763103
1763179
1763387
1763585
1763649
1763765
1763785
1763853
1764169
1764403
1764571
1764697
1764747
1764857
1764973
1765441
1765507
1765533
1765797
1765899
1766043
1766063
1766241
1766337
1766475
1766511
1766531
1766555
1766961
1767267
1767271
1767341
1768263
1768475
1768597
1768637
1768655
1769249
1769253
1769473
1769545
1770325
1770487
1770743
1771105
1771135
1771145
1771173
1771741
1771975
1772017
1772075
1772125
1772195
1772219
1772273
1772313
1772579
1772803
1772825
1773223
1773235
1773413
1773527
1773625
1773653
1773763
1773823
1773861
1774015
1774235
1774387
1774449
1774505
1774893
1775101
1775281
1775579
1775601
1775767
1775795
1776069
1776125
1776377
1776391
1776617
1776773
1777029
1777083
1777433
1777631
1777633
1777871
1777899
1778045
1778357
1778383
1778511
1778631
1778733
1778829
1779053
1779155
1779237
1779301
1779399
1780183
1780237
1780295
1780409
1780545
1780673
1780711
1780795
1781101
1781395
1781665
1781695
1781745
1781857
1781871
1781977
1781993
1782103
1782231
1782245
1782331
1782425
1782447
1782467
1782489
1782699
1782737
1782799
1782825
1782857
1783097
1783317
1783319
1783517
1783655
1783705
1783927
1783931
1784409
1784523
1784547
1784561
1784701
1784871
1784993
1785031
1785059
1785103
1785113
1785231
1785315
1785389
1785453
1785803
1785813
1786415
1786503
1786571
1786663
1786861
1787021
1787049
1787261
1787545
1787893
1787951
1788033
1788097
1788207
1788553
1788611
1788623
1788761
1788923
1788973
1789311
1789327
1789459
1789645
1789735
1789791
1789949
1789989
1790059
1790159
1790201
1790289
1790291
1790337
1790547
1790581
1790661
1790711
1790869
1790933
1790983
1791151
1791205
1791251
1791323
1791365
1791761
1791863
1791949
1792031
1792075
1792117
1792235
1792521
1792579
1792591
1792923
1793173
1793299
1793361
1793403
1793435
1793495
1793537
1793555
1793645
1793889
1793993
1794225
1794755
1795041
1795063
1795165
1795457
1795531
1795741
1795961
1796009
1796197
1796205
1796249
1796609
1796625
1796925
1796961
1797071
1797189
1797207
1797281
1797339
1797437
1797555
1797713
1797913
1798135
1798259
1798333
1798677
1798783
1798853
1798985
1799273
1799617
1799715
1800001
1800075
1800163
1800253
1800301
1800389
1800647
1800805
1801211
1801325
1801691
1801701
1801765
1802047
1802255
1802537
1802573
1802831
1802839
1803051
1803143
1803285
1803307
1803341
1803365
1803601
1803607
1803621
1803663
1803893
1804061
1804081
1804217
1804245
1804329
1804405
1804565
1804633
1804877
1805119
1805257
1805429
1805687
1805703
1805845
1805953
1806257
1806371
1806399
1806443
1806473
1806537
1806785
1807017
1807145
1807185
1807245
1807269
1807373
1807481
1807597
1807623
1807739
1808183
1808273
1808295
1808313
1808335
1808419
1808659
1808695
1808903
1809345
1809351
1809387
1809527
1809695
1809747
1809769
1809853
1810023
1810049
1810075
1810169
1810267
1810399
1810467
1810561
1810647
1811261
1811323
1811391
1811667
1811771
1811837
1812023
1812073
1812123
1812203
1812207
1812335
1812417
1812497
1812819
1812893
1812961
1812963
1812981
1813011
1813183
1813241
1813407
1813511
1813521
1813635
1814085
1814203
1814731
1814919
1814947
1814999
1815131
1815539
1815689
1815811
1815837
1815975
1816007
1816053
1816155
1816187
1816285
1816373
1816531
1816695
1816697
1816759
1816897
1816929
1817445
1817579
1817689
1817723
1817725
1817753
1817789
1817875
1818011
1818401
1818419
1818493
1818735
1818813
1819191
1819199
1819393
1819397
1819421
1819467
1819983
1820049
1820193
1820199
1820373
1820407
1820541
1820971
1821033
1821291
1821497
1821515
1821789
1821859
1821871
1821977
1821983
1822269
1822397
1822469
1822545
1822799
1822893
1823087
1823115
1823247
1823267
1823663
1823813
1823825
1823873
1823977
1824031
1824033
1824205
1824623
1824757
1824963
1825199
1825271
1825357
1826023
1826335
1826507
1826531
1826583
1826631
1826647
1826831
1826877
1827049
1827061
1827081
1827097
1827187
1827211
1827355
1827631
1827765
1827789
1827805
1827859
1827873
1828413
1828427
1828445
1828621
1828653
1828761
1828783
1828871
1828909
1828921
1829301
1829637
1829867
1830269
1830453
1830487
1830569
1830593
1830607
1830669
1830881
1831123
1831293
1831333
1831383
1831415
1831775
1831821
1831891
1831971
1832097
1832249
1832277
1832465
1832605
1833059
1833339
1833399
1833451
1833477
1833545
1833733
1833877
1834433
1834641
1835019
1835197
1835277
1835335
1835585
1835865
1835893
1835987
1836009
1836491
1836719
1836781
1836809
1836843
1836927
1836975
1837011
1837043
1837055
1837357
1837653
1837859
1837987
1838073
1838089
1838139
1838323
1838369
1838539
1838579
1838733
1838913
1839161
1839405
1839449
1839481
1839519
1839633
1839697
1839983
1840005
1840017
1840247
1840347
1840387
1840515
1840659
1840773
1840777
1840883
1841139
1841147
1841189
1841213
1841301
1841333
1841343
1841363
1841397
1841441
1841477
1841547
1841597
1842047
1842115
1842161
1842463
1842657
1842699
1842773
1842781
1842821
1842983
1843055
1843135
1843143
1843367
1843381
1843397
1843425
1843671
1843757
1843901
1844033
1844057
1844195
1844501
1844631
1844791
1844937
1845043
1845277
1845335
1845337
1845351
1845449
1845541
1845777
1845873
1845981
1846061
1846421
1846455
1846575
1846621
1846847
1847033
1847065
1847079
1847101
1847421
1847555
1847603
1847787
1847909
1847965
1848009
1848159
1848457
1848595
1848661
1848933
1849123
1849175
1849183
1849279
1849411
1849627
1849753
1849881
1849883
1849963
1850081
1850229
1850291
1850303
1850321
1850649
1850685
1850713
1850779
1850795
1851155
1851383
1851395
1851481
1851549
1851567
1851627
1851637
1851695
1851823
1852261
1852305
1852505
1852525
1852561
1852707
1852945
1852995
1853015
1853101
1853149
1853187
1853203
1853243
1853397
1853481
1853499
1853703
1853713
1853721
1853977
1853989
1854031
1854053
1854141
1854183
1854271
1854727
1854825
1854947
1854971
1855359
1855453
1855605
1855791
1855933
1856053
1856125
1856217
1856405
1856615
1856953
1857089
1857341
1857351
1857481
1857909
1858155
1858225
1858295
1858423
1858539
1858607
1858683
1859279
1859311
1859403
1859505
1859647
1859767
1860113
1860343
1860411
1860575
1860611
1860689
1860739
1860767
1860897
1860961
1861123
1861133
1861181
1861185
1861227
1861343
1861393
1861477
1861683
1861693
1861727
1861755
1861771
1862091
1862301
1862397
1862633
1862973
1863409
1863543
1863585
1863785
1864159
1864219
1864449
1864525
1864665
1864717
1864811
1864863
1865161
1865203
1865557
1865623
1865669
1865683
1865687
1865737
1865767
1865775
1865857
1865941
1865987
1866287
1866319
1866327
1866809
1867057
1867161
1867453
1867647
1867661
1867983
1868421
1868431
1868479
1868789
1868875
1869123
1869263
1869355
1869447
1869495
1869539
1869585
1869613
1869645
1869801
1869891
1870219
1870535
1870685
1870697
1870719
1870745
1870813
1870863
1871079
1871157
1871201
1871281
1871373
1871377
1871419
1871805
1871979
1872047
1872079
1872177
1872257
1872339
1872405
1872577
1872809
1872917
1873017
1873387
1873453
1873465
1873703
1873767
1873803
1873887
1873981
1874049
1874081
1874215
1874309
1874373
1874509
1874667
1874707
1874761
1874843
1874941
1874965
1874983
1875001
1875253
1875529
1875825
1875909
1876015
1876061
1876063
1876459
1876513
1876551
1876585
1876619
1876623
1876847
1876875
1877191
1877325
1877401
1877423
1877557
1877669
1877733
1877743
1877831
1877897
1878077
1878437
1878549
1878745
1878797
1878865
1879391
1879425
1879563
1879671
1879841
1879861
1879923
1880163
1880349
1880357
1880465
1880583
1880917
1880963
1881201
1881271
1881297
1881299
1881345
1881473
1881549
1881749
1881751
1882163
1882185
1882295
1882327
1882583
1882645
1882755
1882769
1882785
1882787
1882827
1882933
1882963
1883157
1883359
1883445
1883539
1883653
1883815
1883831
1883837
1883861
1883939
1884177
1884231
1884325
1884461
1884631
1884769
1884819
1884881
1885045
1885095
1885123
1885177
1885543
1885741
1885995
1886039
1886147
1886241
1886505
1886511
1886869
1886875
1886919
1886977
1887147
1887175
1887343
1887351
1887637
1888095
1888149
1888167
1888189
1888587
1888857
1888933
1888987
1889003
1889111
1889271
1889307
1889465
1889573
1889647
1890351
1890547
1890605
1890673
1890697
1890779
1890843
1890961
1891059
1891149
1891207
1891379
1891417
1891551
1891965
1892623
1892693
1893093
1893361
1893377
1893813
1893859
1894209
1894457
1894611
1894683
1894691
1894823
1894877
1895181
1895215
1895315
1895415
1895639
1895793
1895885
1895895
1896015
1896031
1896307
1896435
1896465
1896559
1896575
1896659
1896809
1896901
1897023
1897251
1897293
1897375
1897441
1897455
1897671
1897751
1897833
1897939
1898041
1898053
1898299
1898535
1898691
1898703
1898733
1898895
1898919
1899045
1899235
1899337
1899427
1899547
1899601
1899723
1899769
1899841
1899849
1900115
1900233
1900329
1900373
1900513
1900619
1900685
1901005
1901041
1901097
1901325
1901339
1901345
1901681
1901693
1902009
1902117
1902269
1902621
1902749
1902757
1902859
1902869
1903037
1903147
1903387
1903515
1903575
1903731
1903815
1903865
1903913
1903971
1904161
1904189
1904377
1904517
1904659
1904701
1904721
1904779
1904829
1904863
1904869
1905117
1905371
1905411
1905439
1905605
1905617
1905663
1905767
1906075
1906233
1906313
1906519
1906561
1906755
1907293
1907383
1908243
1908469
1908823
1908907
1908921
1908997
1909045
1909115
1909141
1909223
1909235
1909343
1909383
1909585
1909691
1909731
1909805
1909827
1910019
1910067
1910371
1910429
1910535
1910555
1910769
1911095
1911249
1911291
1911311
1911325
1911371
1911509
1911535
1911625
1911785
1912149
1912437
1912757
1912881
1912887
1913015
1913099
1913281
1913347
1913577
1914191
1914233
1914425
1914431
1914601
1914839
1914887
1914967
1915145
1915549
1915871
1916041
1916563
1916721
1916955
1917013
1917081
1917269
1917319
1917347
1917697
1918191
1918221
1918929
1919091
1919233
1919271
1919345
1919455
1919519
1919653
1919773
1919823
1919973
1921095
1921233
1921605
1921897
1922017
1922069
1922109
1922121
1922239
1922273
1922449
1922673
1923049
1923245
1923439
1923533
1923547
1923677
1923905
1923921
1923931
1924207
1924433
1924737
1924913
1925031
1925039
1925167
1925207
1925237
1925299
1925353
1925507
1925547
1925575
1925839
1925917
1926317
1926529
1926719
1926781
1927215
1927351
1927353
1927381
1927701
1927767
1927805
1927881
1928415
1928647
1928781
1928885
1929275
1929313
1929553
1929633
1929853
1929941
1930127
1930195
1930197
1930229
1930321
1930521
1930777
1930867
1930999
1931007
1931159
1931219
1931289
1931521
1931639
1931671
1931733
1931769
1931787
1931795
1931933
1932531
1932589
1932703
1932725
1932843
1932933
1933129
1933167
1933493
1933539
1933553
1933581
1933619
1933627
1933777
1933807
1933835
1934039
1934295
1934583
1934895
1935077
1935113
1935539
1935799
1935899
1936099
1936231
1936283
1936417
1936487
1936659
1936721
1936865
1937259
1937281
1937513
1937533
1937677
1937697
1937747
1937781
1937811
1937947
1938031
1938137
1938149
1938229
1938497
1938535
1938689
1938869
1939067
1939089
1939411
1939427
1939453
1939523
1939565
1939593
1939645
1939797
1939817
1939939
1939991
1940033
1940089
1940095
1940099
1940165
1940319
1940429
1940701
1940989
1941023
1941399
1941457
1941985
1942135
1942539
1942673
1942677
1942741
1942833
1943289
1943673
1943699
1943793
1943823
1943917
1944187
1944199
1944223
1944357
1944471
1944519
1944555
1944775
1944819
1944887
1944927
1945001
1945221
1945285
1945337
1945645
1945673
1945831
1946053
1946065
1946089
1946101
1946471
1946491
1946503
1946891
1946975
1947115
1947277
1947291
1947373
1947385
1947807
1947879
1948337
1948349
1948453
1948569
1948603
1948721
1948967
1949207
1949441
1949525
1949545
1949575
1949729
1949731
1949865
1950067
1950207
1950335
1950379
1950589
1950749
1950927
1950947
1951015
1951041
1951149
1951299
1951375
1951465
1951763
1951943
1952023
1952057
1952131
1952439
1952587
1952659
1952799
1952939
1952949
1953051
1953313
1953543
1953793
1953913
1953937
1954107
1954181
1954235
1954365
1954369
1954541
1954603
1954623
1954879
1954975
1955049
1955107
1955225
1955315
1955339
1955363
1955395
1955399
1955407
1955481
1955755
1955813
1956693
1956855
1957051
1957073
1957305
1957353
1957475
1957553
1957641
1957801
1957985
1958161
1958539
1958637
1958645
1958709
1958841
1958899
1958987
1959127
1959825
1959973
1959997
1960013
1960083
1960145
1960243
1960293
1960341
1960411
1960433
1960475
1960497
1960551
1960645
1961087
1961281
1961297
1961423
1961475
1961675
1961791
1961879
1961971
1962277
1962373
1962599
1962623
1962641
1962913
1962953
1963053
1963165
1963751
1963761
1964095
1964311
1964551
1964627
1964833
1964939
1964961
1964963
1964975
1965069
1965193
1965223
1965457
1965671
1965681
1966291
1966307
1966375
1966493
1966739
1967037
1967059
1967305
1967491
1967625
1967635
1968045
1968211
1968323
1968437
1968675
1968803
1968827
1968983
1969139
1969481
1969495
1969587
1969677
1969693
1970097
1970121
1970165
1970167
1970211
1970239
1970241
1970299
1970365
1970379
1970775
1970893
1971237
1971287
1971423
1971541
1971565
1971851
1971919
1971993
1972093
1972099
1972681
1972687
1972725
1972737
1972739
1972907
1973047
1973213
1973359
1973443
1973563
1973809
1973823
1974073
1974223
1974289
1974537
1974559
1974759
1974807
1974885
1975019
1975141
1975169
1975283
1975301
1975405
1975533
1975541
1975571
1975645
1975663
1975841
1975979
1976111
1976149
1976509
1976781
1977133
1977329
1977585
1977713
1977921
1978105
1978347
1978353
1978379
1978399
1978525
1978559
1978569
1978681
1978751
1978929
1979171
1979187
1979345
1979701
1979703
1979793
1979909
1979993
1980125
1980295
1980445
1980729
1980777
1980879
1980887
1980937
1980993
1981003
1981113
1981117
1981129
1981275
1981441
1981517
1981665
1981673
1981697
1981835
1981913
1982203
1982433
1982515
1982697
1982773
1983399
1983539
1983547
1983573
1983635
1983705
1983851
1984093
1984161
1984603
1984653
1984781
1984821
1985219
1985235
1985243
1985333
1985489
1985493
1985561
1985589
1985625
1985965
1986031
1986311
1986681
1986743
1986925
1987149
1987249
1987251
1987273
1987319
1987891
1987899
1988011
1988087
1988291
1988407
1988575
1988649
1988663
1988763
1988883
1989115
1989251
1989419
1989471
1989555
1989925
1990017
1990025
1990125
1990211
1990489
1990737
1990801
1991165
1991167
1991223
1991299
1991325
1991379
1991577
1991705
1991745
1991763
1991997
1992037
1992165
1992419
1992501
1992717
1992765
1992805
1992855
1992969
1993039
1993047
1993209
1993251
1993261
1993287
1993353
1993495
1993509
1993511
1993645
1993647
1993891
1994463
1994509
1995049
1995173
1995411
1995579
1995661
1995677
1995681
1995755
1995759
1996087
1996173
1996229
1996467
1996539
1996693
1996857
1996907
1997261
1997271
1997319
1997593
1997663
1997881
1997981
1997987
1998299
1998729
1998815
1998863
1998905
1999045
1999251
1999269
1999323
1999327
1999497
1999531
1999611
1999717
1999771
1999881
1999885
1999929
1999933
