# proven primes: b with (b^32+1)/2 prime (aprcl), block [11000000,12000000)
11000057
11000399
11000675
11000785
11000811
11000889
11001245
11001321
11001593
11001793
11001875
11001923
11001941
11002003
11002099
11002341
11002775
11002783
11002949
11003069
11003515
11003623
11003717
11004311
11004333
11004451
11004797
11005541
11005565
11005663
11005715
11005873
11006015
11006033
11006127
11006357
11006553
11006745
11006853
11007015
11007155
11007501
11007509
11007569
11007709
11007725
11007791
11007825
11008063
11008131
11008179
11008417
11008441
11008527
11008937
11008951
11009165
11009339
11009567
11009623
11009765
11010021
11010089
11010129
11010135
11010203
11010445
11010613
11010641
11010733
11010763
11010847
11010985
11010995
11011111
11011203
11011271
11011487
11011625
11011739
11011923
11012479
11012641
11012709
11012823
11012839
11012949
11013211
11013297
11013645
11013715
11013769
11013811
11013987
11014177
11014225
11014233
11014281
11014413
11014469
11014569
11014583
11014641
11015065
11015123
11015167
11015393
11015477
11015751
11015869
11015917
11016229
11016365
11016567
11016617
11016971
11017147
11017269
11018029
11018235
11018333
11018483
11018529
11018633
11018799
11018841
11019183
11019353
11019759
11019803
11019849
11020105
11020611
11020851
11021183
11021321
11021881
11021927
11022037
11022073
11022331
11022343
11022431
11022503
11022505
11022521
11022523
11022653
11022709
11022947
11023277
11023387
11023563
11023579
11024163
11024169
11024361
11024375
11024445
11024541
11024753
11024891
11024935
11025009
11025363
11025425
11025525
11025569
11025625
11025731
11025797
11025999
11026011
11026197
11026203
11026721
11026767
11027153
11027453
11027553
11027589
11027693
11027741
11028247
11028305
11028583
11028615
11028639
11028777
11028843
11028867
11028907
11029183
11029255
11029705
11029775
11029941
11029947
11030181
11030215
11030419
11030565
11030575
11030577
11030913
11031109
11031259
11031333
11031509
11031699
11031765
11031825
11031949
11032121
11032247
11032257
11032273
11032317
11032345
11032447
11032497
11032511
11032677
11032725
11032835
11032925
11033041
11033101
11033231
11033255
11033611
11033671
11033973
11034005
11034017
11034213
11034293
11034797
11035423
11035519
11035659
11035723
11036203
11036239
11036335
11036519
11036543
11036747
11036825
11037549
11037643
11037711
11037739
11037811
11037989
11038003
11038673
11038937
11039011
11039063
11039065
11039205
11039239
11039263
11039309
11039325
11039385
11039487
11039729
11039781
11039979
11040109
11040141
11040327
11040481
11040615
11040683
11040813
11040943
11040959
11041159
11041453
11041485
11041779
11041969
11042125
11042143
11042321
11042397
11042463
11042797
11042809
11043135
11043189
11043237
11043475
11043529
11043831
11043929
11043957
11044071
11044229
11044417
11044627
11045005
11045027
11045161
11045179
11045187
11045371
11045387
11045431
11045569
11045575
11045613
11045633
11045727
11045773
11045925
11045975
11046007
11046013
11046055
11046141
11046405
11046505
11046531
11046715
11047003
11047213
11047227
11047421
11047909
11047969
11048311
11048321
11048637
11048823
11048873
11049091
11049093
11049227
11049721
11049779
11049957
11050023
11050077
11050091
11050153
11050401
11050455
11050561
11050791
11050799
11050843
11050929
11050983
11051069
11051331
11051387
11051463
11051569
11051675
11051751
11051825
11052035
11052107
11052171
11052217
11052291
11052491
11052587
11053203
11053415
11053721
11053723
11053741
11053827
11053941
11053947
11053975
11054085
11054101
11054335
11054419
11054635
11054717
11054841
11054927
11055153
11055441
11055453
11055529
11055573
11055657
11055729
11055761
11055781
11055863
11055873
11055895
11055913
11056031
11056115
11056361
11056395
11056861
11056909
11057105
11057137
11057187
11057503
11057669
11057825
11057827
11057833
11058045
11058083
11058171
11058251
11058355
11058393
11058453
11058493
11058539
11058653
11058757
11058847
11059049
11059051
11059531
11059649
11059745
11059799
11059999
11060195
11060201
11060443
11060527
11061017
11061021
11061027
11061427
11061495
11062377
11062395
11062397
11063129
11063207
11063463
11063551
11063573
11063855
11063887
11064385
11064561
11064881
11064911
11065023
11065033
11065073
11065243
11065255
11065463
11065537
11065673
11065725
11065807
11065875
11066045
11066089
11066265
11066293
11066295
11066319
11066335
11066435
11066677
11066715
11066827
11066891
11067115
11067215
11067309
11067355
11067373
11067383
11067547
11067591
11067687
11067879
11067955
11068003
11068049
11068087
11068219
11068341
11068503
11068699
11068797
11068927
11069137
11069297
11069321
11069653
11070013
11070031
11070215
11070247
11070461
11070471
11070681
11070847
11070887
11071159
11071243
11071475
11071541
11072029
11072081
11072099
11072103
11072153
11072235
11072267
11072551
11072805
11072959
11073003
11073127
11073145
11073485
11073589
11073893
11073913
11073959
11074469
11075019
11075195
11075309
11075457
11075479
11075903
11075987
11076249
11076541
11076555
11076603
11076769
11076839
11076951
11077353
11077567
11077721
11077907
11078099
11078109
11078145
11078227
11078321
11078397
11078479
11078815
11078897
11079021
11079131
11079135
11079165
11079333
11079357
11079425
11079503
11079543
11079613
11079663
11079835
11079871
11079909
11080135
11080295
11080347
11080541
11080793
11080881
11081055
11081149
11081547
11081577
11081633
11081657
11081919
11082145
11082213
11082339
11082603
11082777
11083007
11083013
11083167
11083267
11083435
11083459
11083733
11083827
11083911
11083971
11084125
11084157
11084485
11084517
11084779
11084787
11084871
11084909
11085103
11085107
11085301
11085515
11085541
11085565
11085577
11085599
11085983
11086065
11086083
11086169
11086171
11086203
11086449
11086523
11086531
11086715
11086733
11087001
11087081
11087353
11087619
11087801
11087961
11088041
11088071
11088091
11088205
11088259
11088443
11088527
11088591
11088767
11088897
11089545
11089643
11089699
11089931
11090185
11090451
11090479
11090535
11090681
11090777
11090779
11090795
11090875
11090945
11091073
11091213
11091373
11091433
11091633
11091863
11091981
11092079
11092427
11092575
11092661
11092741
11092793
11092947
11093011
11093079
11093309
11093533
11093633
11093649
11093775
11093845
11094385
11094561
11094605
11094743
11094841
11094953
11095045
11095141
11095331
11095381
11095419
11095527
11095719
11095873
11095979
11096173
11096203
11096279
11096283
11096387
11096701
11096731
11096979
11097431
11097669
11097677
11097783
11097937
11098061
11098125
11098143
11098245
11098431
11098561
11098759
11099113
11099413
11099565
11099629
11099843
11100067
11100383
11100745
11100973
11101157
11101191
11101433
11101697
11101755
11101777
11102005
11102149
11102291
11102409
11102501
11102719
11103017
11103039
11103163
11103175
11103177
11103227
11103299
11103403
11104083
11104517
11104531
11104603
11104637
11104733
11104743
11105113
11105237
11105347
11105715
11105865
11105993
11105995
11106235
11106241
11106363
11106651
11106741
11106831
11106847
11106849
11106919
11107133
11107199
11107247
11107299
11107331
11107343
11107355
11107367
11107379
11107477
11108125
11108207
11108243
11109013
11109327
11109337
11109429
11109439
11109441
11109651
11110137
11110239
11110409
11110509
11110573
11110671
11110805
11111225
11111301
11111855
11111957
11112015
11112057
11112321
11112537
11112661
11112665
11113245
11113353
11113485
11113687
11113739
11113939
11113949
11114047
11114135
11114145
11114153
11114399
11114403
11114577
11114683
11115297
11115335
11115527
11115721
11115739
11116083
11116111
11116125
11116195
11116511
11116523
11116931
11116987
11117011
11117023
11117113
11117217
11117253
11117549
11117557
11117813
11117821
11117865
11117867
11117895
11117975
11118013
11118181
11118271
11118321
11118339
11118543
11118585
11118807
11118909
11118975
11119047
11119095
11119133
11119139
11119225
11119275
11119889
11120033
11120047
11120173
11120907
11120949
11121043
11121157
11121483
11122003
11122017
11122697
11122755
11122959
11123179
11123181
11123215
11123385
11123825
11123931
11124261
11124285
11124319
11124343
11124727
11125045
11125105
11125109
11125267
11125405
11125705
11125991
11126027
11126133
11126453
11126661
11126735
11126845
11126877
11126943
11127045
11127073
11127115
11127411
11127423
11127531
11127567
11127615
11127805
11128115
11128179
11128295
11128585
11128669
11129049
11129383
11129411
11129459
11129689
11129727
11129951
11130071
11130529
11130741
11131155
11131205
11131315
11131423
11131441
11131443
11131583
11131711
11131761
11131777
11132003
11132191
11132287
11132687
11132707
11132791
11132805
11132863
11132975
11133049
11133085
11133095
11133345
11133617
11133625
11133711
11133715
11133737
11133843
11133897
11133921
11134109
11134507
11134513
11134637
11134765
11134787
11134795
11135063
11135573
11136393
11136501
11136505
11136529
11136555
11136579
11136951
11137273
11137687
11137885
11138173
11138353
11138411
11138483
11138507
11138599
11138601
11138631
11138667
11138699
11138997
11139013
11139125
11139161
11139425
11139605
11139741
11139767
11139779
11139813
11139851
11139877
11140103
11140145
11140301
11140495
11140621
11140727
11140755
11140893
11140923
11140957
11140997
11141005
11141043
11141169
11141181
11141311
11141657
11141789
11141835
11141859
11142031
11142211
11142267
11142597
11142643
11142683
11142887
11142909
11143025
11143169
11143289
11143373
11143419
11143479
11143529
11143709
11143723
11143889
11144483
11144533
11144657
11144733
11144779
11145167
11145323
11145757
11145933
11146205
11146441
11146545
11146547
11146881
11147117
11147211
11147471
11147523
11147571
11147791
11147889
11148067
11148203
11148555
11148913
11148967
11149393
11149399
11149447
11149459
11149767
11149775
11149787
11150161
11150221
11150305
11150747
11150785
11151031
11151039
11151221
11151245
11151379
11151403
11151535
11151559
11151609
11151747
11151941
11152459
11152497
11152511
11152825
11153047
11153235
11153347
11153697
11153901
11153915
11154113
11154365
11154457
11154621
11154635
11154739
11154921
11155057
11155181
11155421
11155473
11156165
11156509
11156589
11156807
11156887
11157223
11158117
11158329
11158407
11158663
11158783
11158933
11159071
11159191
11159257
11159259
11159353
11159363
11159539
11159585
11159591
11159599
11159867
11159883
11159941
11160195
11160361
11160635
11160767
11160835
11160907
11161133
11161361
11161561
11161659
11161685
11161881
11161909
11162417
11162651
11162891
11162933
11162949
11163111
11163279
11163751
11163851
11164055
11164075
11164165
11164185
11164215
11164337
11164399
11164467
11164791
11165045
11165145
11165151
11165179
11165495
11165501
11165643
11166005
11166057
11166117
11166281
11166549
11166653
11166793
11166803
11166843
11167093
11167831
11168053
11168253
11168261
11168285
11168337
11168417
11168447
11168459
11168587
11168637
11168761
11168809
11168929
11169295
11169559
11169655
11169811
11169839
11169853
11170357
11170633
11170659
11170673
11170991
11171043
11171055
11171355
11171397
11171423
11171855
11171889
11172079
11172177
11172439
11172629
11172843
11173013
11173147
11173161
11173219
11173301
11173323
11173695
11173711
11173955
11174043
11174263
11174437
11174467
11174485
11174489
11174653
11174655
11174777
11174965
11175033
11175529
11175569
11175673
11175763
11175849
11176069
11176151
11176175
11176425
11176623
11176715
11176915
11176959
11177153
11177221
11177249
11177347
11177405
11177495
11177529
11178165
11178327
11178615
11178619
11178621
11178653
11178711
11178983
11179157
11179231
11179397
11179575
11179677
11179763
11179831
11179909
11179929
11180147
11180153
11180241
11180265
11180381
11180613
11180689
11180733
11180827
11181083
11181111
11181541
11181717
11181955
11182263
11182583
11182609
11182669
11182825
11182869
11182965
11182999
11183007
11183449
11183641
11183853
11184921
11185107
11185315
11185401
11185447
11185653
11185857
11185869
11186403
11186761
11186945
11187011
11187193
11187401
11187419
11187821
11187897
11188187
11188257
11188287
11188307
11188345
11188499
11188549
11188553
11188597
11188673
11188711
11188797
11188807
11188879
11189077
11189093
11189123
11189441
11189973
11190191
11190269
11190475
11190545
11190623
11190809
11190989
11191055
11191089
11191201
11191523
11191669
11191743
11191793
11191807
11191907
11192087
11192117
11192395
11192587
11192779
11192781
11192825
11192935
11192979
11193253
11193477
11193631
11194093
11194513
11195465
11195525
11195543
11195705
11195787
11195815
11195861
11195905
11195909
11195981
11196459
11196593
11196633
11196751
11196795
11196913
11197033
11197583
11197795
11197855
11197961
11197999
11198241
11198329
11198469
11198565
11198773
11198833
11198941
11199125
11199157
11199165
11199217
11199233
11199265
11199325
11199397
11199899
11199959
11199983
11200063
11200109
11200131
11200289
11200369
11200541
11200897
11201063
11201231
11201329
11201481
11201797
11201835
11201979
11202009
11202075
11202133
11202663
11202743
11202993
11203039
11203111
11203259
11203341
11203347
11203433
11203449
11203697
11203717
11204083
11204095
11204181
11204405
11204831
11205263
11205639
11205657
11205709
11205811
11206051
11206077
11206125
11206305
11206327
11206379
11206497
11206537
11206581
11206681
11206711
11206763
11207305
11207815
11208025
11208057
11208143
11209079
11209129
11209151
11209207
11209243
11209403
11209417
11209607
11209617
11209761
11209905
11210015
11210617
11210793
11210795
11210821
11211099
11211223
11211355
11211447
11211529
11211569
11211655
11211831
11211849
11211973
11212199
11212369
11212447
11212551
11212755
11212811
11212917
11213355
11213685
11213701
11214057
11214097
11214221
11214291
11214301
11214561
11214593
11214679
11214939
11215015
11215433
11215625
11215863
11216009
11216233
11216285
11216489
11216635
11216799
11216841
11216903
11216983
11216985
11217115
11217183
11217797
11217859
11217957
11217973
11217995
11218125
11218171
11218233
11218427
11218555
11218695
11218741
11218765
11218833
11218969
11218989
11219167
11219233
11219467
11219777
11219863
11220139
11220481
11220635
11220883
11221057
11221237
11221263
11221265
11221497
11221549
11221569
11221605
11221627
11221725
11221973
11222065
11222309
11222317
11223065
11223107
11223197
11223251
11223367
11223933
11223985
11224199
11224475
11224669
11224715
11224857
11225007
11225085
11225273
11225297
11225583
11225599
11226035
11226089
11226133
11226169
11226197
11226283
11226375
11226383
11226465
11226819
11226853
11227309
11227451
11227475
11227583
11227673
11227713
11227769
11228103
11228177
11228179
11228419
11228431
11228535
11228605
11228613
11228627
11228863
11228995
11229329
11229391
11229415
11229457
11229471
11229595
11229789
11229845
11230069
11230097
11230227
11230335
11230717
11230835
11231121
11231165
11231255
11231349
11231369
11231667
11231697
11232505
11232541
11232601
11232651
11232715
11232983
11233033
11233113
11233193
11233553
11233611
11233701
11233711
11234137
11234151
11234201
11234225
11234237
11234301
11234639
11234651
11234863
11234911
11235029
11235255
11236225
11236453
11236609
11236689
11236779
11236891
11236925
11237007
11237183
11237259
11237297
11237389
11237435
11237561
11238031
11238385
11238437
11238471
11240265
11240273
11240299
11240597
11240621
11240787
11240821
11240911
11241115
11241213
11241607
11241623
11241661
11242213
11242385
11242525
11242561
11242713
11242775
11242837
11242869
11242937
11243117
11243503
11243851
11243863
11244379
11244425
11244501
11244825
11245119
11245421
11245447
11245861
11246315
11246809
11247345
11247765
11247813
11247865
11247889
11247989
11248117
11248389
11248491
11248519
11248633
11248645
11248665
11248997
11249075
11249353
11249431
11250053
11250091
11250157
11250209
11250331
11250403
11251067
11251081
11251259
11251289
11251313
11251317
11251561
11251649
11251799
11251905
11251953
11252083
11252245
11252449
11252819
11252893
11252897
11253067
11253259
11253343
11253559
11253567
11253663
11253733
11253757
11254093
11254163
11254397
11254527
11254829
11254903
11254923
11255037
11255079
11255319
11255343
11255365
11255389
11255459
11255637
11255739
11255821
11256287
11256715
11256743
11256913
11257235
11257513
11257675
11257819
11257899
11258053
11258081
11258171
11258713
11258805
11258901
11258979
11258987
11258997
11259107
11259425
11259629
11259693
11259983
11259999
11260027
11260061
11260255
11260263
11260423
11260537
11260621
11260803
11261155
11261371
11261415
11261501
11261921
11262065
11262403
11262605
11262781
11263045
11263145
11263173
11263323
11263505
11263727
11264125
11264159
11264207
11264395
11264697
11264739
11264799
11264887
11264913
11264971
11265389
11265465
11265467
11265803
11265907
11265983
11266277
11266323
11266393
11266409
11266423
11266583
11266843
11267119
11267131
11267179
11267185
11267323
11267397
11267537
11267539
11267615
11268071
11268423
11268945
11268953
11269005
11269177
11269265
11269499
11269835
11270125
11270153
11270209
11270305
11270319
11270445
11271047
11271237
11271249
11271393
11271555
11271877
11272521
11272881
11272885
11272915
11272993
11273135
11273223
11273323
11273369
11273513
11273617
11273951
11274191
11274237
11274481
11274571
11274969
11275167
11275189
11275271
11275371
11275769
11275991
11276013
11276095
11276117
11276181
11276203
11276417
11276465
11276609
11276649
11276699
11276715
11276879
11276969
11277021
11277035
11277225
11277735
11277877
11278103
11278173
11278221
11278431
11278465
11278527
11278741
11278837
11278921
11278923
11278939
11279023
11279103
11279123
11279255
11279465
11279489
11279557
11279875
11279883
11279971
11280071
11280131
11280265
11280293
11280301
11280307
11280527
11280601
11280799
11280801
11280823
11280931
11280987
11281187
11281299
11281399
11281417
11281547
11281631
11281819
11281901
11282109
11282425
11282473
11282871
11282975
11283329
11283615
11283841
11283845
11284083
11284465
11284491
11284499
11284583
11284597
11284733
11284805
11284831
11284913
11285199
11285299
11285617
11286077
11286087
11286153
11286563
11287075
11287721
11287753
11287829
11287883
11288093
11288231
11288249
11288291
11288629
11289337
11289633
11289867
11289873
11289977
11290011
11290069
11290137
11290259
11290379
11290817
11290885
11290893
11291189
11291319
11291473
11291507
11291611
11291639
11291753
11291759
11291761
11291809
11291977
11292063
11292159
11292435
11292635
11292761
11293049
11293369
11293877
11294105
11294127
11294269
11294763
11294859
11295275
11295347
11295667
11295715
11295839
11295901
11296271
11296337
11296567
11296613
11296621
11296789
11297065
11297087
11297129
11297405
11297447
11297635
11297913
11298105
11298201
11298419
11298443
11298527
11298539
11298951
11299069
11299099
11299153
11299293
11299405
11299583
11299599
11299717
11299763
11299867
11299967
11299973
11300027
11300043
11300047
11300087
11300219
11300377
11300481
11300633
11300721
11300739
11300869
11301023
11301177
11301239
11301243
11301257
11301265
11301313
11301325
11301331
11301579
11301639
11301969
11301973
11302007
11302075
11302331
11302665
11302725
11302827
11302915
11302925
11303101
11303141
11303297
11303305
11303367
11303521
11303681
11303879
11303937
11303989
11304017
11304025
11304031
11304117
11304197
11304229
11304313
11304721
11304803
11304825
11305037
11305693
11305697
11305745
11305945
11306007
11306043
11306097
11306269
11306343
11306429
11307031
11307093
11307173
11307199
11307249
11307259
11307527
11307599
11307669
11307755
11307953
11308079
11308181
11308259
11308405
11308899
11309205
11309335
11309367
11309369
11309399
11309463
11309561
11309581
11309759
11310075
11310111
11310127
11310289
11310353
11310629
11310679
11310819
11310835
11311139
11311159
11311175
11311261
11311343
11311499
11311555
11311617
11311945
11312009
11312023
11312037
11312059
11312213
11312253
11312499
11312511
11312633
11312939
11312983
11313557
11313563
11313691
11313837
11313881
11314395
11314423
11314631
11314725
11315055
11315177
11315213
11315467
11315861
11315917
11316145
11316311
11316571
11316585
11316771
11316785
11317117
11317231
11317381
11317721
11317759
11317795
11317809
11318289
11318571
11318719
11319177
11319179
11319265
11319371
11319591
11319879
11319997
11320011
11320041
11320043
11320047
11320099
11320759
11320847
11320985
11321139
11321159
11321237
11321443
11321503
11321635
11321745
11321955
11322057
11322201
11322317
11322529
11322543
11322593
11322763
11322849
11322939
11322983
11322993
11323021
11323773
11323835
11323929
11324009
11324125
11324129
11324161
11324589
11324639
11324763
11324781
11324823
11325065
11325417
11325449
11325551
11325563
11325937
11325939
11326549
11326575
11326875
11327215
11327533
11327571
11327641
11327653
11328135
11328383
11328469
11328639
11328709
11328837
11328871
11329043
11329069
11329183
11329203
11329275
11329315
11329407
11329635
11330015
11330099
11330437
11330501
11330551
11330571
11330787
11331235
11331323
11331559
11331581
11331689
11331691
11331709
11331735
11331895
11331979
11332109
11332133
11332137
11332257
11332267
11332301
11332467
11332763
11332829
11332933
11333457
11333549
11333733
11333805
11333833
11333883
11334087
11334145
11334211
11334293
11334395
11334439
11334443
11334513
11334721
11334797
11334813
11335017
11335117
11335403
11335647
11336063
11336233
11336349
11336415
11336425
11336503
11336625
11336639
11336669
11336709
11336821
11336917
11337163
11337249
11337539
11337587
11337645
11337947
11338735
11338797
11339087
11339219
11339311
11339491
11339689
11339701
11339715
11340215
11340357
11340549
11340599
11340721
11340725
11340743
11340793
11340859
11340869
11341173
11341195
11341395
11341633
11342127
11342289
11342339
11342613
11342615
11342893
11343161
11343271
11343367
11343391
11343525
11343571
11343581
11343805
11343935
11344071
11344163
11344351
11344647
11344715
11344849
11345497
11345529
11345835
11345883
11345929
11345989
11346367
11346517
11346529
11346597
11346653
11346771
11346775
11346951
11347183
11347425
11347569
11347721
11347777
11347847
11348031
11348045
11348247
11348385
11348633
11348683
11348713
11348835
11348849
11348881
11349007
11349171
11349337
11349361
11349377
11349445
11349463
11349485
11349625
11349897
11349945
11350165
11350353
11350631
11350725
11350733
11350925
11351307
11351339
11351529
11351531
11351625
11351811
11352027
11352253
11352303
11352353
11352465
11352469
11352501
11352649
11352843
11353027
11353183
11353279
11353455
11353461
11353495
11353719
11353737
11353821
11354075
11354231
11354345
11354415
11354771
11354971
11355021
11355147
11355959
11356377
11356827
11356951
11357033
11357119
11357301
11357419
11357495
11357603
11357707
11357977
11358143
11358369
11358389
11358455
11358677
11358687
11358761
11358867
11359071
11359115
11359131
11359267
11359353
11359457
11359479
11359717
11359827
11359897
11360017
11360431
11360671
11360879
11360981
11361055
11361299
11361301
11361519
11361767
11361879
11362031
11362223
11362725
11362827
11362905
11362961
11363073
11363511
11363621
11363709
11363833
11364231
11364241
11364249
11364559
11364619
11364813
11365035
11365161
11365187
11365197
11366301
11366451
11366591
11366657
11366741
11366769
11366791
11367111
11367415
11367535
11367867
11368025
11368079
11368395
11369203
11369259
11369323
11369593
11369655
11369913
11369935
11370023
11370073
11370375
11370383
11370393
11370401
11370417
11370579
11370601
11370849
11371363
11371365
11371423
11371487
11371503
11371899
11372009
11372103
11372333
11372517
11372803
11372821
11373079
11373185
11373187
11373549
11373639
11373791
11373959
11374057
11374107
11374205
11374309
11374399
11374441
11374503
11374573
11374593
11374645
11374777
11374847
11374857
11374867
11375107
11375127
11375609
11375623
11375749
11375763
11375869
11375917
11376003
11376201
11376293
11377011
11377171
11377181
11377293
11377553
11377643
11377657
11377951
11378269
11378289
11378385
11378509
11378617
11378623
11378709
11379021
11379033
11379041
11379129
11379479
11379689
11379943
11380573
11380601
11380715
11380781
11380869
11380939
11381253
11381287
11381349
11381469
11381535
11381709
11381735
11381845
11381937
11382047
11382131
11382143
11382303
11382479
11382865
11382905
11383031
11383145
11383237
11383329
11383749
11383821
11383845
11384051
11384119
11384201
11384217
11384549
11384631
11384875
11385133
11385197
11385353
11385465
11385531
11385713
11385741
11386099
11386305
11386533
11386707
11386727
11386847
11387417
11387725
11387757
11388167
11388203
11388243
11388403
11388523
11388835
11388839
11389045
11389081
11389271
11389567
11389781
11389823
11389893
11389987
11390457
11390533
11390669
11390793
11390911
11391143
11391221
11391269
11391309
11391443
11391469
11391487
11391649
11391815
11392389
11392403
11392639
11392903
11392911
11393237
11393353
11393369
11393555
11393607
11393863
11393891
11393927
11393969
11394145
11394385
11394431
11394583
11394611
11394695
11394803
11394835
11394875
11394965
11395015
11395103
11395267
11395603
11395649
11395709
11395805
11395927
11396163
11396261
11396343
11396355
11396365
11396813
11396875
11397743
11397993
11398081
11398167
11398745
11398799
11398811
11399153
11399237
11399407
11399555
11399569
11399583
11399735
11399737
11399753
11399881
11399891
11399905
11400143
11400199
11400367
11400839
11400841
11401025
11401301
11401473
11401555
11401797
11401859
11402255
11402617
11402689
11403309
11403601
11403625
11403835
11403967
11404009
11404085
11404105
11404119
11404149
11404211
11404449
11404541
11404549
11404585
11404771
11405057
11405187
11405245
11405287
11405307
11405313
11405467
11405533
11405849
11406067
11406105
11406223
11406341
11406369
11406463
11406535
11406779
11406911
11407125
11407165
11407259
11407263
11407291
11407301
11407307
11407473
11407477
11407871
11408027
11408371
11408449
11408707
11408781
11409021
11409183
11409529
11409821
11409823
11410181
11410999
11411085
11411107
11411123
11411143
11411589
11411623
11411701
11411787
11411969
11412027
11412093
11412163
11412255
11412381
11412677
11412825
11412843
11412941
11412971
11413401
11413467
11413637
11413683
11413709
11413801
11413865
11414133
11414499
11414575
11414649
11414949
11415373
11415411
11415511
11415541
11415611
11415789
11415865
11415893
11415953
11416161
11416467
11416479
11416593
11416763
11416787
11416837
11416869
11416913
11416965
11417005
11417011
11417025
11417413
11417431
11417449
11417875
11417927
11418129
11418219
11418221
11418249
11418607
11418909
11419493
11419571
11419579
11419733
11420237
11420585
11420607
11420623
11420907
11421019
11421023
11421165
11421409
11421555
11421833
11421885
11421901
11422033
11422089
11422207
11422257
11422301
11422349
11422365
11422381
11422607
11422675
11422989
11423043
11423057
11423123
11423367
11423443
11423597
11423691
11423901
11424219
11424299
11424419
11424507
11424633
11424769
11424771
11424825
11424853
11425067
11425209
11425233
11425289
11425317
11425423
11425445
11425447
11425551
11425623
11425769
11425825
11425923
11425961
11426035
11426181
11426571
11426823
11426959
11427223
11427389
11427809
11427865
11428295
11428533
11428689
11428979
11429013
11429397
11429777
11429805
11429873
11430067
11430159
11430643
11430691
11430693
11431089
11431131
11431203
11431667
11431769
11431827
11431951
11432299
11432447
11432585
11432793
11433279
11433433
11433579
11433663
11433803
11433847
11433855
11433971
11434175
11434413
11434461
11434473
11434493
11434621
11434837
11434839
11435093
11435269
11435325
11435791
11435969
11436077
11436257
11436259
11436349
11436603
11436609
11436819
11436831
11436839
11436951
11437181
11437281
11437569
11437627
11437759
11438067
11438113
11438375
11438615
11438715
11438915
11439211
11439259
11439263
11439545
11439803
11439835
11440029
11440039
11440115
11440283
11440513
11440649
11440657
11440721
11440791
11440801
11440811
11440841
11440965
11441037
11441163
11441271
11441635
11441765
11442251
11442321
11442369
11442463
11442535
11442711
11442751
11442955
11443091
11443365
11443519
11443711
11443951
11444153
11444605
11444869
11445243
11445331
11445343
11445359
11445815
11446015
11446051
11446109
11446135
11446451
11446551
11446627
11446689
11446779
11446783
11446925
11447233
11447421
11447425
11447511
11448185
11448253
11448283
11448323
11448405
11448425
11448437
11448707
11449011
11449017
11449097
11449141
11449177
11449281
11449289
11449403
11449679
11449681
11450229
11450321
11450371
11450471
11450541
11450575
11450627
11450745
11450843
11450945
11451031
11451055
11451107
11451133
11451303
11451379
11451565
11451727
11452049
11452095
11452127
11452161
11452415
11452435
11452519
11452657
11452957
11453097
11453155
11453397
11453563
11453757
11453773
11453779
11453851
11453905
11454339
11454407
11454475
11454623
11454767
11454789
11455107
11455165
11455171
11455219
11455365
11455377
11455545
11455625
11455677
11455831
11456275
11456313
11456379
11456397
11456437
11456461
11456495
11456549
11456571
11456679
11456909
11457103
11457139
11457227
11457259
11457365
11457589
11457687
11457845
11457913
11458333
11458525
11458555
11458843
11458893
11458907
11458971
11459015
11459071
11459243
11459251
11459363
11459425
11459505
11459521
11459547
11459631
11460047
11460123
11460461
11460571
11460703
11460721
11460847
11460891
11461037
11461347
11461369
11461457
11461501
11461513
11461677
11461727
11461777
11461867
11462049
11462073
11462445
11462495
11462511
11462525
11462543
11462663
11462673
11462701
11462721
11462723
11463039
11463069
11463085
11463229
11463505
11463699
11464033
11464053
11464247
11464311
11464683
11464713
11464879
11464997
11465019
11465293
11465383
11465747
11465839
11466111
11466321
11466433
11466581
11466767
11466805
11466997
11467011
11467045
11467053
11467099
11467177
11467219
11467357
11467535
11467611
11467701
11467905
11467969
11468043
11468693
11468739
11468899
11468943
11469083
11469619
11469663
11469735
11469809
11469849
11469869
11469953
11470325
11470403
11470453
11470607
11470705
11470919
11471045
11471111
11471175
11471837
11471851
11472049
11472501
11472563
11472577
11472599
11472651
11472655
11472841
11472995
11473097
11473173
11473353
11473515
11473609
11473807
11474097
11474115
11474473
11474601
11474627
11474689
11474791
11474807
11474957
11474989
11475325
11475371
11475435
11475595
11475711
11475823
11475947
11476069
11476141
11476391
11476415
11476799
11477147
11477161
11477211
11477333
11477345
11477445
11477907
11477941
11478051
11478465
11478535
11478585
11478687
11478753
11478785
11478965
11479075
11479261
11479305
11479315
11479431
11479709
11479741
11480385
11480597
11480817
11480927
11480985
11480987
11481055
11481099
11481153
11481503
11481629
11481661
11481701
11481753
11481769
11481915
11482199
11482407
11482653
11482673
11482863
11482931
11483021
11483181
11483277
11483393
11483405
11483569
11483649
11483663
11483729
11483821
11484035
11484119
11484197
11484287
11484609
11484621
11485059
11485181
11485317
11485327
11485375
11485537
11485595
11485755
11486135
11486199
11486563
11486645
11486757
11487081
11487087
11487265
11487277
11487387
11487813
11488029
11488055
11488175
11488223
11488229
11488285
11488343
11488521
11488567
11488597
11489027
11489079
11489271
11489295
11489631
11489969
11490077
11490277
11490327
11490603
11490633
11490827
11491009
11491145
11491485
11491523
11492045
11492051
11492139
11492579
11492601
11492867
11492935
11493285
11493393
11493467
11493553
11493713
11493853
11493929
11493969
11494169
11494259
11494367
11494429
11494529
11494669
11495189
11495359
11495557
11495611
11495673
11495711
11495925
11495999
11496137
11496179
11496307
11496321
11496419
11496765
11496863
11497065
11497341
11497403
11497541
11497757
11497805
11497845
11497977
11498219
11498581
11498769
11498783
11498923
11499115
11499137
11499295
11499405
11499761
11499923
11500415
11500457
11500599
11500769
11500917
11500923
11501007
11501059
11501231
11501421
11501563
11501969
11502047
11502083
11502163
11502469
11502511
11502621
11502781
11502867
11502883
11503083
11503145
11503317
11503323
11503347
11503397
11503547
11503603
11503667
11503713
11503821
11503963
11503983
11503989
11504095
11504321
11504585
11504807
11505053
11505557
11505835
11506137
11506395
11506441
11506781
11506809
11506855
11506857
11506989
11507159
11507379
11507501
11507817
11507929
11508201
11508301
11508479
11509117
11509305
11509347
11509765
11510023
11510373
11510425
11510529
11510691
11510783
11510833
11510899
11510927
11510951
11511269
11511515
11511623
11511719
11511923
11512079
11512863
11512887
11513207
11513367
11513381
11513405
11513605
11513977
11513987
11514031
11514049
11514205
11514439
11514551
11514655
11515401
11515715
11515725
11516153
11516163
11516229
11516401
11516555
11516631
11516825
11516901
11517119
11517373
11517375
11517691
11518125
11518155
11518389
11518475
11518621
11518677
11518935
11518937
11518949
11518997
11519199
11519373
11519617
11519717
11519741
11519821
11519895
11519949
11520329
11520403
11520411
11520535
11520619
11520641
11520835
11520889
11520947
11520973
11521085
11521375
11521509
11521661
11521815
11521953
11522091
11522177
11522587
11522633
11522645
11522651
11522871
11522881
11523015
11523075
11523235
11523239
11523279
11523295
11523451
11523621
11523713
11523971
11524047
11524087
11524211
11524241
11524355
11524385
11524413
11524735
11524765
11524963
11525237
11525463
11525641
11525875
11525881
11525893
11525951
11526305
11526429
11526739
11526839
11526889
11527275
11527353
11527421
11527483
11527511
11527569
11527571
11527605
11527699
11527703
11527913
11528225
11528275
11528317
11528463
11528485
11528553
11528837
11528965
11529279
11529475
11529885
11530075
11530253
11530435
11530537
11531025
11531163
11531165
11531307
11531415
11531459
11531931
11531969
11532163
11532321
11532347
11532413
11532633
11532823
11532841
11533185
11533201
11533235
11533415
11533491
11533519
11533603
11533909
11533951
11534299
11534375
11534789
11534911
11535275
11535319
11535425
11535475
11535701
11535717
11535739
11535765
11535805
11535943
11536171
11536389
11536529
11536743
11536817
11536851
11536925
11536935
11537013
11537099
11537389
11537889
11538047
11538253
11538569
11538759
11538861
11539133
11539307
11539957
11540007
11540197
11540283
11540343
11540425
11540675
11540701
11540767
11540817
11540827
11541041
11541097
11541129
11541385
11541545
11541625
11541695
11541843
11541961
11542019
11542175
11542313
11542387
11542415
11542623
11542679
11543011
11543725
11543907
11543913
11543959
11544055
11544103
11544121
11544327
11544407
11544423
11544497
11544547
11544745
11544801
11544821
11544893
11545109
11545253
11545587
11545601
11545715
11545811
11545949
11546177
11546263
11546501
11546649
11546659
11546703
11546711
11546777
11547207
11547321
11547369
11547405
11547567
11547763
11547835
11547877
11547919
11548235
11548395
11548451
11548939
11549045
11549093
11549143
11549175
11549353
11549437
11549537
11549855
11549909
11549933
11549953
11550457
11550627
11550993
11551151
11551179
11551377
11551427
11551433
11551679
11552005
11552017
11552105
11552187
11552229
11552277
11552425
11552801
11552937
11552957
11552961
11552987
11553127
11553217
11553339
11553429
11553477
11553731
11553775
11553933
11554379
11554403
11554421
11554547
11554631
11554989
11555109
11555113
11555149
11555397
11555437
11555527
11555659
11555727
11555825
11555903
11556199
11556233
11556599
11556677
11556699
11556917
11557087
11557161
11557177
11557441
11557587
11557633
11557677
11557773
11558377
11558459
11558525
11558909
11558931
11559483
11559519
11559735
11560013
11560259
11560291
11560477
11560483
11560513
11560577
11560745
11561303
11561573
11561635
11561809
11562087
11562089
11562121
11562135
11562171
11562379
11562411
11562429
11562549
11562627
11562683
11562777
11562853
11562879
11563095
11563339
11563351
11563409
11563573
11563605
11563837
11563845
11563873
11563927
11564105
11564127
11564403
11564687
11565129
11565141
11565269
11565309
11565335
11565405
11565495
11565783
11565821
11566053
11566287
11566643
11566655
11566901
11567425
11567787
11567987
11568091
11568197
11568403
11568499
11568669
11568747
11568787
11568821
11568955
11569343
11569431
11569495
11569513
11569555
11569569
11569577
11569681
11569899
11570009
11570473
11570607
11570681
11570731
11570969
11571535
11571903
11571945
11571973
11572061
11572373
11572509
11572569
11572857
11572873
11573049
11573237
11573417
11573845
11573847
11574351
11574485
11574603
11574621
11574689
11574705
11574745
11574981
11574991
11575033
11575039
11575121
11575123
11575323
11575615
11575775
11575951
11575975
11576299
11576499
11576593
11576633
11576735
11576737
11577071
11577175
11577245
11577329
11577493
11577823
11577831
11577893
11578077
11578211
11578711
11578763
11578785
11578787
11578835
11579167
11579265
11579305
11579471
11579589
11579729
11579755
11579873
11579969
11580009
11580109
11580199
11580535
11580713
11580893
11581049
11581271
11581301
11581339
11581475
11581595
11581597
11581623
11581817
11582011
11582159
11582927
11583095
11583173
11583241
11583289
11583337
11583595
11583941
11583987
11584153
11584327
11584343
11584439
11584549
11584763
11584897
11585121
11585237
11585295
11585335
11585903
11585921
11586173
11586489
11586561
11586585
11586653
11586805
11587093
11587151
11587479
11587767
11587833
11587913
11587949
11587975
11588179
11588229
11588499
11588573
11588635
11588763
11589007
11589313
11589415
11589839
11590067
11590183
11590275
11590713
11590763
11590801
11590857
11590969
11591589
11591901
11592045
11592173
11592251
11592547
11592741
11592785
11593087
11593097
11593265
11593407
11593559
11593593
11593595
11593623
11593803
11593849
11593899
11594011
11594427
11594453
11594595
11594609
11594763
11594819
11594933
11595003
11596169
11596249
11596309
11596625
11596645
11596783
11596841
11596889
11597059
11597115
11597121
11597483
11597671
11597695
11597713
11597995
11598063
11598079
11598123
11598187
11598371
11598485
11598537
11598559
11598667
11598753
11598837
11598989
11599063
11599191
11599337
11599521
11599799
11599855
11599997
11600263
11600317
11600391
11600465
11600479
11600981
11601189
11601367
11601599
11601671
11601699
11601787
11601867
11602151
11602235
11602295
11602479
11602509
11602983
11602999
11603079
11603299
11603345
11603397
11603543
11603821
11604101
11604123
11604835
11604853
11604883
11604919
11604921
11605117
11605137
11605291
11605301
11605319
11605461
11605561
11605645
11605733
11605777
11605837
11605915
11606027
11606045
11606275
11606401
11606945
11607085
11607127
11607429
11607665
11607797
11607907
11608269
11608451
11608645
11608759
11608869
11608945
11608997
11609427
11609541
11609583
11609853
11610031
11610303
11610339
11610479
11610669
11610677
11610721
11610779
11610875
11611089
11611153
11611263
11611293
11611909
11611953
11612091
11612401
11612439
11612505
11612853
11613343
11613659
11613721
11613729
11613823
11614129
11614161
11614211
11614269
11614565
11614597
11614841
11614861
11615167
11615315
11615597
11615659
11615901
11615989
11616033
11616105
11616229
11616293
11616443
11616649
11616687
11616739
11616821
11616897
11616947
11617203
11617307
11617411
11617499
11617647
11617747
11617775
11617969
11618471
11618485
11618521
11618557
11619209
11619223
11619275
11619419
11619581
11619627
11619721
11619837
11620141
11620159
11620175
11620741
11620765
11620963
11621013
11621067
11621115
11621209
11621521
11621689
11621781
11621929
11621993
11622167
11622263
11622303
11622369
11622889
11622961
11623157
11623235
11623279
11623307
11623449
11623577
11623763
11623925
11624135
11624409
11624469
11624625
11624827
11624929
11625009
11625365
11625399
11625447
11625527
11625693
11625713
11626095
11626127
11626185
11626209
11626227
11626267
11626397
11626525
11626529
11626923
11626999
11627547
11627733
11627763
11628159
11628315
11628329
11628407
11628451
11628561
11628577
11628815
11628855
11628899
11629067
11629205
11629229
11629333
11629353
11629405
11629427
11629439
11629585
11629617
11629625
11629771
11630001
11630015
11630257
11630379
11630509
11630871
11631135
11631197
11631255
11631331
11631523
11631525
11631807
11631863
11631899
11632251
11632337
11632673
11632707
11633159
11633167
11633275
11633613
11633933
11634133
11634311
11634361
11634553
11634803
11634903
11634965
11634967
11635085
11635089
11635189
11635487
11635515
11635723
11635761
11636107
11636155
11636287
11636509
11636805
11636833
11636857
11637085
11637521
11637537
11637545
11637611
11638119
11638271
11638413
11638449
11638473
11638611
11638859
11638881
11638999
11639135
11639489
11639595
11639683
11639821
11639931
11640299
11640449
11640489
11640551
11640661
11640665
11640739
11640747
11640787
11640789
11641273
11641383
11641423
11641539
11641651
11641753
11641819
11641947
11641987
11642061
11642119
11642477
11642539
11642617
11642689
11642867
11643395
11643471
11643499
11643529
11643621
11643857
11644129
11644319
11644577
11644921
11645239
11645255
11645345
11645379
11645393
11645453
11645805
11645915
11645927
11645941
11646127
11646161
11646295
11646367
11646727
11646735
11646741
11647083
11647361
11647663
11647701
11647809
11648183
11648267
11648325
11648681
11648751
11649025
11649189
11649203
11649297
11649889
11649919
11650083
11650139
11650149
11650245
11650277
11651027
11651177
11651203
11651221
11651327
11651385
11651495
11651505
11651617
11651717
11651847
11651875
11652117
11652185
11652309
11653019
11653097
11653101
11653263
11653423
11653569
11653719
11653803
11653895
11654031
11654129
11654293
11654351
11654455
11654493
11654627
11654723
11654907
11654997
11655211
11655491
11655599
11655793
11656005
11656313
11656319
11656377
11656451
11656973
11656977
11657057
11657261
11657327
11657391
11657701
11657779
11657851
11658111
11658133
11658255
11658651
11658703
11658791
11658793
11658911
11659055
11659205
11659311
11659321
11659329
11659589
11659743
11659853
11659905
11659959
11660179
11660401
11660475
11660503
11660521
11660785
11660933
11661139
11661383
11661427
11661501
11661883
11662291
11662293
11662303
11662345
11662493
11662573
11662713
11662743
11662849
11662947
11663081
11663169
11663679
11663933
11664025
11664071
11664155
11664207
11664243
11664419
11664625
11664641
11664895
11664937
11665071
11665461
11665543
11665723
11665785
11665805
11665873
11665925
11666033
11666069
11666169
11666491
11666577
11666657
11666663
11666715
11666899
11667013
11667043
11667237
11667345
11667363
11667431
11667585
11667879
11667985
11668401
11668557
11668619
11668657
11668965
11669065
11669259
11669551
11669773
11669785
11669853
11669863
11670079
11670107
11670137
11670251
11670299
11670421
11670477
11670561
11670601
11671011
11671209
11671293
11671329
11671341
11671485
11671657
11672015
11672179
11672417
11672423
11672657
11672743
11672801
11672961
11673003
11673091
11673119
11673225
11673403
11673413
11673459
11673523
11673807
11673907
11673953
11673955
11674167
11674249
11674329
11674361
11674367
11674389
11674547
11674619
11674735
11675423
11675473
11675729
11675945
11676021
11676055
11676159
11676245
11676285
11676497
11676675
11676843
11676863
11677335
11677717
11677805
11677961
11678201
11678215
11678327
11678333
11678509
11678539
11678565
11678601
11678801
11679075
11679723
11680127
11680267
11680361
11680747
11680823
11680839
11681081
11681539
11681793
11682289
11682351
11682483
11682515
11682863
11683117
11683297
11683541
11683545
11683609
11683779
11683839
11683979
11684147
11684389
11684443
11684531
11684999
11685121
11685223
11685575
11685623
11685683
11685827
11685899
11685915
11685983
11686101
11686105
11686445
11686495
11686555
11686577
11686603
11686675
11686759
11686763
11686811
11686815
11686827
11686939
11687137
11687181
11687233
11687489
11687523
11687767
11687871
11688077
11688419
11688541
11688737
11688831
11689163
11689261
11689287
11689651
11689777
11689839
11689847
11689853
11689863
11690147
11690713
11690727
11690767
11691295
11691303
11691469
11691755
11691799
11691811
11691813
11692267
11692393
11692713
11692887
11692903
11692949
11693675
11693705
11693871
11693943
11694175
11694371
11694587
11694641
11694769
11695169
11695191
11695217
11695283
11695511
11695645
11695687
11695981
11696041
11696255
11696577
11696741
11696811
11697191
11697393
11697421
11697619
11697853
11698423
11698441
11698451
11698477
11698657
11698693
11698777
11698905
11699133
11699301
11699329
11699395
11699477
11699605
11699685
11699755
11699953
11700143
11700201
11700287
11700555
11700559
11700567
11700619
11701361
11701425
11701665
11701919
11702147
11702207
11702259
11702267
11702325
11702335
11702523
11702579
11702703
11702795
11702845
11703061
11703429
11703513
11703687
11704117
11704131
11704429
11704493
11704557
11704671
11704839
11704895
11705107
11705123
11705253
11705353
11705373
11705427
11705517
11705733
11705793
11705805
11705845
11706147
11706303
11706381
11706625
11706639
11706755
11706917
11706973
11707037
11707153
11707559
11707561
11707625
11707627
11707709
11707975
11708059
11708175
11708321
11708455
11708485
11708767
11708881
11708905
11709325
11709471
11709817
11710309
11710323
11710331
11710387
11710657
11710919
11710963
11711035
11711443
11711643
11711653
11711717
11711989
11712157
11712241
11712435
11712509
11712583
11712663
11712717
11713497
11713811
11713875
11714121
11714419
11714435
11714469
11714859
11714871
11714947
11715137
11715279
11715395
11715501
11715709
11715765
11715909
11715949
11715973
11716029
11716173
11716751
11717011
11717105
11717565
11717843
11717881
11717943
11718087
11718093
11718125
11718163
11718297
11718381
11718791
11718869
11719029
11719039
11719043
11719045
11719057
11719151
11719191
11719355
11719485
11719605
11719701
11719827
11719861
11719973
11720211
11720253
11720313
11720869
11720893
11720991
11721019
11721209
11721341
11721461
11721721
11722215
11722223
11722253
11722431
11722561
11722729
11722771
11722799
11722817
11722819
11723071
11723105
11723161
11723179
11723237
11723291
11723607
11723669
11723695
11723721
11723751
11723777
11723807
11724059
11724401
11724607
11724727
11724899
11725205
11725215
11725229
11725307
11725383
11725575
11725709
11726061
11726085
11726375
11726445
11726499
11726529
11726601
11726695
11726859
11726927
11727067
11727147
11727573
11727633
11727777
11727913
11727933
11727969
11728097
11728155
11728361
11728373
11728455
11728531
11728999
11729221
11729671
11729769
11729809
11730349
11730481
11730689
11730727
11730869
11730883
11730935
11731023
11731039
11731127
11731237
11731471
11731487
11731539
11731591
11731605
11731923
11732283
11732347
11732601
11732605
11732609
11732779
11733035
11733175
11733295
11733321
11733461
11733623
11733651
11733945
11733971
11734143
11734165
11734177
11734257
11734515
11734601
11734745
11734901
11735177
11735313
11735563
11735643
11735833
11735863
11735881
11736415
11736515
11736521
11736807
11737011
11737255
11737445
11737529
11737699
11737751
11737935
11738423
11738593
11738723
11738785
11739227
11739241
11739463
11739479
11739755
11739777
11739851
11740003
11740059
11740093
11740139
11740291
11740437
11740475
11740567
11740625
11740651
11740827
11740913
11740955
11741237
11741253
11741469
11741571
11741573
11741607
11741737
11741815
11741877
11742037
11742431
11742599
11742603
11742617
11742637
11742671
11742687
11743113
11743319
11743339
11743501
11743503
11743541
11743605
11743843
11743851
11743857
11743985
11744013
11744025
11744105
11744141
11744353
11744379
11744395
11744411
11744611
11744659
11744813
11744965
11745373
11745541
11745615
11745647
11745721
11745751
11745823
11745853
11745981
11746077
11746173
11746521
11746821
11746829
11746863
11746917
11747041
11747277
11747297
11747975
11748013
11748147
11748175
11748247
11748271
11748279
11748291
11748349
11748567
11748973
11748991
11749111
11749121
11749235
11749319
11749565
11749763
11749845
11749899
11750149
11750241
11750499
11750559
11750581
11750939
11751089
11751119
11751205
11751329
11751357
11751439
11751469
11751611
11751641
11751749
11751787
11752365
11752413
11752449
11752457
11752729
11752813
11752981
11753117
11753245
11753323
11753441
11753523
11753837
11753943
11753971
11754083
11754545
11754587
11754687
11754859
11754865
11755009
11755133
11755197
11755645
11755753
11755823
11755961
11756015
11756075
11756077
11756239
11756433
11756471
11756805
11756807
11757179
11757339
11757467
11757495
11757621
11757709
11758539
11758625
11758675
11758773
11758871
11758893
11758977
11759207
11759413
11759489
11759535
11760141
11760211
11760235
11760369
11760751
11760911
11760993
11761055
11761141
11761345
11761505
11761589
11761595
11761861
11761991
11762069
11762167
11762307
11762367
11762425
11762439
11762719
11762841
11763027
11763113
11763345
11763371
11763387
11763643
11763821
11763939
11764113
11764175
11764453
11764465
11764491
11764533
11764563
11764815
11764891
11765261
11765347
11765883
11765999
11766597
11766633
11766743
11766783
11766847
11766871
11766915
11766999
11767101
11767289
11767407
11767425
11767439
11767663
11767821
11767921
11768067
11768983
11768993
11769017
11769507
11769637
11769701
11769773
11769855
11770035
11770175
11770261
11770653
11771075
11771097
11771107
11771255
11771471
11771801
11771869
11771983
11772035
11772041
11772181
11772503
11772681
11772761
11772829
11772925
11773023
11773259
11773723
11773815
11773913
11774057
11774063
11774593
11774695
11774799
11775023
11775053
11775059
11775095
11775341
11775357
11775365
11775579
11775625
11775893
11775901
11775959
11776107
11776273
11776413
11776421
11776469
11776475
11776627
11776829
11776861
11776923
11777231
11777373
11777445
11777489
11777567
11777705
11777709
11777823
11777837
11777917
11778071
11778269
11778459
11778465
11778539
11778609
11778651
11778831
11778849
11779023
11779195
11779365
11779489
11779509
11779561
11779629
11779693
11779743
11780101
11780233
11780291
11780721
11780815
11781147
11781201
11781431
11781565
11781693
11781927
11781999
11782113
11782123
11782205
11782259
11782315
11782345
11782515
11782645
11782935
11783029
11783235
11783277
11783291
11783357
11783379
11783463
11783739
11783859
11783887
11784231
11784321
11784373
11784453
11784539
11784797
11785017
11785041
11785251
11785357
11786003
11786067
11786073
11786293
11786315
11786547
11786665
11786687
11786773
11786819
11786911
11787113
11787189
11787265
11787427
11787559
11787821
11787835
11788423
11788673
11788841
11788985
11789065
11789175
11789423
11789701
11789803
11789875
11789927
11789959
11790527
11790747
11790749
11791385
11791501
11791525
11791569
11791631
11791729
11791973
11791991
11792009
11792027
11792097
11792173
11792225
11792301
11792359
11792367
11792577
11792661
11793027
11793265
11793343
11793351
11793527
11794019
11794069
11794257
11794285
11794315
11794537
11794557
11794609
11794843
11795225
11795443
11795695
11795911
11796077
11796161
11796253
11796299
11796361
11797333
11797505
11797509
11797835
11797857
11797979
11798027
11798049
11798059
11798385
11798417
11798469
11798485
11799079
11799175
11799183
11799217
11799243
11799409
11799441
11799471
11799493
11799719
11799897
11799975
11800155
11800263
11800265
11800565
11800583
11800609
11800771
11800799
11800893
11800941
11801135
11801399
11801435
11801481
11801515
11801677
11801739
11801953
11802197
11802403
11802639
11802691
11802849
11803643
11803659
11803723
11803769
11803855
11803933
11804063
11804239
11804287
11804361
11804455
11804795
11804955
11804981
11804987
11805195
11805255
11805343
11805467
11805515
11805545
11805659
11805805
11805893
11806037
11806093
11806193
11806361
11806579
11806631
11806645
11806853
11807187
11807511
11807747
11807879
11807973
11808149
11808421
11808721
11808743
11808803
11808825
11808879
11808929
11808959
11809107
11809131
11809235
11809269
11809393
11809471
11809507
11809815
11809993
11810047
11810109
11810113
11810207
11810335
11810377
11810607
11810833
11810847
11811267
11811367
11811383
11811423
11811433
11811499
11811693
11811891
11811903
11812413
11812693
11812697
11812715
11812893
11813245
11813307
11813337
11813369
11813527
11813539
11813591
11813593
11813633
11813777
11813961
11813967
11814397
11814657
11814711
11814867
11815279
11815289
11815627
11815679
11815793
11815923
11816091
11816301
11816421
11816459
11816475
11816563
11816835
11816869
11817119
11817141
11817233
11817345
11817435
11817627
11817631
11817699
11817891
11818035
11818383
11818631
11818715
11818937
11819041
11819093
11819131
11819245
11819295
11819561
11819929
11820115
11820189
11820261
11820477
11820515
11820535
11820721
11820735
11820743
11820959
11821255
11821329
11821341
11821393
11821689
11821715
11821777
11822085
11822189
11822201
11822239
11822347
11823113
11823641
11823693
11823709
11823771
11823799
11823927
11824177
11824255
11824647
11824969
11825057
11825415
11825443
11825551
11825571
11825591
11825739
11825939
11826283
11826327
11826337
11826351
11826471
11827049
11827189
11827229
11827345
11827405
11827503
11827535
11827571
11827577
11827649
11827697
11827815
11827991
11828027
11828153
11828391
11828533
11828779
11828975
11829065
11829121
11829311
11829387
11829419
11829521
11829905
11830325
11831021
11831057
11831063
11831211
11831289
11831351
11831507
11831973
11832153
11832165
11832209
11832305
11832371
11832447
11832481
11832769
11832897
11832899
11832945
11832951
11833021
11833201
11834037
11834239
11834305
11834365
11834375
11834467
11834525
11835183
11835405
11835421
11835455
11835513
11835715
11835731
11835863
11836149
11836273
11836425
11836485
11836525
11836667
11837073
11837203
11837217
11837243
11837419
11837521
11837539
11837615
11837709
11837897
11838187
11838219
11838451
11838497
11838507
11838563
11838779
11838815
11838817
11839157
11839407
11839445
11839503
11839703
11839719
11839763
11840105
11840325
11840403
11840523
11840531
11840535
11840917
11841017
11841117
11841303
11841431
11841571
11841685
11841781
11842261
11842279
11842305
11842577
11842643
11842817
11843803
11843831
11843845
11844259
11844297
11844341
11844365
11844389
11844435
11844455
11844473
11844925
11845483
11845519
11845753
11845771
11845811
11845935
11846387
11846483
11846617
11846785
11846869
11847037
11847067
11847089
11847607
11847695
11847755
11847819
11847881
11847929
11848509
11848687
11848729
11848733
11848791
11848903
11849137
11849187
11849227
11849287
11849349
11849459
11849487
11849491
11849529
11850031
11850311
11850371
11850693
11850715
11851337
11851351
11851489
11851525
11851615
11852121
11852133
11852279
11852289
11852293
11852433
11852467
11852705
11852789
11853023
11853041
11853105
11853271
11853647
11854057
11854181
11854331
11854681
11854747
11854825
11854849
11854993
11855091
11855429
11855585
11855735
11855773
11855853
11855923
11856007
11856031
11856131
11856281
11856323
11856529
11856671
11856771
11856883
11856891
11857151
11857171
11857201
11857205
11857345
11857637
11857739
11857751
11858199
11858285
11858473
11858493
11858509
11858531
11859179
11859245
11859317
11859697
11859943
11860135
11860261
11860591
11860707
11860865
11861027
11861057
11861135
11861249
11861271
11861509
11861517
11861549
11861573
11861581
11861909
11861995
11862065
11862231
11862251
11862331
11862601
11862727
11862915
11863129
11863281
11863641
11863667
11863695
11863859
11863993
11864001
11864441
11864501
11864675
11864813
11864821
11865063
11865147
11865233
11865255
11865333
11865481
11865919
11866403
11866429
11866547
11866617
11866771
11866807
11866969
11866993
11867009
11867029
11867035
11867187
11867191
11867521
11867549
11867591
11867597
11867667
11867763
11867835
11867853
11868213
11868263
11868547
11868573
11868653
11868713
11868725
11869189
11869301
11869363
11869687
11869715
11869829
11870041
11870365
11870627
11870805
11870809
11870811
11870949
11871037
11871085
11871151
11871215
11871275
11871875
11871897
11872015
11872037
11872747
11872943
11873119
11873149
11873207
11873299
11873433
11873491
11873783
11873795
11874075
11874189
11874627
11874767
11874881
11875071
11875099
11875293
11875427
11875437
11876011
11876077
11876123
11876257
11876427
11876639
11876803
11876977
11877145
11877205
11877355
11877383
11877423
11877497
11877891
11877919
11878265
11878335
11878985
11879215
11879949
11880031
11880051
11880107
11880133
11880455
11880463
11880721
11880889
11881563
11881605
11881785
11881999
11882011
11882093
11882157
11882165
11882175
11882365
11882409
11882631
11882753
11883349
11883471
11883661
11883713
11884031
11884103
11884401
11884445
11884471
11884699
11885037
11885511
11886047
11886221
11886803
11886889
11886945
11886955
11887021
11887105
11887115
11887133
11887149
11887233
11887619
11887693
11887867
11888123
11888129
11888243
11888823
11888929
11889189
11889379
11889403
11889459
11889961
11890169
11890235
11890321
11890601
11890761
11890885
11890893
11890909
11890929
11891079
11891253
11891349
11891421
11891667
11891721
11891843
11892063
11892489
11892811
11892827
11893019
11893131
11893825
11893845
11893863
11894023
11894065
11894073
11894245
11894369
11894751
11894849
11894919
11894931
11894995
11895051
11895445
11895459
11895771
11895933
11896323
11896483
11896517
11896527
11896557
11896561
11896767
11896929
11897199
11897223
11897351
11897635
11897799
11897953
11898057
11898079
11898323
11898759
11898791
11898853
11898893
11899129
11899281
11899315
11899329
11900305
11900381
11900433
11900459
11900509
11900555
11900651
11900751
11900787
11900849
11900957
11901151
11901183
11901377
11901477
11901583
11901753
11901783
11901845
11901851
11902261
11902931
11903005
11903033
11903105
11903133
11903197
11903231
11903259
11903347
11903521
11903643
11903705
11903785
11904037
11904255
11904315
11904671
11904727
11904809
11905027
11905077
11905089
11905255
11905275
11905491
11905511
11905625
11905693
11905757
11906095
11906105
11906309
11906325
11906593
11906665
11906707
11906759
11907015
11907143
11907177
11907369
11907607
11907617
11907645
11907769
11907787
11907789
11907931
11907979
11908261
11908681
11908811
11908869
11909043
11909057
11909175
11909265
11909279
11909351
11909455
11909719
11909721
11909811
11909835
11910093
11910145
11910323
11910347
11910587
11910765
11910893
11910931
11910959
11911273
11911515
11911597
11911621
11911631
11911847
11911859
11911913
11911943
11912245
11912265
11912749
11912801
11912807
11912959
11912979
11913617
11913847
11913881
11913905
11914349
11914483
11914845
11915021
11915631
11915747
11915879
11916153
11916309
11916639
11916665
11916819
11916847
11917057
11917187
11917511
11917935
11917967
11918347
11918377
11918573
11918739
11918815
11919031
11919325
11919431
11919541
11919615
11919831
11919925
11920045
11920087
11920189
11920221
11920245
11920305
11920495
11920639
11920717
11921005
11921043
11921053
11921163
11921301
11921583
11921741
11921837
11921857
11921899
11922185
11922281
11922361
11922467
11922535
11922545
11922559
11922731
11923151
11923299
11923347
11923405
11923865
11923977
11923999
11924057
11924371
11924489
11924913
11924971
11925001
11925211
11925227
11925319
11925357
11925373
11925391
11925461
11925695
11926121
11926157
11926289
11926537
11926853
11926893
11926961
11927041
11927195
11927441
11927459
11927545
11927845
11928011
11928195
11928503
11928669
11928837
11928989
11929285
11929389
11929425
11929559
11930347
11930405
11930753
11930843
11930967
11931015
11931069
11931157
11931435
11931585
11931615
11931621
11931963
11932037
11932281
11932289
11932673
11932881
11933107
11933347
11933375
11933377
11933395
11933493
11933671
11933759
11934105
11934539
11934707
11934789
11934813
11934925
11934989
11935405
11935737
11935771
11936047
11936057
11936495
11936667
11936743
11936771
11936851
11936873
11936977
11937045
11937145
11937173
11937357
11937389
11937391
11937521
11937599
11937633
11937721
11937763
11938131
11938135
11938155
11938269
11938383
11938857
11938983
11939163
11939257
11939311
11939389
11939503
11939529
11939863
11940031
11940161
11940239
11940479
11940663
11940781
11941121
11941143
11941297
11941391
11941513
11941637
11941889
11941985
11942049
11942255
11942495
11942729
11942759
11942799
11942803
11942877
11942895
11943221
11943251
11943389
11943431
11943591
11943637
11943657
11943687
11943861
11944019
11944081
11944109
11944127
11944189
11944521
11944585
11944649
11944685
11945181
11945221
11945229
11945361
11945637
11945789
11945903
11945953
11946145
11946159
11946489
11946945
11947069
11947217
11947553
11947639
11947703
11947821
11948037
11948175
11948183
11948219
11948465
11948481
11948667
11948757
11949157
11949211
11949469
11949665
11949711
11949879
11950033
11950385
11950887
11951073
11951099
11951127
11951205
11951277
11951535
11951555
11951615
11951709
11951771
11951775
11951903
11951915
11951929
11951937
11951943
11952099
11952337
11952469
11952481
11952773
11953007
11953113
11953195
11953407
11953611
11953633
11953673
11953953
11954293
11954375
11954571
11954855
11954917
11954999
11955527
11955741
11955747
11955843
11955983
11956005
11956185
11956203
11956597
11956681
11956789
11956801
11956803
11956931
11957153
11957225
11957365
11957587
11957967
11958057
11958237
11958507
11959061
11959125
11959553
11959585
11959633
11959697
11959771
11959803
11960295
11960493
11960495
11960817
11960879
11960975
11961187
11961647
11961799
11961817
11962189
11962637
11962965
11963059
11963105
11963127
11963215
11963225
11963289
11963295
11963489
11963525
11963617
11963881
11964003
11964129
11964309
11964371
11964449
11964507
11965149
11965277
11965427
11965461
11965607
11965621
11965947
11966009
11966139
11966349
11966385
11966395
11966527
11966741
11966747
11966941
11967085
11967335
11967449
11967735
11967939
11968045
11968083
11968173
11968195
11968215
11968443
11968493
11968723
11968761
11968771
11968897
11969327
11969465
11969661
11969881
11969945
11970249
11970295
11970325
11970439
11970577
11970777
11970991
11971063
11971189
11971193
11971423
11971481
11971511
11971591
11971811
11971855
11971973
11972009
11972031
11972113
11972305
11972483
11972563
11972583
11972783
11972883
11972917
11972921
11973265
11973993
11974181
11974257
11974365
11974455
11974539
11974593
11975047
11975103
11975151
11975237
11975567
11975703
11975847
11975857
11975927
11975963
11975969
11976055
11976073
11976187
11976221
11976271
11976401
11976441
11976817
11976853
11976877
11976953
11977143
11977349
11977413
11977589
11977673
11977757
11978007
11978009
11978105
11978311
11978445
11978917
11978945
11979051
11979483
11979493
11979855
11979889
11980081
11980207
11980283
11980577
11980641
11980727
11980997
11981103
11981117
11981235
11981355
11981389
11981449
11981783
11981981
11982335
11982343
11982457
11982617
11982857
11982869
11983167
11983213
11983347
11983599
11983625
11983719
11983781
11983895
11983981
11983987
11984101
11984137
11984257
11984427
11984569
11985143
11985145
11985301
11985409
11985439
11985613
11985749
11985993
11986021
11986147
11986183
11986361
11986839
11986945
11987091
11987415
11987453
11987965
11988115
11988339
11988467
11988533
11989017
11989063
11989709
11990359
11990373
11990375
11990419
11990429
11990453
11990473
11990647
11990699
11990763
11990841
11991015
11991041
11991321
11991363
11991375
11991519
11991577
11991605
11991711
11991747
11991955
11991977
11992037
11992081
11992181
11992557
11992983
11993021
11993027
11993061
11993175
11993249
11993343
11993541
11993627
11994011
11994135
11994163
11994173
11994253
11994375
11994547
11994607
11994721
11994929
11995015
11995017
11995169
11995283
11995367
11995489
11995547
11995759
11995883
11995899
11995905
11995917
11996039
11996447
11996475
11996769
11996789
11996811
11996983
11997423
11997521
11997809
11998017
11998199
11998239
11998709
11998853
11998891
11999047
11999081
11999317
11999355
11999401
11999413
11999445
11999797
11999807
11999913
11999919
