# proven primes: b with (b^32+1)/2 prime (aprcl), block [12000000,13000000)
12000191
12000199
12000299
12000549
12000665
12000721
12000947
12000991
12001167
12001575
12001661
12001737
12001801
12002057
12002115
12002133
12002707
12002829
12002865
12002915
12002977
12003037
12003295
12003367
12003579
12003691
12003943
12004119
12004277
12004337
12004395
12004415
12004659
12005447
12005535
12005547
12005779
12005823
12005861
12005941
12005985
12006201
12006221
12006381
12006433
12006499
12006529
12006711
12006801
12006993
12007117
12007255
12007261
12007265
12007277
12007465
12007521
12007539
12007561
12007593
12007645
12007895
12008047
12008115
12008309
12008611
12008615
12008695
12008717
12008783
12008903
12008921
12009231
12009239
12009453
12009481
12009685
12009865
12010187
12010279
12010287
12010343
12010569
12010613
12010833
12011003
12011485
12011941
12012257
12012289
12012299
12012623
12012651
12012861
12013541
12013703
12014013
12014109
12014457
12014631
12015115
12015133
12015165
12015167
12015199
12015409
12015423
12015425
12015579
12016071
12016177
12016195
12016329
12016411
12016513
12016679
12016697
12016735
12016831
12016845
12016949
12017091
12017311
12017465
12017541
12018063
12018271
12018605
12018715
12018719
12018965
12019039
12019121
12019289
12019421
12019509
12019557
12019669
12019751
12019755
12019837
12019863
12020247
12020275
12020585
12020625
12020647
12020677
12020735
12020761
12020835
12021055
12021277
12021279
12021731
12021831
12022055
12022071
12022107
12022351
12022573
12023017
12023019
12023431
12023445
12023469
12023539
12023693
12023947
12024117
12024159
12024203
12024415
12024565
12024641
12024689
12024775
12024869
12024929
12025131
12025349
12025553
12025683
12025695
12025777
12025905
12026055
12026197
12026435
12026603
12026617
12026713
12026739
12027323
12027393
12027593
12027871
12027895
12028065
12028169
12028269
12028365
12028581
12028729
12028849
12028917
12028975
12028999
12029203
12029279
12029507
12029637
12029799
12029841
12029997
12030003
12030167
12030385
12030397
12030477
12030689
12030959
12031053
12031085
12031111
12031313
12031437
12031731
12031853
12032163
12032315
12032399
12032489
12032501
12032579
12032703
12032771
12032829
12032893
12032967
12033083
12033703
12033877
12033951
12034221
12034417
12034563
12034587
12034623
12035131
12035191
12035233
12035329
12035537
12035711
12035769
12036515
12036705
12036749
12037009
12037207
12037329
12037369
12037507
12038017
12038117
12038175
12038245
12038347
12038483
12038665
12039093
12039293
12039397
12039651
12039729
12039977
12040065
12040203
12040311
12040343
12040391
12040433
12040457
12040611
12040817
12040909
12040935
12041329
12041435
12041449
12041479
12041533
12041613
12041791
12041811
12041813
12041885
12041945
12042033
12042237
12042379
12042523
12042655
12042665
12042751
12042865
12042971
12043177
12043191
12043263
12043371
12043415
12043521
12044045
12044095
12044267
12044405
12044409
12044497
12044647
12044759
12044839
12044891
12045261
12045627
12045757
12045853
12045943
12046181
12046247
12046415
12046617
12046965
12047145
12047175
12047181
12047253
12047401
12047403
12047559
12047581
12047601
12047667
12047695
12047813
12047839
12048067
12048473
12048573
12048715
12048771
12049281
12049427
12049503
12049603
12049763
12049939
12050241
12050269
12050481
12050493
12050851
12051111
12051119
12051205
12051237
12051337
12051389
12051441
12051471
12051507
12051901
12052063
12052387
12052655
12052831
12052869
12053083
12053243
12053343
12053349
12053481
12053827
12053935
12054071
12054417
12054611
12054845
12054933
12055023
12055161
12055167
12055211
12055251
12055691
12055739
12055887
12056079
12056169
12056523
12056533
12056545
12056661
12057235
12057747
12057785
12057795
12058105
12058201
12058203
12058255
12058479
12058517
12058539
12058641
12058923
12059029
12059187
12059327
12059751
12059781
12059863
12060101
12060433
12060479
12060821
12060833
12060935
12061031
12061171
12061183
12061203
12061393
12061469
12061517
12061819
12061835
12061839
12062047
12062311
12062369
12062427
12062645
12062843
12062893
12062937
12063143
12063151
12063309
12063441
12063707
12064095
12064159
12064187
12064213
12064323
12064489
12064655
12064769
12064861
12064867
12065253
12065951
12066067
12066087
12066303
12066527
12066773
12067537
12067769
12067841
12067951
12068281
12068405
12068443
12068479
12068505
12068515
12068713
12068719
12068727
12068741
12068751
12068761
12068913
12069037
12069231
12069389
12069541
12069651
12069919
12070013
12070043
12070381
12070537
12070745
12071059
12071431
12071807
12071913
12071939
12072073
12072145
12072345
12072355
12072499
12072657
12073153
12073405
12073415
12073471
12073631
12073687
12073761
12073817
12073965
12074207
12074223
12074273
12074533
12074691
12074761
12074845
12074903
12074965
12074993
12075027
12075073
12075131
12075155
12075439
12075445
12075447
12075661
12075731
12075841
12076157
12076237
12076347
12076481
12076703
12076797
12076893
12077163
12077477
12077615
12078105
12078107
12078127
12078233
12078489
12078501
12078527
12078617
12078663
12078769
12079161
12079177
12079195
12079557
12079853
12079861
12079927
12080119
12080207
12080313
12080459
12080463
12080551
12080685
12080709
12080853
12080953
12081149
12081413
12081595
12081875
12082213
12082269
12082321
12082449
12082461
12082567
12082897
12083023
12083201
12083529
12083585
12083607
12083809
12083873
12083993
12084099
12084259
12084683
12084759
12084821
12084897
12085113
12085197
12085253
12085421
12085515
12085585
12085663
12085677
12085845
12086061
12086229
12086339
12086515
12086601
12086625
12086741
12086939
12086957
12086975
12087069
12087127
12087181
12087425
12087449
12087739
12088029
12088211
12088255
12088303
12088825
12088893
12088899
12089055
12089097
12089109
12089379
12089745
12089765
12090141
12090283
12090359
12090885
12091017
12091059
12091231
12091271
12091281
12091341
12092245
12092303
12092411
12092559
12092629
12092765
12092899
12092911
12092985
12093039
12093129
12093289
12093431
12093595
12093761
12093897
12093943
12094037
12094197
12094305
12094355
12094379
12094497
12094695
12094975
12094987
12095081
12095151
12095203
12095517
12095755
12095759
12095933
12096251
12096647
12096657
12097223
12097277
12097379
12097629
12097671
12097779
12097899
12098067
12098167
12098235
12098249
12098291
12098513
12098959
12099013
12099087
12099115
12099129
12099187
12099389
12099397
12099515
12099701
12099755
12100117
12100555
12100719
12101005
12101093
12101221
12101321
12101423
12101449
12101645
12101871
12101945
12101969
12102255
12102385
12102867
12103087
12103105
12103263
12103499
12103631
12103741
12103843
12103871
12103959
12104283
12104471
12104493
12104569
12104575
12104715
12104987
12105121
12105139
12105185
12105251
12105321
12105351
12105453
12105595
12105747
12105787
12106059
12106211
12106317
12106449
12106585
12106619
12106787
12106935
12107019
12107179
12107267
12107355
12107475
12107593
12107975
12108017
12108041
12108237
12108323
12108793
12108863
12108867
12109007
12109041
12109053
12109373
12109741
12109783
12110033
12110061
12110069
12110157
12110253
12110269
12110545
12110927
12110987
12110989
12111337
12111469
12111479
12111503
12111523
12111591
12111689
12111987
12112119
12112203
12112397
12112423
12112497
12112905
12113241
12113275
12113299
12113385
12113833
12113999
12114303
12114365
12114405
12114423
12114479
12114517
12114637
12114661
12114685
12114803
12114887
12115087
12115187
12115847
12116027
12116071
12116135
12116137
12116163
12116305
12116497
12116781
12116993
12117343
12117443
12117531
12118449
12118619
12118681
12119273
12119459
12119591
12119605
12119711
12119879
12119923
12119939
12119957
12120083
12120095
12120347
12120381
12120739
12120811
12121079
12121093
12121351
12121577
12121625
12121809
12121843
12121885
12122003
12122125
12122361
12122539
12122699
12122819
12122847
12122915
12123157
12123437
12123923
12123959
12124077
12124277
12124345
12124461
12124493
12124755
12124785
12124815
12125337
12125349
12125391
12125463
12125501
12125819
12125861
12126181
12126235
12126287
12126359
12126595
12126705
12126889
12127063
12127133
12127141
12127239
12127367
12127403
12127413
12127445
12127895
12127929
12127945
12128111
12128147
12128199
12128323
12128559
12128587
12128937
12128987
12129047
12129103
12129333
12129549
12129599
12129855
12129929
12130087
12130111
12130151
12130383
12130485
12130661
12130759
12130831
12130973
12131191
12131269
12131283
12131585
12131915
12132201
12132677
12132931
12133121
12133393
12133413
12133769
12133815
12134031
12134265
12134287
12134425
12134675
12134761
12134937
12135053
12135225
12135245
12135301
12135409
12135693
12135897
12136335
12136341
12136429
12136675
12136687
12136723
12136805
12137357
12137435
12137525
12137601
12137605
12137613
12137833
12137969
12138013
12138175
12138181
12138801
12139159
12139199
12139239
12139269
12139471
12139507
12139509
12139755
12139827
12139935
12140151
12140237
12140291
12140327
12140435
12140481
12140627
12140927
12141005
12141153
12141263
12141589
12141761
12142091
12142703
12142729
12142737
12142751
12142899
12143045
12143059
12143083
12143199
12143283
12143309
12143767
12144229
12144479
12144551
12144625
12144863
12144883
12145001
12145083
12145129
12145207
12145245
12145285
12145407
12145511
12145735
12145819
12145833
12145835
12146047
12146135
12146373
12146453
12146771
12146977
12147143
12147187
12147215
12147253
12147763
12147831
12148069
12148147
12148161
12148449
12148561
12148609
12148631
12149167
12149335
12149581
12150037
12150341
12150377
12150461
12150555
12150825
12150979
12151153
12151249
12151277
12151421
12151645
12151793
12152007
12152229
12152253
12152447
12152501
12152635
12152833
12152925
12153103
12153147
12153151
12153241
12153303
12153391
12153439
12153547
12153551
12153571
12153621
12153719
12153835
12154849
12154943
12154973
12155013
12155131
12155359
12155429
12155443
12155715
12155763
12155831
12155849
12155915
12155969
12156253
12156279
12156393
12156569
12156593
12156683
12156707
12156721
12156751
12156979
12157051
12157253
12157285
12157303
12157399
12157415
12157567
12157667
12157919
12158071
12158277
12158331
12158615
12158773
12158795
12159143
12159177
12159405
12159569
12159767
12160063
12160157
12160341
12160499
12160565
12160947
12161101
12161175
12161233
12161367
12161381
12161439
12161515
12161559
12161767
12161803
12161839
12161867
12161879
12162153
12162343
12162629
12162639
12163549
12163617
12163653
12163709
12163987
12164091
12164291
12164629
12164783
12164857
12165129
12165153
12165239
12165251
12165359
12165611
12165797
12166057
12166131
12166147
12166203
12166457
12166515
12166543
12166697
12166895
12166951
12166999
12167003
12167061
12167169
12167215
12167423
12167441
12167501
12167553
12167905
12168061
12168181
12168189
12168243
12168287
12168451
12168981
12169041
12169265
12169571
12169593
12169623
12169641
12169663
12169713
12169869
12169995
12170007
12170049
12170117
12170179
12170601
12170769
12170915
12170921
12171507
12171511
12171561
12171901
12171905
12171995
12172173
12172289
12172419
12172463
12172551
12172647
12172701
12172895
12172953
12173035
12173057
12173091
12173139
12173191
12173677
12173783
12173909
12174035
12174131
12174211
12174375
12174657
12174871
12174911
12175333
12175359
12175391
12175503
12175931
12176001
12176957
12176981
12177165
12177349
12177399
12177491
12177503
12177533
12177691
12177887
12177931
12178063
12178069
12178221
12178233
12178295
12178305
12178427
12178501
12178619
12178763
12178915
12178925
12179069
12179071
12179377
12179515
12179599
12179827
12179937
12179993
12180029
12180343
12180345
12180697
12180793
12180817
12181285
12181607
12181633
12181875
12182015
12182163
12182175
12182491
12182561
12182569
12182587
12182599
12182601
12182739
12182797
12183393
12183635
12183703
12183735
12183859
12183899
12184197
12184231
12184271
12184291
12184427
12184459
12184533
12184549
12184553
12184779
12184783
12184893
12185031
12185079
12185253
12185263
12185429
12185437
12185577
12185727
12185919
12186025
12186151
12186269
12186405
12186473
12186617
12186819
12186971
12187003
12187039
12187115
12187159
12187273
12187451
12187685
12187715
12187819
12188283
12188473
12188491
12189011
12189057
12189171
12189863
12190469
12190551
12190737
12190943
12190955
12191131
12191139
12191207
12191539
12191955
12192265
12192339
12192343
12192709
12193125
12193177
12193263
12193609
12193637
12193815
12193903
12194187
12194315
12194427
12194591
12194989
12195325
12195625
12195841
12195899
12196335
12196569
12196805
12196931
12197323
12197479
12197489
12197901
12197907
12197943
12197955
12197983
12198059
12198095
12198117
12198433
12198445
12198501
12198613
12198765
12198977
12198983
12199099
12199329
12199369
12199407
12199427
12199535
12199651
12199775
12199989
12200115
12200131
12200221
12200261
12200271
12200379
12200577
12200663
12200741
12200851
12200905
12200907
12201023
12201111
12201187
12201203
12201441
12201487
12201583
12201607
12201609
12201613
12201731
12201795
12201827
12202067
12202207
12202213
12202419
12202795
12202847
12202911
12202963
12203105
12203161
12203445
12203639
12203817
12204003
12204553
12204693
12204833
12205177
12205183
12205205
12205339
12205637
12205737
12205783
12205807
12205873
12206425
12206503
12206927
12207031
12207051
12207113
12207165
12207253
12207307
12207311
12207373
12207381
12207439
12207577
12207823
12207833
12208021
12208173
12208241
12208295
12208333
12208439
12208565
12208845
12208885
12209315
12209379
12209525
12209611
12209645
12209795
12209895
12210335
12210477
12211755
12211851
12211907
12212065
12212329
12212353
12212431
12212447
12212465
12212563
12212697
12212897
12213245
12213583
12213681
12213689
12213797
12213891
12214279
12214413
12214445
12214557
12214809
12214965
12215011
12215013
12215091
12215201
12215247
12215431
12216521
12216651
12216751
12216931
12216991
12217353
12217461
12217523
12217647
12217881
12218539
12218631
12218809
12218933
12218937
12219009
12219025
12219089
12219147
12219787
12219811
12219851
12219991
12220131
12220213
12220395
12220401
12220963
12221109
12221127
12221151
12221551
12221555
12221839
12222045
12222341
12222367
12222377
12222493
12222531
12222691
12222735
12222873
12222963
12223073
12223137
12223383
12223397
12223571
12224131
12224401
12224551
12224701
12224731
12224767
12224931
12225013
12225037
12225129
12225135
12225329
12225465
12225583
12225615
12225683
12225699
12225805
12225917
12225945
12226119
12226133
12226249
12226261
12226315
12226403
12226457
12226477
12226557
12226879
12227003
12227019
12227329
12227475
12228293
12228813
12228863
12229611
12229869
12230033
12230231
12230705
12230833
12230911
12231059
12231103
12231413
12231661
12232093
12232107
12232565
12232625
12232689
12232731
12232905
12233103
12233149
12233271
12233385
12233455
12233607
12233639
12233665
12233791
12233859
12234031
12234043
12234081
12234125
12234343
12234527
12235025
12235039
12235057
12235085
12235125
12235217
12235409
12235531
12236405
12236437
12236445
12236475
12236747
12236877
12236917
12236925
12237035
12237123
12237229
12237275
12237821
12237987
12238107
12238177
12238265
12238287
12238653
12238673
12238875
12239261
12239433
12239481
12239675
12239701
12239889
12239959
12240401
12240465
12240621
12240775
12240907
12240999
12241031
12241481
12241831
12241853
12241909
12241941
12242013
12242065
12242101
12242117
12242499
12242777
12243051
12243101
12243125
12243209
12243419
12244041
12244145
12244401
12244429
12244467
12244495
12244551
12245077
12245219
12245409
12245613
12245645
12245773
12245797
12245853
12245875
12245923
12246035
12246051
12246059
12246259
12246685
12246757
12246797
12246855
12246859
12246917
12246929
12247175
12247215
12247303
12247351
12247599
12247731
12247969
12247971
12248043
12248081
12248191
12248441
12248443
12248537
12248599
12248647
12248753
12248763
12248955
12249397
12249571
12249789
12249825
12250223
12250387
12250657
12250745
12250753
12250823
12250851
12251169
12251217
12251743
12251751
12252019
12252133
12252155
12252201
12252421
12252471
12252473
12252487
12252523
12253119
12253261
12253389
12253439
12254001
12254033
12254559
12254593
12254795
12254881
12255035
12255069
12255253
12255437
12255481
12255757
12255831
12255887
12256001
12256181
12256265
12256385
12256505
12256607
12256637
12256639
12256649
12256811
12256951
12256981
12257187
12257211
12257251
12257573
12257695
12257815
12257991
12258271
12258413
12258457
12258603
12258743
12258825
12258899
12259191
12259207
12259299
12259309
12259355
12259611
12259749
12259803
12259929
12260123
12260125
12260157
12260333
12260389
12260625
12260733
12260775
12260857
12260929
12260955
12261129
12261337
12261339
12261437
12261445
12261547
12261823
12261983
12262137
12262327
12262347
12262373
12262473
12262479
12262485
12262783
12262803
12262817
12262929
12263235
12263587
12263679
12263865
12264105
12264139
12264171
12264211
12264299
12264709
12264891
12264965
12265041
12265067
12265199
12265263
12265707
12265947
12266205
12266249
12266519
12266545
12266613
12266731
12266841
12267129
12267155
12267209
12267255
12267263
12267835
12267883
12267991
12268083
12268377
12268385
12268671
12268753
12268759
12268927
12269019
12269163
12269439
12269699
12270263
12270265
12270423
12270439
12270447
12270485
12270501
12270707
12270747
12270893
12271061
12271235
12271267
12271327
12271681
12271941
12272041
12272149
12272159
12272297
12272369
12272417
12272551
12272629
12272645
12273237
12273521
12273623
12273893
12273953
12273963
12274069
12274237
12274471
12274515
12274617
12274741
12274861
12274909
12274985
12275167
12275493
12275603
12275631
12275723
12275819
12275829
12275889
12276127
12276183
12276251
12276953
12277219
12277595
12277911
12278053
12278079
12278159
12278519
12278565
12278909
12279003
12279275
12279457
12279501
12279773
12279871
12279875
12280259
12280621
12280669
12280775
12281021
12281039
12281103
12281199
12281325
12281363
12281917
12282695
12282767
12283097
12283137
12283179
12283191
12283201
12283415
12283745
12284065
12284073
12284195
12284279
12284557
12285015
12285061
12285199
12285207
12285345
12285559
12285783
12285871
12286203
12286339
12286379
12286425
12286781
12286881
12286887
12287071
12287157
12287301
12287401
12287511
12287533
12287535
12287599
12287697
12287737
12287921
12288325
12288351
12288463
12288495
12288569
12288819
12288955
12289017
12289227
12289273
12289421
12289703
12289773
12289817
12289923
12290057
12290297
12290487
12290525
12291065
12291147
12291161
12291737
12292067
12292235
12293089
12293283
12293377
12293513
12293667
12293851
12293931
12294009
12294043
12294163
12294275
12294395
12294523
12294913
12294925
12295323
12295343
12295709
12295951
12296005
12296179
12296363
12296439
12296639
12296653
12296917
12297065
12297213
12297219
12297255
12297329
12297387
12297463
12297555
12297991
12298299
12298321
12298477
12298637
12298705
12298871
12299255
12299391
12299441
12299859
12299955
12300003
12300027
12300179
12300201
12300343
12301189
12301237
12301409
12301477
12301545
12301565
12301587
12301675
12301955
12302005
12302147
12302161
12302309
12302319
12302335
12302451
12302541
12302985
12303211
12303299
12303327
12303743
12303815
12304083
12304201
12304251
12304371
12304497
12304591
12304901
12304931
12305031
12305157
12305287
12305479
12305501
12306301
12306331
12306385
12306781
12306961
12307045
12307129
12307301
12307309
12307353
12307689
12307703
12307775
12307911
12307975
12308019
12308205
12308335
12308363
12308375
12308905
12308917
12309051
12309075
12309349
12309531
12310005
12310027
12310111
12310137
12310329
12310443
12310457
12310529
12310619
12310641
12310759
12311029
12311105
12311199
12311231
12311585
12311645
12311855
12312003
12312021
12312111
12312195
12312357
12312779
12312883
12312917
12313009
12313165
12313841
12313895
12313955
12313973
12314173
12314241
12314533
12315083
12315221
12315491
12315589
12315663
12315801
12315817
12316081
12316105
12316301
12316423
12316737
12317701
12317783
12317813
12317865
12318007
12318027
12318143
12318163
12318309
12318469
12318495
12318713
12319023
12319167
12319185
12319439
12319481
12319501
12319841
12320397
12320761
12320819
12320917
12321423
12321509
12321525
12322273
12322461
12322483
12322585
12322683
12322727
12323049
12323485
12323617
12323655
12323933
12324045
12324705
12324933
12325001
12325147
12325159
12325367
12325671
12325677
12325865
12326291
12326503
12326581
12326687
12326753
12326969
12326979
12327247
12327579
12327661
12327727
12327757
12327913
12328025
12328161
12328213
12328275
12328397
12328649
12329289
12329319
12329397
12329401
12329481
12329649
12329791
12329831
12330125
12330213
12330707
12330715
12330739
12331027
12331033
12331061
12331421
12331605
12331627
12331745
12331833
12332023
12332051
12332377
12332769
12332887
12332935
12333005
12333079
12333131
12333215
12333231
12333715
12333839
12334023
12334191
12334629
12334699
12334823
12334925
12335237
12335495
12335549
12335631
12335979
12336445
12336465
12336695
12336747
12336799
12336835
12336925
12337575
12337691
12337695
12337719
12337995
12338163
12338231
12338575
12338731
12338773
12338821
12338969
12339065
12339097
12339413
12339451
12339473
12339485
12339723
12339779
12339803
12340015
12340065
12340117
12340427
12340513
12340607
12340867
12340981
12341013
12341241
12341371
12341383
12341395
12341651
12342007
12342103
12342167
12342313
12342607
12342737
12342933
12342959
12343199
12343399
12343467
12343481
12343577
12343725
12343917
12343971
12343977
12344069
12344257
12344361
12344491
12344499
12344607
12344793
12344875
12344931
12345199
12345447
12345591
12345599
12345709
12345793
12345945
12345951
12346087
12346125
12346259
12346613
12346831
12347025
12347363
12347367
12347513
12347647
12347661
12347751
12347861
12347919
12347951
12348049
12348093
12348221
12348285
12348379
12348731
12348751
12348753
12349143
12349249
12349303
12349349
12349543
12349669
12349741
12349765
12349841
12350095
12350595
12350765
12351357
12351367
12351507
12351561
12351667
12351753
12352023
12352025
12352183
12352219
12352307
12352341
12352507
12352603
12352605
12352777
12352893
12352899
12352919
12352929
12352935
12352957
12353105
12353115
12353383
12353437
12353595
12353745
12354093
12354163
12354239
12354255
12354261
12354315
12354483
12354685
12354781
12355067
12355169
12355313
12355405
12355749
12355869
12356105
12356399
12356631
12356705
12357153
12357171
12357207
12357259
12357395
12357489
12357497
12357573
12358017
12358107
12358155
12358287
12358425
12358469
12358787
12358869
12358891
12359061
12359091
12359167
12359221
12359275
12359285
12359351
12359443
12359799
12360171
12360251
12360307
12360347
12360399
12360601
12360651
12360687
12360715
12360835
12360853
12361123
12361295
12361349
12361391
12361629
12361727
12361983
12362039
12362311
12362405
12362545
12362621
12362873
12362901
12362931
12362951
12362993
12363079
12363209
12363245
12363249
12363343
12363555
12363891
12364077
12364225
12364375
12364797
12365059
12365077
12365121
12365143
12365221
12365413
12365441
12365465
12365515
12365587
12365589
12365939
12366117
12366541
12366591
12366765
12366899
12366943
12366991
12367023
12367809
12367819
12367869
12368043
12368111
12368353
12368451
12368515
12368893
12368933
12369303
12369321
12369451
12370085
12370115
12370263
12370469
12370675
12370803
12371149
12371495
12371585
12371627
12371681
12371703
12371749
12371763
12371765
12371971
12372051
12372257
12372555
12372637
12372677
12372779
12373093
12373099
12373129
12373233
12373559
12373561
12373607
12373987
12374111
12374257
12374319
12374329
12374391
12374553
12374557
12374611
12375115
12375283
12375351
12375357
12375725
12376077
12376255
12376281
12376745
12376887
12376929
12377007
12377133
12377191
12377471
12377479
12377483
12377991
12378253
12378355
12378419
12378425
12378869
12378877
12378905
12378959
12379039
12379209
12379265
12379279
12379405
12379605
12379951
12379987
12380077
12380313
12380375
12380393
12380453
12380479
12380589
12380869
12380897
12380909
12381081
12381241
12381269
12381311
12381351
12381403
12381593
12381601
12381835
12381951
12382089
12382363
12382589
12382591
12382595
12382695
12382831
12383187
12383283
12383407
12383455
12383509
12383577
12383643
12383801
12383969
12383985
12384141
12384343
12384611
12384945
12385027
12385195
12385565
12385567
12385575
12385583
12385679
12386491
12386531
12386637
12386781
12386833
12386879
12386985
12387031
12387229
12387309
12387443
12387589
12387639
12387805
12387857
12387935
12387957
12388285
12388375
12388425
12388507
12388579
12388911
12389047
12389115
12389187
12389209
12389483
12389649
12389731
12389751
12389781
12389803
12390099
12390111
12390385
12390493
12390527
12391171
12391319
12391329
12391495
12391537
12391663
12391707
12392005
12392535
12393201
12393665
12393875
12394133
12394209
12394303
12394525
12394781
12395091
12395141
12395401
12396073
12396095
12396321
12396327
12396369
12396467
12396899
12397275
12397687
12397857
12398143
12398163
12398371
12398393
12398415
12398515
12398633
12398675
12398863
12399019
12399039
12399415
12399723
12399959
12400005
12400019
12400199
12400295
12400405
12400493
12400507
12400557
12400931
12401023
12401213
12401349
12401561
12401587
12401741
12401773
12401809
12401869
12402307
12402369
12402395
12402473
12402795
12402857
12403003
12403025
12403049
12403339
12403477
12403559
12403641
12403697
12403699
12403831
12403881
12403901
12403939
12404009
12404635
12404673
12404789
12405059
12405199
12405245
12405291
12405435
12405461
12405569
12405861
12406381
12406577
12406625
12406647
12406833
12406869
12407129
12407263
12407293
12407651
12407867
12408013
12408051
12408101
12408131
12408749
12408791
12408933
12409311
12409327
12409611
12409719
12409857
12409879
12409895
12409909
12410219
12410389
12410531
12410551
12410859
12411151
12411287
12411679
12411945
12412147
12412219
12412457
12413139
12413221
12413227
12413309
12413669
12413819
12413965
12414073
12414391
12414727
12415027
12415069
12415165
12415769
12415893
12416223
12416365
12416445
12416535
12416623
12416627
12416667
12416833
12417193
12417239
12417291
12417565
12417599
12417679
12417769
12417929
12418007
12418247
12418683
12418885
12418921
12418939
12419223
12419739
12419973
12420059
12420125
12420161
12420373
12420469
12420521
12420537
12420633
12420773
12420843
12420919
12420935
12420939
12420955
12420999
12421097
12421425
12421543
12421587
12421711
12421887
12422443
12422577
12422613
12422917
12423001
12423009
12423081
12423187
12423251
12423359
12423417
12423743
12423933
12423995
12424163
12424813
12424815
12424819
12424895
12425011
12425143
12425187
12425205
12425421
12425743
12425949
12426193
12426269
12426419
12426673
12426773
12427135
12427175
12427239
12427365
12427423
12427439
12427765
12427799
12428387
12429033
12429141
12429387
12429429
12429727
12429737
12429879
12429929
12429979
12430019
12430139
12430321
12430333
12430421
12430547
12430647
12430781
12430817
12431181
12431315
12431385
12431609
12431977
12432003
12432157
12432195
12432369
12432471
12432481
12432493
12432563
12432681
12432741
12432915
12433145
12433393
12434007
12434047
12434067
12434165
12434299
12434627
12434921
12435049
12435063
12435261
12435699
12435803
12435819
12435917
12436189
12436327
12436449
12436589
12436637
12436735
12436835
12437635
12437709
12437859
12437921
12437923
12438015
12438137
12438171
12438217
12438341
12438549
12439039
12439053
12439499
12439619
12439803
12439811
12439841
12440235
12440333
12440343
12440469
12440585
12440865
12440875
12441073
12441211
12441361
12441421
12441735
12441937
12442077
12442121
12442177
12442329
12442761
12442893
12443021
12443127
12443153
12443171
12443673
12444309
12444333
12444469
12444761
12444769
12445127
12445165
12445253
12445407
12445437
12445559
12445575
12445667
12446009
12446139
12446511
12446883
12447005
12447293
12447401
12447481
12447491
12447565
12447755
12447835
12447877
12447953
12448037
12448047
12448313
12448357
12448359
12448419
12448515
12448537
12448595
12448635
12448645
12448667
12449043
12449231
12449281
12449567
12449591
12449683
12449825
12450229
12450251
12450287
12450303
12450389
12450667
12450719
12451059
12451129
12451293
12451473
12451665
12451915
12452219
12452517
12452625
12452685
12452953
12453031
12453047
12453135
12453367
12453423
12453511
12453533
12453585
12453645
12453665
12453701
12453841
12453849
12453851
12453929
12453953
12454063
12454121
12454273
12454685
12454713
12455155
12455307
12455393
12455513
12455627
12455837
12455841
12455865
12455889
12455893
12456355
12456397
12456465
12456495
12456845
12457023
12457507
12457545
12458181
12458303
12458577
12458593
12458689
12458695
12458703
12458771
12458783
12458865
12458999
12459185
12459205
12459207
12459625
12459735
12459927
12460019
12460189
12460305
12460383
12460485
12460559
12460627
12460797
12460903
12460949
12461345
12461419
12461955
12462173
12462211
12462669
12462681
12462755
12462839
12462937
12463105
12463343
12463385
12463395
12463517
12463705
12464229
12464235
12464407
12464481
12464823
12464939
12465023
12465103
12465123
12465261
12465333
12465409
12465467
12465481
12465685
12465709
12466111
12466307
12466485
12466535
12466871
12466949
12466951
12466977
12467077
12467229
12467423
12467429
12467521
12468001
12468503
12468579
12468791
12468821
12469109
12469159
12469283
12469317
12469619
12469677
12469767
12469821
12469901
12469961
12469995
12470333
12470391
12470423
12470581
12470639
12470651
12470815
12470831
12471125
12471129
12471281
12471343
12471377
12471453
12471645
12471739
12471853
12471967
12472009
12472225
12472415
12472523
12472567
12472571
12473055
12473281
12473363
12473535
12473821
12473829
12473895
12473995
12474239
12474299
12474381
12474917
12474985
12475041
12475263
12475325
12475341
12475437
12475501
12475661
12475777
12475981
12476013
12476289
12476585
12476773
12476897
12477101
12477125
12477241
12477245
12477271
12477293
12477497
12477779
12477943
12478149
12478173
12478215
12478407
12478803
12478991
12479019
12479025
12479697
12479819
12479821
12479827
12479889
12479901
12479997
12480055
12480177
12480337
12480753
12480811
12480859
12480893
12480975
12481375
12481753
12481849
12482079
12482249
12482377
12482425
12482437
12482719
12482785
12482849
12482851
12482921
12483259
12483441
12483563
12483625
12483695
12483779
12483809
12483981
12484019
12484133
12484189
12484587
12484829
12485115
12485189
12485245
12485421
12485425
12485477
12485973
12486245
12486687
12486763
12486781
12486885
12487063
12487157
12487435
12487469
12487581
12487651
12488281
12488399
12488457
12488529
12488707
12488969
12489525
12489665
12489843
12490093
12490171
12490869
12490983
12490991
12491183
12491291
12491437
12491563
12491655
12491751
12491829
12492327
12492657
12492927
12492991
12493141
12493233
12493281
12493335
12493487
12493535
12493561
12493645
12493789
12494111
12494127
12494233
12494543
12494583
12494679
12494689
12495211
12495313
12495929
12496063
12496221
12496417
12496747
12496793
12496823
12497189
12497275
12497307
12497363
12497413
12497573
12497725
12497747
12497957
12498117
12498221
12498335
12498783
12499065
12499247
12499261
12499303
12499377
12499387
12499669
12499671
12499683
12500217
12500395
12500749
12500813
12500815
12500997
12501013
12501155
12501275
12501279
12501475
12501493
12501579
12501975
12502105
12502163
12502315
12502545
12502623
12503125
12503149
12503415
12503583
12503791
12503833
12503889
12503921
12504153
12504157
12504169
12504449
12504725
12504741
12504777
12504909
12505067
12505295
12505463
12505797
12506155
12506277
12506405
12506599
12506651
12506685
12506917
12507105
12507495
12507623
12507667
12507703
12507765
12507967
12508029
12508131
12508145
12508489
12508553
12508713
12508759
12508949
12508975
12509077
12509155
12509345
12509465
12509585
12509925
12510145
12510175
12510451
12510941
12511001
12511089
12511199
12511211
12511227
12511233
12511289
12511411
12511483
12511541
12511683
12511841
12511949
12512193
12512395
12512473
12512497
12512717
12512869
12512907
12513015
12513107
12513503
12513567
12513583
12513637
12513963
12514065
12514205
12514217
12514283
12514311
12514327
12514597
12514887
12515003
12515301
12515431
12515549
12515639
12515709
12515867
12515971
12516033
12516301
12516353
12516701
12517005
12517087
12517153
12517267
12517303
12517349
12517531
12517615
12517663
12517789
12518075
12518425
12518693
12518843
12518895
12518899
12518945
12519155
12519185
12519865
12520021
12520095
12520167
12520371
12520399
12520551
12520841
12521207
12521243
12521271
12521515
12521771
12521777
12522081
12522145
12522275
12522779
12522867
12523157
12523407
12523435
12523465
12523561
12523655
12523993
12524217
12524297
12524361
12524375
12524495
12524599
12524655
12524709
12524855
12524949
12525081
12525229
12525663
12525809
12525823
12525875
12525907
12525977
12526105
12526541
12526557
12526713
12526821
12527001
12527057
12527079
12527147
12527163
12527199
12527239
12527403
12527409
12527673
12527769
12527779
12528215
12528321
12528397
12528439
12528557
12528631
12528695
12528709
12528743
12529519
12529583
12529795
12529835
12529881
12529887
12529969
12530173
12530305
12530323
12530389
12530399
12530529
12530553
12530567
12530581
12531029
12531301
12531535
12531873
12531895
12531971
12532601
12532655
12532685
12532849
12533335
12533371
12533617
12533753
12533805
12533869
12534099
12534107
12534399
12534451
12534463
12534513
12534579
12534637
12534693
12535043
12535175
12535291
12535369
12535503
12535569
12535731
12535809
12535899
12535975
12536095
12536145
12536229
12536407
12536513
12536573
12536605
12536743
12536877
12537039
12537065
12537125
12537171
12537173
12537335
12537411
12537459
12537505
12537543
12537601
12537625
12537877
12538109
12538223
12538279
12538373
12538765
12538959
12539129
12539133
12539291
12539389
12539441
12539735
12539811
12539945
12540065
12540185
12540265
12540527
12540551
12540889
12540913
12540929
12540977
12540993
12541027
12541213
12541323
12541423
12541457
12541821
12541855
12542335
12542537
12542769
12542775
12542785
12542829
12542915
12543161
12543167
12543255
12543289
12543391
12543401
12543435
12543521
12543625
12543757
12544101
12544227
12544313
12544319
12544485
12544699
12544839
12545169
12545307
12545311
12545517
12545535
12545623
12545763
12546137
12546217
12546305
12546839
12546971
12547091
12547275
12547343
12547469
12547611
12547661
12547747
12547781
12547839
12548295
12548395
12548459
12548653
12548759
12548905
12549047
12549261
12549271
12549291
12549313
12549423
12549821
12549869
12549933
12550025
12550163
12550253
12550515
12550591
12551127
12551381
12551603
12551631
12551839
12552157
12552253
12552715
12552771
12552955
12553065
12553109
12553303
12553315
12553371
12553391
12553491
12553575
12553817
12553975
12554085
12554107
12554309
12554435
12554575
12554655
12554693
12554725
12554757
12555241
12555325
12555585
12555629
12555803
12555861
12555959
12555963
12556153
12556307
12556315
12556347
12556585
12556765
12556853
12556975
12557003
12557079
12557081
12557933
12557963
12558033
12558067
12558161
12558167
12558293
12558307
12558309
12558437
12558455
12558463
12559075
12559229
12559485
12559511
12559533
12559659
12559687
12559851
12560091
12560097
12560121
12560189
12560253
12560977
12560989
12561175
12561381
12561401
12562287
12562387
12562525
12562535
12562609
12562777
12562915
12562921
12562931
12563007
12563285
12563397
12563675
12563791
12563793
12564043
12564053
12564171
12564361
12564363
12564479
12564603
12564727
12564855
12564883
12564999
12565045
12565211
12565439
12565715
12565863
12565959
12566077
12566209
12566379
12566381
12566413
12566429
12566479
12566619
12566643
12567033
12567635
12567723
12567915
12568051
12568123
12568343
12568653
12568743
12568889
12568895
12569081
12569195
12569559
12569773
12569855
12569899
12570071
12570433
12570561
12570673
12570719
12570999
12571251
12571341
12571397
12571589
12571683
12571779
12571795
12572305
12573081
12573181
12573209
12573285
12573335
12573573
12573761
12574135
12574335
12574383
12574627
12574721
12574865
12574921
12575269
12575587
12575863
12575897
12576097
12576489
12576649
12576821
12577321
12577403
12577645
12577763
12577841
12577991
12578193
12578223
12578347
12578385
12578453
12578509
12578813
12579243
12579299
12579619
12579771
12580183
12580201
12580733
12580837
12581199
12581483
12581503
12581737
12581825
12581839
12581865
12582101
12582519
12582587
12583157
12583291
12583431
12583837
12583929
12583931
12584095
12584127
12584483
12584513
12584567
12584813
12584933
12584939
12585309
12585813
12585979
12586125
12586219
12586221
12586261
12586549
12586631
12586827
12586889
12587101
12587619
12587769
12588077
12588711
12589045
12589047
12589085
12589241
12589409
12589455
12589783
12589967
12589969
12590019
12590095
12590121
12590311
12590507
12590601
12590605
12590861
12591121
12591237
12591517
12591571
12591665
12591687
12592117
12592161
12592291
12592297
12592331
12592593
12592619
12592631
12592803
12593085
12593105
12593363
12593493
12593561
12593653
12593713
12593839
12593885
12594045
12594113
12594273
12594515
12594579
12594627
12594915
12594921
12595507
12595513
12595519
12595567
12595635
12595803
12596063
12596123
12596357
12596375
12596687
12596789
12596827
12597217
12597221
12598027
12598177
12598399
12598477
12598527
12598577
12598663
12598685
12598705
12598751
12598767
12598877
12598949
12598993
12599311
12599377
12599427
12599509
12599837
12599887
12600033
12600131
12600167
12600205
12600221
12600367
12600427
12600483
12600691
12600835
12601067
12601097
12601163
12601357
12601405
12601501
12601751
12602005
12602027
12602307
12602509
12602599
12602691
12602827
12602985
12603027
12603031
12603327
12603379
12603521
12603551
12604265
12604673
12604961
12605443
12605479
12605603
12605817
12605919
12605989
12606181
12606191
12606313
12606337
12606623
12607335
12607747
12607865
12607933
12608073
12608177
12608369
12608379
12608559
12608593
12608653
12608927
12609127
12609517
12609643
12609681
12609799
12609801
12610089
12610337
12610393
12610417
12610545
12610559
12610605
12610671
12610781
12610877
12610927
12611043
12611167
12611383
12611467
12611473
12611611
12611649
12611687
12611847
12612073
12612115
12612227
12612501
12612553
12612913
12612993
12613087
12613195
12613639
12613823
12613849
12614175
12614217
12614541
12614665
12614861
12614903
12614913
12614943
12614969
12615103
12615231
12615279
12615347
12615653
12615749
12615913
12615975
12616069
12616161
12616357
12616389
12616531
12616537
12616647
12616683
12616845
12616859
12617145
12617201
12617421
12617441
12617733
12617735
12617763
12618245
12618261
12618409
12618547
12618681
12618783
12618983
12618999
12619031
12619175
12619407
12619613
12619853
12620063
12620141
12620317
12620391
12620611
12620801
12620819
12620959
12621095
12621107
12621195
12621565
12621685
12621777
12621793
12621991
12622035
12622177
12622445
12622631
12622641
12622699
12622727
12622783
12623135
12623311
12623417
12623793
12623799
12623871
12624063
12624195
12624327
12624525
12624829
12624837
12625345
12625427
12625519
12625523
12625553
12625715
12625881
12625937
12625967
12626105
12626279
12626309
12626311
12626319
12626335
12626705
12626719
12626811
12627021
12627023
12627127
12627133
12627399
12627457
12627463
12627619
12627767
12627781
12627789
12627971
12627973
12628087
12628613
12628707
12629039
12629083
12629129
12629231
12629537
12629539
12629557
12630203
12630387
12630457
12631027
12631175
12631473
12631523
12631793
12631827
12631915
12632239
12632253
12632293
12632347
12632415
12632445
12632643
12632777
12632825
12632829
12632865
12633045
12633193
12633271
12633585
12633919
12633937
12634045
12634295
12634571
12634605
12634883
12635155
12635163
12635175
12635305
12635373
12635455
12635459
12635523
12635525
12635761
12635987
12636077
12636157
12636295
12636419
12636775
12636789
12636983
12637095
12637261
12637381
12637441
12637487
12637719
12637839
12637915
12637935
12638003
12638023
12638257
12638549
12638613
12638767
12638859
12638979
12639159
12639475
12639513
12639597
12639817
12639951
12639983
12640239
12640291
12640489
12640583
12640607
12640687
12641405
12641425
12641623
12641923
12642021
12642049
12642293
12642421
12642479
12642673
12642705
12642851
12643119
12643197
12643237
12643329
12643345
12643669
12643741
12644061
12644201
12644219
12644257
12644405
12644547
12644615
12644653
12644923
12644989
12645177
12645457
12645515
12645939
12646101
12646113
12646181
12646229
12646329
12646357
12646437
12646527
12646593
12646725
12646811
12646825
12647027
12647215
12647425
12647523
12647585
12648177
12648257
12648569
12648913
12649027
12649065
12649069
12649377
12649399
12649503
12649545
12649589
12649999
12650233
12650319
12650463
12650785
12650891
12651019
12651057
12651271
12651273
12651309
12651429
12651513
12651577
12651863
12652031
12652193
12652477
12652621
12652633
12652739
12652769
12652997
12653097
12653129
12653143
12653189
12653561
12653729
12653833
12653869
12654009
12654439
12654523
12654633
12654675
12654705
12654721
12654793
12654933
12654967
12655927
12655959
12656241
12656299
12656385
12656509
12656611
12656649
12656737
12656741
12656813
12656863
12656893
12656999
12657103
12657143
12657309
12657395
12657619
12657685
12657869
12657945
12657963
12658099
12658485
12658509
12658691
12658767
12658793
12659149
12659171
12660257
12660573
12660735
12660893
12660963
12661051
12661133
12661317
12661337
12661499
12661703
12661733
12662031
12662653
12663209
12663287
12663451
12664017
12664953
12665193
12665289
12665431
12665453
12665545
12665837
12665983
12666033
12666125
12666235
12666307
12666589
12666617
12666783
12666977
12667103
12667175
12667183
12667217
12667347
12667393
12667617
12668701
12668813
12669341
12669389
12670021
12670137
12670193
12670205
12670231
12670353
12670413
12670761
12670833
12670841
12670879
12671353
12671439
12671451
12671495
12671585
12671767
12672049
12672071
12672181
12672319
12672349
12672521
12672825
12672955
12672995
12673017
12673175
12673227
12673235
12673255
12673299
12673399
12673585
12673597
12673633
12673797
12673869
12674199
12674215
12674261
12674475
12674583
12674915
12674955
12674981
12675135
12675193
12675279
12675367
12675391
12675445
12675461
12675665
12675723
12675739
12675759
12675895
12675981
12676017
12676047
12676677
12676961
12676975
12677063
12677169
12677191
12677379
12677393
12677563
12677591
12677669
12677707
12677865
12677995
12678015
12678017
12678147
12678233
12678261
12678581
12678599
12678859
12678965
12679023
12679431
12679465
12679621
12679647
12680147
12680333
12680343
12680589
12681093
12681367
12681427
12681547
12681699
12681815
12682131
12682171
12682581
12682695
12682783
12682905
12683103
12683515
12683569
12683669
12683821
12684027
12684097
12684223
12684271
12684577
12684589
12684593
12685121
12685133
12685195
12685589
12685663
12686229
12686331
12686371
12686391
12686561
12686597
12686599
12686611
12686755
12686881
12686997
12687091
12687117
12687343
12687373
12687457
12687519
12687685
12688111
12688139
12688149
12688169
12688279
12688771
12689027
12689089
12689233
12689249
12689427
12689495
12689671
12689775
12689833
12689983
12690041
12690095
12690341
12690421
12690459
12690757
12690889
12690907
12691199
12691243
12691267
12691349
12691403
12691425
12691639
12691735
12691983
12692073
12692111
12692735
12692835
12692999
12693031
12693053
12693389
12693499
12693537
12693583
12693675
12693905
12693995
12694001
12694051
12694103
12694465
12694575
12694645
12694833
12694993
12695015
12695043
12695077
12695101
12695233
12695445
12695483
12695615
12695735
12695737
12695833
12696161
12696455
12696499
12696587
12696603
12696655
12696887
12697035
12697141
12697651
12697727
12698141
12698293
12698505
12698619
12698743
12698795
12698863
12698949
12699457
12699467
12699625
12699705
12699779
12699855
12700045
12700463
12700671
12701067
12701283
12701347
12701701
12701773
12701865
12702307
12702403
12702445
12702485
12702511
12702545
12703053
12703489
12703691
12703713
12703893
12704143
12704219
12704229
12704255
12704321
12704363
12704419
12704663
12704665
12704747
12704811
12704851
12705013
12705069
12705111
12705247
12705257
12705267
12705327
12705495
12705715
12706047
12706173
12706257
12706363
12706431
12706875
12707217
12707289
12707297
12707551
12707579
12707613
12707755
12707889
12707895
12707957
12707961
12708073
12708087
12708089
12708261
12708335
12708479
12708709
12709159
12709181
12709213
12709441
12709487
12709917
12709949
12710225
12710407
12710511
12710535
12710835
12711329
12711469
12711505
12711507
12712211
12712735
12712769
12712813
12713275
12713431
12713917
12714013
12714305
12714317
12714409
12714439
12714575
12714763
12714889
12714917
12715041
12715059
12715245
12715267
12715375
12715491
12715503
12715631
12715705
12715967
12716019
12716079
12716365
12716389
12716453
12716729
12716775
12716785
12716789
12716883
12717447
12717621
12717657
12717781
12717877
12717931
12717979
12718449
12718559
12718615
12719189
12719535
12719579
12720003
12720225
12720319
12720557
12720741
12720759
12720933
12721213
12721461
12721515
12721697
12721765
12722059
12722167
12722277
12722669
12722779
12722809
12722895
12722997
12723039
12723105
12723473
12723625
12723645
12723733
12723867
12723887
12723951
12724027
12724053
12724063
12724207
12724331
12724353
12724725
12724765
12725213
12725527
12725569
12725603
12725877
12726043
12726077
12726083
12726097
12726127
12726293
12726297
12726299
12726439
12726477
12726609
12726641
12726779
12727175
12727339
12727523
12727687
12727713
12727815
12727901
12728117
12728503
12728817
12728851
12728887
12728915
12729145
12729891
12730005
12730441
12730501
12730747
12730757
12730979
12731111
12731127
12731175
12731455
12731507
12731551
12731559
12731621
12731623
12731851
12731963
12731969
12732273
12732431
12732441
12732473
12732485
12732541
12732909
12732933
12733023
12733217
12733475
12733641
12733653
12733663
12733845
12734057
12734167
12734199
12734311
12734419
12734505
12734743
12734969
12735171
12735525
12735963
12736019
12736273
12736303
12736397
12736667
12736703
12736787
12736887
12736985
12736997
12737035
12737065
12737185
12737633
12737791
12738019
12738047
12738079
12738385
12738523
12738565
12738577
12738705
12738799
12738845
12738917
12738943
12739335
12739549
12739621
12739851
12740067
12740125
12740223
12740293
12741065
12741157
12741233
12741353
12741649
12741815
12742197
12742289
12742425
12742495
12742635
12743201
12743335
12743397
12743559
12743607
12743925
12744271
12744391
12744517
12744985
12744993
12745113
12745237
12745511
12745527
12745539
12745559
12745697
12745701
12746059
12746075
12746227
12746687
12746877
12746981
12747027
12747061
12747063
12747109
12747213
12747399
12747727
12747801
12747827
12747921
12747941
12747985
12748181
12748279
12748501
12748503
12748575
12748665
12748767
12748875
12748889
12748957
12749033
12749147
12749203
12749347
12749369
12749501
12749633
12749771
12749919
12750069
12750101
12750371
12750459
12750559
12750785
12750997
12751017
12751107
12751181
12751819
12751959
12752055
12752239
12752511
12752539
12752611
12752723
12752847
12752987
12753137
12753373
12753811
12753933
12754151
12754233
12754445
12754739
12754751
12755171
12755521
12755527
12755917
12756063
12756143
12756251
12756625
12756823
12756939
12756945
12756975
12757101
12757193
12757415
12757471
12757487
12757705
12757777
12758081
12758087
12758135
12758287
12758449
12758461
12758679
12758881
12759009
12759115
12759153
12759237
12759239
12759431
12759657
12759731
12760033
12760105
12760217
12760443
12760925
12761241
12761319
12761411
12761417
12761599
12761777
12761901
12761909
12761939
12762055
12762125
12762269
12762325
12762699
12762867
12762925
12763297
12763333
12763529
12763703
12763881
12763885
12764479
12764497
12764779
12764831
12764835
12765029
12765081
12765741
12765811
12766407
12766425
12766835
12766991
12767121
12767159
12767181
12767495
12767499
12767625
12767629
12767957
12768235
12768555
12768795
12768859
12768963
12769049
12769111
12769395
12769507
12769695
12769969
12769973
12770019
12770223
12770583
12770729
12771043
12771101
12771131
12772079
12772499
12772757
12772793
12772987
12773819
12774027
12774059
12774243
12774411
12774613
12774667
12775119
12775171
12775457
12775525
12775595
12776111
12776401
12776543
12776555
12776821
12776837
12776949
12777195
12777345
12777429
12777573
12777609
12777799
12777869
12777881
12777987
12778061
12778081
12778085
12778191
12778387
12778691
12778813
12778867
12779019
12779059
12779099
12779113
12779151
12779253
12779287
12779477
12779645
12780147
12780151
12780183
12780223
12780595
12780753
12780991
12781067
12781285
12781395
12781591
12781753
12781797
12781943
12782055
12782259
12782313
12782389
12782409
12782443
12782551
12782767
12782797
12782837
12783031
12783167
12783227
12783527
12783711
12783855
12784003
12784239
12784405
12784549
12784661
12784759
12784927
12785015
12785089
12785235
12785243
12785335
12785351
12785709
12785711
12785741
12785869
12786085
12786177
12786737
12786781
12787255
12787385
12787699
12787897
12787925
12787935
12788013
12788087
12788103
12788185
12788275
12788319
12788421
12788547
12788993
12789011
12789223
12789271
12789669
12789725
12789727
12789921
12789963
12790003
12790061
12790191
12790201
12790395
12790741
12791141
12791195
12791221
12791335
12791497
12791709
12791839
12791841
12791995
12792097
12792283
12792299
12792441
12792583
12792609
12792653
12792775
12792857
12792959
12793077
12793217
12793435
12793521
12793641
12793667
12793725
12793825
12794083
12794149
12794261
12794295
12794417
12794525
12794527
12794581
12794843
12794957
12795065
12795265
12795287
12795353
12795357
12795465
12795731
12795789
12795835
12796057
12796081
12796293
12796401
12796531
12796641
12796693
12796809
12796851
12796873
12797755
12798119
12798135
12798379
12798473
12798521
12798607
12798785
12798881
12798885
12799015
12799163
12799259
12799351
12799531
12799597
12799697
12799801
12800023
12800033
12800123
12800145
12800183
12800269
12800287
12800477
12800525
12800659
12800711
12800763
12800949
12800997
12801013
12801127
12801537
12801615
12801825
12801855
12802007
12802009
12802061
12802145
12802225
12802555
12802683
12802699
12802811
12802895
12802911
12802929
12803125
12803225
12803347
12803841
12804053
12804171
12804203
12804393
12804447
12804535
12804543
12804875
12804887
12804957
12805049
12805137
12805241
12806081
12806171
12806407
12806649
12806689
12806861
12806893
12806999
12807045
12807063
12807547
12807593
12807635
12807647
12807739
12807781
12807835
12807865
12807977
12808199
12808295
12808403
12808569
12808825
12808875
12808897
12808943
12808983
12809345
12809485
12809531
12809561
12809637
12809701
12809951
12809955
12810157
12810279
12810347
12810437
12810475
12810777
12811119
12811323
12811421
12811479
12811481
12811683
12811903
12812103
12812193
12812315
12812353
12812447
12812769
12812831
12813091
12813129
12813135
12813211
12813565
12813763
12813801
12813805
12814105
12814149
12814197
12814219
12814271
12814343
12814387
12814449
12814599
12814767
12815007
12815117
12815245
12815509
12816119
12816141
12816221
12816255
12816395
12816409
12816565
12816749
12816971
12817085
12817129
12817193
12817349
12817385
12817455
12817491
12817631
12818031
12818099
12818153
12818197
12818631
12818637
12818655
12818969
12819471
12819691
12819763
12819807
12819983
12820201
12820221
12820345
12820787
12820807
12820835
12820845
12820925
12821195
12821431
12821585
12821611
12821779
12821793
12821829
12821993
12822111
12822169
12822301
12822335
12822511
12822649
12822889
12822919
12822925
12823123
12823157
12823433
12823619
12823813
12823847
12824011
12824281
12824555
12824657
12824793
12824993
12825313
12825343
12826557
12826861
12827107
12827473
12827529
12827667
12827853
12828089
12828203
12828471
12828481
12828513
12828601
12828679
12828725
12828867
12828901
12828927
12829011
12829105
12829391
12829527
12829619
12829727
12829773
12830053
12830147
12830377
12830407
12830473
12830487
12830567
12830733
12830737
12830841
12831011
12831207
12831635
12831651
12831717
12831969
12832069
12832123
12832281
12832485
12832631
12832797
12832805
12833423
12833445
12833573
12833637
12834241
12834275
12834481
12834493
12834809
12834867
12835111
12835477
12835577
12835841
12835977
12835989
12836193
12836255
12836413
12836733
12836811
12836967
12837015
12837143
12837239
12837561
12837643
12838033
12838113
12838133
12838203
12838237
12838253
12838275
12838293
12839009
12839719
12839797
12840075
12840337
12840483
12840611
12840799
12841303
12841631
12841807
12841937
12842189
12842197
12842749
12842919
12843171
12843191
12843265
12843427
12843439
12843481
12843519
12843581
12843933
12844157
12844219
12844241
12844389
12844665
12844785
12844867
12844869
12845013
12845349
12845449
12845689
12845775
12845881
12846247
12846441
12846611
12846723
12846757
12846789
12846873
12847177
12847187
12847223
12847329
12847481
12847625
12847719
12847887
12848201
12848419
12848699
12848783
12848857
12848873
12848913
12848929
12848979
12849059
12849107
12849347
12849469
12849949
12850021
12850321
12850477
12850875
12850899
12851003
12851025
12851119
12851353
12851635
12851681
12851739
12851763
12851929
12852093
12852415
12852445
12852851
12853177
12853257
12853417
12853613
12853963
12854243
12854463
12854541
12854645
12854937
12855711
12855751
12855919
12856023
12856079
12856245
12856423
12856475
12857515
12857757
12857835
12857845
12857907
12858003
12858237
12858255
12858279
12858629
12858709
12859015
12859097
12859277
12859423
12859549
12859713
12860145
12860279
12860383
12860443
12860469
12860539
12860557
12860621
12860859
12860927
12860935
12861039
12861093
12861321
12861467
12861565
12861861
12862071
12862081
12862141
12862197
12862461
12862517
12862633
12862687
12862889
12862905
12863003
12863021
12863335
12863347
12863423
12863493
12863597
12863611
12863633
12863639
12864453
12864649
12864723
12864899
12865025
12865101
12865267
12865381
12865477
12865533
12865583
12865827
12865859
12865875
12865919
12866155
12866411
12866489
12866621
12866705
12866769
12867351
12867505
12867533
12867925
12868023
12868075
12868089
12868197
12868671
12868775
12868863
12868885
12868913
12868949
12869003
12869075
12869149
12869487
12869545
12869571
12869573
12869641
12869845
12869949
12870151
12870545
12871031
12871365
12871759
12871989
12874049
12874071
12874211
12874251
12874389
12874413
12874415
12874919
12874981
12875025
12875047
12875193
12875205
12875313
12875335
12875477
12875599
12875877
12875941
12876193
12876347
12876421
12876431
12876497
12876557
12876579
12876749
12876869
12876883
12877035
12877045
12877097
12878073
12878133
12878355
12878377
12878383
12878497
12878699
12879043
12879185
12879327
12879531
12879669
12879709
12879927
12879975
12880117
12880189
12880321
12880511
12880549
12880737
12881139
12881159
12881381
12881525
12881591
12881623
12881687
12881743
12881837
12882063
12882143
12882237
12882425
12882549
12882565
12882729
12882879
12882905
12883055
12883307
12883649
12883651
12883739
12883977
12884009
12884145
12884235
12884657
12884815
12884855
12884927
12884943
12884993
12885161
12885275
12885313
12885629
12885689
12885765
12886005
12886277
12886359
12886461
12886473
12886555
12886673
12886835
12886971
12887021
12887091
12887279
12887321
12887461
12887491
12887631
12887647
12887987
12888283
12888473
12888495
12888535
12889005
12889039
12889269
12889545
12889657
12889691
12889799
12889833
12890077
12890191
12890347
12890389
12890765
12890783
12891055
12891259
12891273
12891293
12891437
12891449
12891513
12891703
12891887
12892041
12892247
12892565
12892637
12892817
12892861
12892879
12892881
12892907
12893071
12893127
12893213
12893219
12893225
12893241
12893279
12893621
12893755
12894057
12894097
12894135
12894393
12894885
12895075
12895167
12895391
12895571
12895737
12895771
12895897
12895951
12896029
12896113
12896455
12896489
12896549
12896621
12896627
12896703
12896705
12896807
12896811
12896831
12896969
12897033
12897085
12897125
12897247
12897829
12897849
12898029
12898211
12898259
12898269
12898553
12898687
12898861
12899105
12899125
12899203
12899899
12900095
12900969
12901071
12901689
12901813
12901885
12901901
12901913
12902251
12902291
12902877
12902951
12902963
12903251
12903261
12903351
12903601
12903937
12903989
12904211
12904301
12904509
12905055
12905153
12905521
12905587
12905675
12905707
12905783
12905929
12906147
12906201
12906205
12906241
12906243
12906631
12906645
12906723
12906813
12906919
12906941
12907239
12907263
12907405
12907439
12907513
12907783
12907843
12907977
12908241
12908575
12908693
12909287
12909319
12909403
12909505
12909533
12909619
12909853
12910107
12910335
12910515
12910901
12911029
12911551
12911597
12911677
12911745
12911829
12911865
12912123
12912297
12912423
12912665
12912749
12912801
12912883
12913185
12913547
12913657
12913685
12913933
12913973
12914033
12914309
12914483
12914495
12914619
12914765
12914969
12915175
12915215
12915755
12915845
12915919
12915921
12915967
12916185
12916597
12917241
12917315
12917715
12917925
12918199
12918371
12918409
12918461
12918507
12918519
12918583
12918775
12918815
12918871
12918897
12919157
12919263
12919465
12919761
12919763
12919885
12919929
12919955
12919997
12920037
12920039
12920071
12920169
12920229
12920439
12920537
12920759
12920807
12920863
12921041
12921163
12921491
12921499
12921755
12921919
12922009
12922029
12922107
12922143
12922341
12922733
12922913
12922919
12922937
12922959
12922971
12923219
12923255
12923415
12923855
12923857
12924115
12924167
12924217
12924417
12924709
12924715
12924761
12924825
12925183
12926303
12926323
12926423
12926735
12927001
12927099
12927225
12927429
12927673
12927935
12927997
12928059
12928099
12928189
12928207
12928627
12928835
12928887
12928929
12928949
12928963
12929073
12929085
12929153
12929549
12930075
12930077
12930443
12930459
12930467
12930553
12930683
12930697
12931027
12931049
12931337
12931395
12931551
12931555
12931765
12931857
12932097
12932161
12932529
12932647
12932771
12933031
12933237
12933457
12933467
12933521
12933557
12933629
12933727
12933839
12933845
12933865
12933985
12934309
12934365
12934447
12934497
12934765
12934779
12934857
12935291
12935607
12935709
12935729
12935775
12935895
12935923
12935969
12936027
12936039
12936061
12936635
12937091
12937113
12937321
12937511
12937553
12937625
12937857
12937889
12937955
12938041
12938087
12938153
12938165
12938561
12938563
12938647
12938729
12938821
12938955
12938971
12939053
12939431
12939475
12939523
12939725
12939741
12939805
12939823
12939931
12940461
12940473
12940877
12941113
12941127
12941133
12941211
12941975
12942539
12942725
12943041
12943059
12943155
12943177
12943403
12943977
12943979
12944141
12944655
12944799
12945159
12945331
12945337
12945603
12945619
12945811
12945887
12946181
12946317
12946337
12946641
12946729
12947061
12947451
12947533
12947773
12947941
12948037
12948219
12948433
12948883
12948897
12948939
12949115
12949287
12949471
12949473
12949745
12949853
12949959
12950315
12950401
12950437
12950609
12950765
12950927
12951157
12951337
12951519
12951617
12951765
12951769
12951837
12951881
12952031
12952101
12952239
12952463
12952495
12952785
12952993
12953077
12953223
12953257
12953273
12953357
12953681
12954093
12954191
12954301
12954455
12954505
12954657
12954779
12955011
12955061
12955345
12955523
12955575
12955807
12955819
12955903
12955981
12956089
12956147
12956355
12956591
12956645
12956785
12956903
12956953
12956977
12957069
12957073
12957301
12957407
12957815
12957853
12958001
12958265
12958269
12958601
12958603
12959197
12959881
12960003
12960181
12960557
12960581
12960749
12960767
12960801
12960863
12960963
12960981
12961029
12961033
12961093
12961301
12961365
12961449
12961625
12961643
12962185
12962267
12962291
12962361
12962425
12962611
12962719
12962829
12962861
12962901
12963185
12963219
12963515
12963575
12963621
12963633
12963801
12963863
12963875
12964377
12964403
12964443
12964609
12964729
12964797
12965081
12965103
12965201
12965263
12965279
12965531
12965891
12965907
12965963
12966089
12966145
12966363
12966517
12966607
12967613
12967649
12967739
12967831
12967853
12967885
12968981
12969229
12969543
12969601
12969609
12969761
12969767
12969809
12969983
12970097
12970183
12970309
12970551
12970661
12970859
12971005
12971007
12971313
12971323
12971549
12971611
12971673
12971725
12971823
12972019
12972149
12972279
12972707
12972713
12972737
12972789
12972967
12973027
12973693
12973717
12973805
12974451
12974587
12974909
12974995
12975163
12975457
12975505
12975691
12975727
12975749
12975773
12976039
12976505
12976729
12977197
12977345
12977605
12977721
12977809
12978271
12978521
12978551
12978749
12979013
12979101
12979203
12979331
12979393
12979429
12980191
12980413
12980555
12980593
12980813
12980937
12981133
12981301
12981493
12981891
12981927
12982245
12982407
12982657
12982959
12983459
12983619
12983677
12984033
12984605
12984673
12984803
12985047
12985197
12985231
12985313
12985595
12985657
12985721
12985757
12985877
12986151
12986275
12986433
12986447
12986457
12986727
12986895
12987067
12987169
12987549
12987697
12987823
12988229
12988265
12989077
12989141
12989623
12989657
12989949
12990101
12990105
12990467
12990469
12990613
12990695
12990757
12990853
12990883
12990979
12990981
12991035
12991291
12991481
12991639
12991655
12991903
12991935
12991939
12991979
12992145
12992153
12992677
12992891
12992917
12993055
12993087
12993287
12993393
12993977
12994121
12994129
12994231
12994277
12994319
12994479
12994531
12994649
12994769
12994791
12994811
12995205
12995255
12995875
12995963
12996439
12996443
12996509
12996519
12996615
12996695
12997213
12997221
12997281
12997325
12997333
12997383
12997409
12997413
12997501
12997803
12997853
12998163
12998231
12998247
12998547
12998785
12998875
12999145
12999153
12999257
12999437
12999577
12999899
12999953
