# proven primes: b with (b^32+1)/2 prime (aprcl), block [13000000,14000000)
13000063
13000151
13000233
13000379
13000723
13000775
13000829
13000865
13000995
13001253
13001579
13001621
13001739
13001791
13001809
13001929
13002127
13002319
13002603
13002621
13002777
13002859
13002881
13002977
13003151
13003187
13003343
13003551
13003571
13003713
13003737
13003827
13004243
13004475
13004539
13004711
13004719
13004893
13005905
13006055
13006227
13006293
13006295
13006485
13006633
13006913
13006945
13007335
13007677
13007691
13007789
13007873
13007897
13008057
13008249
13008293
13008307
13008617
13008623
13008707
13008783
13008797
13008903
13008965
13009227
13009313
13009327
13009433
13009545
13009561
13009897
13010071
13010595
13010673
13010849
13011009
13011119
13011397
13011591
13011615
13011869
13012383
13012495
13012529
13012567
13012597
13012655
13012705
13013175
13013285
13013489
13013497
13013905
13014513
13014557
13014569
13014613
13014811
13014969
13015143
13015209
13015475
13015489
13015601
13015665
13015709
13015763
13015789
13016221
13016261
13016421
13016553
13016691
13016765
13016871
13017051
13017097
13017137
13017281
13017307
13017335
13017635
13017663
13017721
13017793
13018003
13018121
13018691
13018853
13019377
13019437
13019461
13019477
13019485
13019617
13019673
13019699
13020193
13020211
13020323
13020425
13020597
13020915
13021007
13021023
13021047
13021119
13021121
13021129
13021281
13021587
13021647
13021649
13021733
13021753
13022279
13022327
13022635
13022729
13022801
13022843
13022975
13023141
13023237
13023475
13023643
13024079
13024203
13024215
13024289
13024343
13024575
13024715
13024761
13024845
13024943
13025021
13025103
13025345
13025479
13025555
13025737
13025891
13025935
13026025
13026117
13026199
13026719
13026803
13026881
13027037
13027099
13027167
13027347
13027373
13027705
13027895
13027999
13028127
13028169
13028209
13028309
13028905
13028909
13028999
13029277
13029321
13029387
13029389
13029415
13029513
13029571
13030073
13030485
13030603
13030635
13030637
13030681
13030749
13030791
13030823
13030911
13031403
13031455
13031531
13031549
13031821
13031947
13032047
13032421
13032437
13032533
13032573
13032647
13032757
13032827
13033155
13033281
13033495
13033695
13033983
13034007
13034009
13034083
13034157
13034185
13034325
13034551
13034619
13034667
13034693
13035021
13035175
13035287
13035357
13035493
13035691
13035915
13035983
13036041
13036225
13036521
13036585
13037167
13037459
13037577
13037629
13037763
13037791
13038091
13038181
13038195
13038315
13038317
13038483
13038495
13038833
13038841
13038937
13039037
13039251
13039289
13039535
13039563
13039587
13039697
13039893
13039909
13040639
13040651
13040821
13041321
13041527
13041585
13041603
13042151
13042571
13042599
13042629
13042665
13043035
13043203
13043215
13043421
13043449
13043501
13043517
13043809
13043849
13043969
13044115
13044567
13044581
13044715
13044815
13044847
13044895
13044945
13045073
13045147
13045149
13045179
13045251
13045465
13045657
13045715
13045899
13046059
13046123
13046131
13046155
13046173
13046189
13046213
13046341
13046363
13046543
13046743
13046777
13046907
13046995
13047037
13047255
13047351
13047693
13047707
13047981
13048065
13048087
13048107
13048387
13048407
13048675
13048747
13048781
13048867
13048949
13048957
13049089
13049437
13049599
13049731
13049979
13050177
13050193
13050383
13050451
13050485
13050581
13050655
13050679
13050827
13051367
13051563
13051817
13051919
13052011
13052081
13052121
13052123
13052141
13052361
13052533
13052673
13052813
13053013
13053227
13053311
13053553
13053569
13053795
13054061
13054083
13054613
13054795
13055107
13055133
13055189
13055349
13055525
13055571
13055661
13055937
13056111
13056193
13056239
13056299
13056407
13056671
13056753
13056895
13057091
13057349
13057351
13057655
13057853
13057879
13058315
13058609
13058767
13058793
13058823
13059049
13059071
13059157
13059489
13059553
13059725
13060073
13060107
13060127
13060389
13060459
13060533
13060535
13060641
13060871
13061027
13061263
13061449
13061451
13061679
13062009
13062011
13062131
13062241
13062503
13062525
13062607
13062805
13063271
13063319
13063367
13063453
13063621
13063723
13063783
13063829
13064007
13064475
13064775
13065095
13065135
13065247
13065635
13065657
13065683
13065911
13066057
13066059
13066101
13066203
13066301
13066305
13066541
13066713
13066723
13066903
13067041
13067075
13067151
13067343
13067645
13067663
13067671
13067861
13067881
13068077
13068201
13068601
13068699
13068857
13069107
13069185
13069211
13069271
13069393
13069553
13069557
13069583
13069615
13069755
13070045
13070449
13070453
13070533
13070669
13070673
13070689
13070845
13070961
13071295
13071775
13071823
13071859
13071871
13071887
13072249
13072473
13072503
13072613
13072665
13072827
13073097
13073563
13073669
13073717
13073811
13073815
13074013
13074153
13074209
13074541
13074555
13074703
13074905
13075145
13075415
13075485
13075911
13076151
13076237
13076727
13076729
13076849
13076853
13076863
13077029
13077117
13077405
13077485
13077803
13077881
13077909
13078209
13078455
13078499
13078563
13078659
13078683
13078717
13078757
13078815
13079245
13079391
13079401
13079445
13079459
13079527
13079583
13079627
13079809
13079883
13079885
13079941
13079981
13080167
13080281
13080365
13080817
13081045
13081103
13081137
13081541
13081705
13081731
13082181
13082191
13082285
13082469
13082549
13082559
13082689
13082789
13082849
13083003
13083019
13083179
13083213
13083237
13083415
13083465
13083487
13083527
13083545
13083641
13083819
13083999
13084005
13084319
13084485
13084623
13084677
13084709
13084899
13085039
13085419
13085591
13085737
13085907
13086077
13086089
13086203
13086283
13086387
13086489
13086617
13086773
13086829
13086967
13087201
13087263
13087483
13087609
13087665
13087845
13088027
13088101
13088905
13089071
13089367
13089387
13089423
13089671
13089797
13089821
13090289
13090325
13090615
13090645
13090659
13090867
13091023
13091079
13091209
13091249
13091399
13091455
13091619
13091781
13091817
13091931
13091955
13092155
13092327
13092369
13092425
13092523
13092633
13092771
13092861
13093103
13093273
13093461
13093811
13093845
13093943
13093961
13093973
13094013
13094037
13094049
13094089
13094117
13094235
13094285
13094585
13094733
13095119
13095145
13095159
13095219
13095623
13095923
13096547
13096617
13096671
13096803
13096873
13097141
13097151
13097165
13097305
13097349
13097463
13098119
13098175
13098463
13098675
13098731
13098961
13099101
13099189
13099419
13099597
13099865
13099931
13100093
13100143
13100253
13100511
13100703
13101011
13101185
13101195
13101209
13101355
13101609
13101629
13101813
13102065
13102359
13102463
13102605
13102769
13102863
13103097
13103155
13103429
13103489
13103539
13103645
13104361
13104639
13104721
13104807
13104839
13104859
13104869
13105133
13105163
13105267
13105307
13105371
13105399
13105509
13105533
13105555
13105631
13105665
13106021
13106091
13106213
13106351
13106411
13106565
13106637
13106685
13106743
13106963
13107017
13107131
13107267
13107341
13107523
13107569
13107623
13107791
13107871
13108113
13108153
13108493
13108809
13108991
13108999
13109025
13109189
13109329
13109393
13109597
13109671
13109755
13109767
13109927
13109943
13109945
13110041
13110103
13110131
13110465
13110483
13110485
13110637
13110781
13110829
13110883
13110919
13111149
13111221
13111267
13111279
13111511
13111629
13111761
13111867
13112035
13112135
13112243
13112249
13112271
13112273
13112547
13112663
13112831
13112927
13113029
13113099
13113275
13113577
13113585
13113603
13113729
13113759
13113807
13113817
13113981
13114071
13114151
13114565
13114579
13114661
13114667
13114859
13115197
13115353
13115381
13116133
13116221
13116345
13116371
13116411
13116575
13116873
13116903
13116943
13116997
13117231
13117385
13117437
13117485
13117487
13117697
13117733
13117767
13117961
13117979
13118041
13118233
13118247
13118365
13118597
13118691
13118763
13118927
13118931
13118957
13119077
13119405
13119471
13119483
13119561
13119779
13120109
13120181
13120189
13120303
13120331
13120381
13120435
13120503
13120541
13120589
13120663
13120683
13120729
13120737
13120817
13120907
13121025
13121133
13121201
13121433
13121485
13121777
13121799
13121869
13121905
13122245
13122687
13122779
13122819
13122893
13123081
13123177
13123203
13123773
13123897
13123991
13124083
13124101
13124141
13124411
13124679
13124721
13124767
13124835
13125043
13125265
13125451
13125635
13126381
13126639
13126781
13126865
13126889
13127171
13127407
13127447
13127577
13127617
13127701
13127705
13127859
13127967
13127999
13128133
13128161
13128497
13128609
13128783
13128993
13129187
13129203
13129215
13129465
13129681
13129831
13129857
13129869
13129887
13129937
13130017
13130387
13130411
13130441
13130455
13130509
13130799
13130871
13131315
13131471
13131639
13131953
13132289
13132331
13132497
13132715
13132727
13132975
13133081
13133307
13133357
13133549
13133569
13133929
13133999
13134471
13134523
13134553
13134793
13134939
13134963
13135047
13135297
13135315
13135325
13135759
13135825
13135911
13136149
13136603
13136635
13136665
13137265
13137625
13137647
13137655
13137961
13138127
13138233
13138481
13138711
13138771
13138875
13139185
13139245
13139397
13139421
13139485
13139501
13139535
13139571
13139881
13140067
13140129
13140193
13140255
13140353
13140395
13140523
13140535
13141425
13141431
13141731
13141959
13142007
13142029
13142201
13142351
13142699
13142773
13143051
13143245
13144263
13144267
13144383
13144555
13144701
13144779
13145039
13145123
13145411
13145501
13145553
13145565
13145647
13145797
13145935
13146115
13146191
13146205
13146415
13146643
13146775
13146825
13147037
13147213
13147433
13147481
13147521
13147993
13148061
13148107
13148391
13148403
13148575
13148779
13148797
13148861
13148977
13149093
13149217
13149401
13149461
13149645
13149677
13149821
13149837
13150451
13150611
13150745
13150815
13151459
13151663
13151681
13151747
13151907
13152181
13152381
13152595
13152605
13152889
13152905
13152945
13153103
13153113
13153395
13153517
13153571
13153977
13153995
13154031
13154287
13154629
13154777
13154797
13154955
13155423
13155651
13155727
13155781
13155793
13155815
13155887
13155989
13156059
13156187
13156229
13156327
13156421
13156499
13156621
13156805
13156861
13156937
13157233
13157303
13157415
13157419
13157469
13157521
13157579
13157723
13157859
13157867
13157925
13158247
13158281
13158361
13158521
13158551
13158595
13158695
13159187
13159201
13159211
13159285
13159453
13159455
13159519
13159623
13159723
13159903
13160105
13160145
13160301
13160425
13160489
13160495
13160557
13160707
13161083
13161195
13161415
13161483
13161613
13161687
13161693
13161775
13161807
13161847
13162137
13162557
13162727
13162797
13162917
13162987
13163035
13163439
13163513
13163691
13163733
13164181
13164203
13164211
13164271
13164531
13164587
13164855
13165131
13165227
13165411
13165417
13165705
13165763
13165971
13166089
13166091
13166149
13166319
13166407
13166595
13166703
13166809
13166819
13167035
13167135
13167183
13167287
13167361
13167813
13167819
13167845
13168035
13168167
13168209
13168323
13168465
13168653
13168685
13168835
13168907
13168943
13169049
13169299
13169401
13169463
13169471
13169487
13169557
13169773
13170361
13170481
13170627
13171043
13171049
13171293
13171797
13172089
13172185
13172247
13172253
13172335
13173385
13173515
13173681
13173955
13173977
13174111
13174245
13174413
13174703
13174741
13175055
13175207
13175311
13175701
13175893
13175979
13176043
13176293
13176315
13176941
13176945
13176955
13177071
13177131
13177377
13177659
13177705
13177709
13177749
13177991
13178033
13178041
13178137
13178275
13178449
13178635
13178805
13178909
13178947
13178979
13179051
13179491
13179691
13179697
13179911
13179987
13180501
13180531
13180779
13180927
13181013
13181073
13181169
13181835
13181853
13182057
13182607
13182695
13182887
13182899
13182923
13183223
13183365
13183495
13183529
13183619
13183631
13183833
13183835
13183909
13184261
13184329
13184463
13184535
13184887
13184919
13184995
13185213
13185217
13185231
13185419
13185533
13185639
13185711
13186097
13186131
13186177
13186249
13186403
13186489
13186515
13186549
13186577
13186599
13186633
13186773
13186875
13187063
13187281
13187497
13187735
13187747
13187899
13188013
13188127
13188149
13188291
13188541
13188559
13188851
13189325
13189395
13189413
13189465
13189469
13189801
13189831
13190075
13190203
13190255
13190311
13190607
13190677
13190703
13190729
13191355
13191543
13191647
13191741
13191999
13192067
13192125
13192271
13192299
13192499
13192567
13192601
13192639
13192717
13192809
13192811
13192889
13192923
13193043
13193079
13193113
13193407
13193465
13193595
13193819
13194107
13194187
13194479
13194487
13194543
13194631
13195309
13195403
13195505
13195689
13195793
13195937
13196105
13196385
13196419
13196521
13196727
13196945
13196951
13196963
13196981
13197013
13197125
13197187
13197365
13197591
13198091
13198177
13198431
13198539
13198831
13199085
13199207
13199247
13199263
13199301
13199507
13199563
13199759
13199875
13199885
13199887
13200097
13200117
13200353
13200555
13200607
13200723
13200959
13201029
13201049
13201311
13201327
13201627
13201647
13201733
13201757
13201871
13201927
13202027
13202525
13202629
13202631
13202753
13202875
13202959
13203355
13203361
13203371
13203379
13203567
13203571
13203747
13203943
13204233
13204289
13204331
13204365
13204521
13204651
13204675
13204753
13204861
13204997
13205295
13205765
13206013
13206089
13206405
13206407
13206803
13206859
13207181
13207617
13207667
13207937
13207965
13207995
13208279
13208323
13208609
13208681
13208735
13208873
13209061
13209129
13209503
13209579
13209717
13209815
13209861
13209981
13210019
13210317
13210341
13210443
13210505
13210537
13211171
13211215
13211479
13211559
13211561
13211597
13211757
13211765
13211817
13212003
13212207
13212559
13212603
13212657
13212737
13213009
13213027
13213207
13213231
13213345
13213355
13213451
13213535
13213749
13214041
13214157
13214163
13214305
13214307
13214485
13214655
13214657
13214875
13215027
13215139
13215487
13215583
13215759
13216093
13216101
13216407
13216499
13216677
13216981
13217205
13217227
13217729
13217799
13217919
13217991
13218075
13218787
13218881
13219433
13219435
13220023
13220235
13220275
13220351
13220419
13220751
13220905
13220999
13221009
13221053
13221095
13221105
13221169
13221213
13221509
13221597
13221709
13222053
13222237
13222595
13222597
13222601
13222753
13222797
13222947
13223217
13223767
13223871
13223993
13224077
13224101
13224411
13224423
13224663
13224989
13225263
13225719
13225749
13226047
13226063
13226129
13226143
13226533
13226673
13226719
13226815
13227141
13227269
13227281
13227327
13227425
13227563
13227613
13228213
13228263
13228379
13228463
13228597
13228691
13228793
13229047
13229107
13229283
13229329
13229381
13229457
13229605
13229703
13229709
13229815
13229949
13230003
13230157
13230169
13230215
13230303
13230409
13230539
13230787
13230857
13230875
13230899
13230919
13230949
13230963
13231071
13231073
13231111
13231185
13231429
13231759
13231929
13232037
13232175
13232241
13232391
13232407
13232445
13232481
13232551
13232671
13233033
13233259
13233331
13233549
13233563
13233579
13233669
13233985
13234119
13234225
13234415
13234459
13235261
13235485
13235557
13235699
13235863
13235895
13236165
13236421
13236439
13236457
13236547
13236815
13236895
13237017
13237057
13237245
13237303
13237309
13237509
13237585
13237663
13237677
13237715
13238179
13238277
13238315
13238599
13238617
13238667
13238735
13238915
13239331
13239797
13239943
13240269
13240499
13240535
13240693
13241739
13241925
13241955
13242001
13242231
13242279
13242503
13242551
13242797
13243257
13243575
13243895
13243899
13244413
13244653
13244947
13245451
13245523
13245633
13245653
13245729
13245759
13245821
13246225
13246485
13246515
13246705
13247203
13247263
13247355
13247365
13247411
13247717
13247783
13247785
13248287
13248917
13248943
13249023
13249027
13249293
13249373
13249397
13249659
13249789
13249799
13249997
13250147
13250185
13250213
13250229
13250607
13250723
13250801
13250887
13250927
13251437
13251495
13251797
13251897
13252013
13252067
13252129
13252169
13252375
13252431
13252455
13252773
13252877
13253169
13253419
13253431
13253471
13253763
13253891
13253943
13254063
13254091
13254097
13254131
13254337
13254519
13254619
13254699
13254933
13254955
13255495
13255561
13255827
13256063
13256207
13256277
13256381
13256645
13256709
13256849
13256865
13257179
13257337
13257537
13257573
13257737
13258407
13258431
13258547
13258649
13258945
13259023
13259153
13259249
13259281
13259645
13259683
13259927
13260053
13260087
13260427
13260593
13260693
13260751
13261025
13261073
13261141
13261197
13261523
13262021
13262093
13262219
13262377
13262445
13262493
13262807
13262857
13263013
13263067
13263097
13263597
13263655
13263717
13263733
13264043
13264093
13264323
13264479
13264483
13264583
13264693
13265001
13265035
13265115
13265141
13265207
13265413
13265773
13265879
13265993
13266079
13266107
13266157
13266159
13266313
13266381
13267091
13267115
13267271
13267923
13268173
13268195
13268287
13268389
13268585
13268819
13268879
13269039
13269117
13269167
13269265
13269277
13269461
13269571
13269767
13269991
13270119
13270473
13270511
13270541
13270545
13270551
13270809
13270831
13270907
13270975
13271309
13271359
13271837
13271853
13271931
13272289
13272747
13272793
13272821
13272875
13273017
13273317
13273319
13273597
13273869
13274063
13274413
13274663
13274685
13274747
13274819
13275053
13275085
13275679
13275839
13275857
13275865
13276153
13276391
13276787
13276903
13277107
13277317
13277473
13277645
13277723
13277735
13278097
13278163
13278383
13278407
13278843
13279027
13279029
13279105
13279157
13279483
13279585
13279607
13280115
13280139
13280179
13280333
13281583
13281659
13281779
13281789
13281807
13281891
13282411
13282519
13282817
13283203
13283469
13283677
13283741
13283871
13283935
13284153
13284583
13284659
13284719
13284787
13284905
13285307
13285567
13285725
13285845
13285899
13286061
13286169
13286447
13286893
13287137
13287231
13287471
13287969
13288127
13288203
13288259
13288353
13288543
13288625
13288671
13288695
13288767
13288779
13288823
13288981
13289205
13289453
13289517
13289621
13289753
13289757
13290047
13290205
13290339
13290575
13290899
13290961
13291029
13291069
13291111
13291145
13291183
13291861
13292023
13292025
13292619
13292847
13293037
13293325
13293555
13293935
13294281
13294613
13294689
13294741
13294863
13294885
13295003
13295145
13295189
13295449
13295669
13295843
13295871
13295935
13295949
13296239
13296333
13296349
13296623
13296807
13296821
13296925
13296995
13297125
13297217
13297239
13297309
13297371
13297593
13297695
13298171
13298237
13298251
13298481
13299267
13299815
13299925
13300091
13300251
13300547
13300583
13301003
13301025
13301167
13301235
13301439
13301515
13301543
13301569
13301963
13302021
13302099
13302251
13302317
13302351
13302517
13302577
13302617
13302639
13302663
13302733
13302899
13303089
13303235
13303381
13303413
13303849
13304113
13304627
13304919
13305197
13305383
13305643
13305665
13305815
13305857
13305935
13305951
13306215
13306373
13306451
13306561
13306675
13306771
13307281
13307461
13307567
13307587
13307783
13307789
13307797
13307895
13307923
13308049
13308199
13308379
13308425
13308715
13308745
13308783
13308877
13309335
13309345
13309417
13309629
13309645
13309763
13309813
13309837
13309881
13309969
13310067
13310159
13310179
13310203
13311041
13311067
13311117
13311213
13311373
13311483
13311501
13311705
13311801
13311979
13312371
13312559
13312561
13312747
13312869
13312883
13313261
13313375
13313395
13313569
13313691
13314041
13314175
13314407
13314529
13314877
13314925
13314955
13314963
13315009
13315025
13315101
13315117
13315451
13315579
13315861
13315903
13315925
13316013
13316059
13316093
13316359
13317151
13317181
13317501
13317679
13317719
13317755
13317989
13318233
13318237
13318373
13318459
13318547
13318699
13318867
13318973
13319381
13319409
13319507
13319657
13319751
13319781
13319815
13320305
13320317
13320359
13320437
13320675
13320681
13320753
13320823
13320945
13321041
13321071
13321467
13321649
13321763
13321879
13322145
13322455
13322465
13322547
13322551
13322599
13322613
13322615
13322699
13322851
13323107
13323367
13323435
13323481
13323503
13323729
13323761
13324285
13324661
13324735
13324955
13325251
13325449
13325471
13325687
13326001
13326161
13326281
13326419
13326463
13327277
13327599
13327793
13327875
13327975
13328017
13328225
13328555
13328655
13328743
13328773
13328909
13329251
13329305
13329373
13329453
13329611
13329659
13329739
13329873
13329909
13329935
13330437
13330491
13330537
13331111
13331337
13331417
13331541
13331695
13331721
13331823
13331925
13332449
13332465
13332561
13332617
13332895
13332963
13333057
13333143
13333405
13333483
13333489
13333549
13333725
13333809
13334343
13334431
13334499
13334599
13334753
13334893
13335189
13335335
13335367
13335581
13335603
13335639
13335651
13335771
13335813
13336139
13336169
13336187
13336247
13336283
13336327
13336383
13336395
13336451
13336629
13336777
13336863
13337169
13337637
13337801
13337891
13338221
13338253
13338375
13338393
13338807
13338871
13339033
13339341
13340009
13340161
13340369
13340673
13340925
13341011
13341439
13341763
13341813
13342033
13342279
13342305
13342471
13342733
13342913
13343467
13343783
13343875
13344199
13344473
13344565
13344653
13344729
13344783
13344785
13345133
13345153
13345239
13345263
13345517
13345539
13345547
13345643
13345703
13345967
13346041
13346421
13346599
13346659
13346999
13347157
13347211
13347337
13347349
13347433
13347515
13347773
13347807
13348121
13348215
13348423
13348655
13348657
13348679
13348847
13349061
13349069
13349095
13349177
13349295
13349309
13349563
13349679
13349697
13349735
13349809
13349861
13349901
13350031
13350083
13350101
13350439
13350479
13350497
13350557
13350665
13350765
13350815
13350839
13351103
13351131
13351205
13351511
13351549
13351755
13351801
13351931
13351987
13352071
13352305
13352311
13352553
13352603
13352755
13352763
13353513
13354107
13354115
13354377
13354439
13354545
13354603
13354779
13354971
13355375
13355407
13355429
13355455
13355977
13356143
13356207
13356291
13356423
13356435
13356901
13357059
13357169
13357361
13357365
13357421
13357823
13357871
13358053
13358151
13358187
13358211
13358525
13358591
13358627
13358917
13359213
13359289
13359329
13360069
13360217
13360257
13360551
13360819
13360959
13361287
13361289
13361353
13361457
13361561
13362049
13362239
13362551
13362633
13362783
13362789
13362851
13363261
13363365
13363381
13363851
13364087
13364135
13364149
13364335
13364355
13364367
13364475
13364483
13364607
13364771
13364909
13365453
13365555
13365605
13365613
13365767
13365771
13365773
13365819
13365835
13366523
13366537
13366567
13366649
13366777
13366787
13366863
13366941
13366975
13367171
13367261
13367357
13367427
13367875
13367935
13367951
13368011
13368133
13368295
13368765
13368921
13368947
13369065
13369113
13369135
13369241
13369259
13369295
13369479
13369549
13369673
13369779
13369839
13369873
13369883
13369923
13370041
13370351
13370577
13370691
13370925
13370999
13371063
13371323
13371417
13371705
13372167
13372415
13372669
13372733
13372735
13372947
13373113
13373469
13373809
13374083
13374171
13374283
13374417
13374451
13374605
13374869
13375039
13375141
13376027
13376043
13376181
13376535
13376853
13376903
13377219
13377281
13377325
13377905
13378033
13378129
13378171
13378423
13378433
13378545
13378593
13378981
13379055
13379063
13379127
13379177
13379211
13379277
13379491
13379675
13379855
13379967
13380267
13380329
13380345
13380371
13380445
13380451
13380493
13380499
13380549
13380653
13380715
13380731
13380871
13381051
13381257
13381303
13381563
13381983
13382121
13382167
13382363
13382379
13382629
13382775
13382877
13382933
13383169
13383265
13383295
13383333
13383507
13383581
13383647
13384027
13384333
13384393
13384543
13384573
13384601
13384693
13384697
13384743
13384775
13385177
13385229
13385399
13385403
13385453
13385581
13385701
13385987
13386275
13386281
13386847
13386927
13387099
13387191
13387459
13387529
13387661
13387837
13387955
13388009
13388139
13388271
13388287
13388299
13388433
13388689
13388743
13389007
13389099
13389569
13389593
13389623
13389751
13390121
13390165
13390213
13390409
13390417
13390531
13390947
13391011
13391395
13391431
13391495
13391707
13391789
13391875
13392021
13392291
13392747
13393061
13393143
13393325
13393373
13393427
13393525
13393967
13394069
13394247
13394501
13394917
13394967
13394973
13395151
13395279
13395617
13395741
13395791
13395851
13395871
13395873
13395911
13396135
13396377
13396439
13396457
13396479
13396537
13396637
13396739
13396765
13396781
13396793
13396841
13396899
13397125
13397429
13397571
13397731
13397897
13398237
13398443
13398447
13398807
13399171
13399311
13399581
13399965
13400059
13400319
13400455
13400877
13400943
13400983
13401283
13401481
13401697
13401779
13401791
13401793
13402017
13402065
13402077
13402083
13402163
13402263
13402279
13402333
13402357
13402373
13402487
13402783
13402951
13403193
13403369
13404005
13404015
13404061
13404175
13404251
13404333
13404681
13404915
13405371
13405603
13405739
13405807
13406143
13406225
13406319
13406365
13406459
13406529
13406711
13407377
13407383
13407541
13407625
13407631
13407983
13408099
13408111
13408293
13408351
13408489
13408555
13408621
13408649
13408761
13408777
13408837
13409153
13409217
13409227
13409369
13409455
13409531
13409599
13409917
13410247
13410277
13410633
13410795
13410991
13411041
13411295
13411447
13411631
13411715
13411747
13411801
13411941
13411957
13412181
13412259
13412291
13412505
13412519
13412773
13412879
13412915
13413399
13413483
13413523
13413749
13414061
13414131
13414177
13414247
13414353
13414503
13414561
13414563
13414621
13414649
13414661
13414713
13415047
13415243
13416027
13416063
13416129
13416221
13416297
13416343
13416401
13416727
13416951
13417217
13417577
13417677
13417887
13418223
13418379
13418793
13419213
13419259
13419263
13419275
13419471
13419531
13419545
13419787
13419907
13419917
13420115
13420193
13420427
13420655
13420725
13420757
13420791
13420839
13420919
13420961
13421251
13421827
13421865
13422141
13422309
13422353
13422685
13422787
13422901
13423049
13423065
13423077
13423127
13423493
13423499
13423631
13423795
13423877
13423945
13424207
13424231
13424283
13424437
13424555
13424959
13425011
13425161
13425219
13425237
13425635
13426287
13426323
13426399
13426413
13426571
13426785
13426787
13426833
13427379
13427849
13427999
13428733
13428743
13428817
13428965
13429023
13429069
13429203
13429213
13429219
13429251
13429279
13429317
13429419
13429477
13429727
13429947
13430263
13430437
13430461
13430647
13431187
13431287
13431359
13431365
13431417
13431515
13432011
13432019
13432409
13432417
13432455
13432511
13432585
13433133
13433575
13433723
13434147
13434217
13434419
13434539
13434547
13434839
13434887
13434939
13435197
13435217
13435257
13435333
13435429
13435477
13435757
13435833
13435903
13436131
13436427
13436455
13436475
13436495
13436519
13436609
13436985
13437129
13437365
13437439
13437489
13437679
13437963
13438305
13438451
13438527
13438651
13438669
13438899
13439085
13439427
13439585
13439733
13439933
13440007
13440199
13440201
13440477
13440501
13440643
13440657
13440795
13440861
13440905
13441277
13441389
13441431
13441443
13441485
13441907
13441995
13442069
13442179
13442231
13442453
13442743
13442817
13442895
13442993
13443271
13443301
13443319
13443407
13443529
13443719
13444177
13444199
13444321
13444543
13444569
13444659
13444671
13444693
13444757
13445287
13445575
13445817
13446035
13446099
13446219
13446423
13446477
13447333
13447361
13447377
13447403
13447499
13447577
13447689
13447725
13447931
13448011
13448033
13448213
13448351
13448495
13448533
13448719
13448967
13449109
13449413
13449451
13449545
13449629
13449863
13450067
13450127
13450169
13450353
13450471
13450601
13450797
13450999
13451003
13451197
13451227
13451467
13451635
13451805
13451997
13452283
13452543
13452779
13452869
13452937
13452941
13453073
13453215
13453263
13453709
13453953
13454057
13454181
13454469
13454757
13454759
13454863
13454973
13455057
13455161
13455387
13455807
13455853
13455887
13455905
13456095
13456395
13456507
13456881
13456903
13457041
13457171
13457479
13457489
13457705
13457833
13457835
13458033
13458125
13458251
13458471
13458485
13458753
13458771
13459453
13459479
13459813
13460187
13460247
13460637
13460671
13460869
13461113
13461185
13461209
13461309
13461337
13461415
13461681
13461757
13461891
13461915
13461929
13461943
13462117
13462129
13462267
13462445
13462643
13462689
13463173
13463209
13463337
13463517
13463997
13464299
13464309
13464467
13464573
13464599
13464667
13464697
13464973
13465227
13465541
13465593
13465625
13465815
13466225
13466237
13466243
13466627
13466905
13466953
13466955
13467019
13467053
13467095
13467531
13467791
13467911
13467929
13467953
13468305
13468607
13468743
13468813
13469033
13469193
13469491
13469549
13469913
13469953
13470345
13470729
13470777
13470833
13470955
13471033
13471105
13471243
13471401
13471423
13471425
13471953
13471957
13471973
13472043
13472761
13472981
13473025
13473093
13473121
13473327
13473509
13473609
13473613
13473719
13474047
13474267
13474283
13474471
13474689
13474807
13474995
13475009
13475101
13475195
13475253
13475287
13475333
13475371
13475463
13475715
13475767
13475797
13475847
13476303
13476557
13476581
13476583
13476597
13476709
13476729
13477187
13477217
13477321
13477343
13477431
13477523
13477687
13478039
13478749
13478973
13479161
13479199
13479223
13479289
13479315
13479447
13479511
13479771
13479831
13480285
13480321
13480455
13480511
13480525
13480541
13480647
13480687
13480901
13481335
13481547
13481701
13481771
13481813
13481853
13481991
13482439
13482445
13482467
13482573
13482741
13482817
13482823
13482859
13483011
13483243
13483245
13483287
13483517
13483705
13484355
13484431
13484467
13484541
13485019
13485031
13485085
13485153
13485255
13485757
13485777
13486065
13486109
13486317
13486377
13486393
13486403
13486713
13486841
13487021
13487091
13487169
13487225
13487353
13487565
13487875
13488077
13488289
13488541
13488749
13489011
13489175
13489201
13489395
13489463
13489479
13489875
13489943
13490115
13490175
13490203
13490317
13490443
13490643
13490731
13490989
13491013
13491289
13491387
13491617
13491655
13491779
13491791
13491827
13491881
13492063
13492191
13492239
13492305
13492557
13492671
13492745
13492781
13492809
13492861
13492969
13493113
13493355
13493451
13493485
13493727
13493935
13494113
13494197
13494675
13494749
13494897
13494955
13495103
13495267
13495821
13495873
13495937
13497039
13497177
13497277
13497415
13497533
13497793
13497911
13497975
13498097
13498623
13498643
13498743
13499021
13499037
13499097
13499187
13499239
13499541
13499631
13499689
13499797
13499817
13499825
13499961
13500161
13500185
13500287
13500303
13500349
13500403
13500477
13500821
13501229
13501347
13501399
13501943
13502281
13502305
13502373
13502439
13502449
13502819
13502893
13502989
13503103
13503105
13503439
13503585
13503739
13503803
13503807
13503829
13503963
13504089
13504293
13504353
13504543
13504987
13505043
13505347
13505399
13505425
13505545
13505639
13505749
13505955
13506039
13506087
13506443
13506695
13506929
13507107
13507343
13507457
13507779
13507799
13507805
13507891
13507911
13508045
13508053
13508655
13508677
13508751
13508835
13508903
13509197
13509661
13510003
13510219
13510295
13510429
13510439
13510617
13510741
13511005
13511233
13511279
13511325
13511347
13511481
13511571
13511665
13511935
13512259
13512385
13512485
13512519
13512823
13513163
13513367
13513537
13513615
13513663
13513791
13513913
13513945
13514163
13514347
13514595
13514879
13514981
13515119
13515155
13515379
13515571
13515599
13515917
13515951
13515965
13516107
13516117
13516557
13516663
13516841
13516863
13516929
13516953
13517021
13517131
13517231
13517265
13517335
13517377
13517609
13517667
13517701
13517909
13517913
13518137
13518257
13518499
13518523
13518771
13518989
13519597
13519635
13520111
13520229
13520339
13520353
13520441
13520603
13520757
13520877
13520961
13521011
13521301
13521333
13521337
13521399
13521431
13521785
13522027
13522177
13522205
13522403
13522467
13522561
13522741
13522879
13523075
13523133
13523263
13523265
13523387
13523593
13523623
13523653
13523979
13524111
13524135
13524205
13524417
13524425
13524443
13524731
13524769
13525221
13525533
13525537
13525663
13525735
13525759
13525769
13525811
13526003
13526105
13526267
13526475
13526517
13526649
13526749
13526923
13527301
13527333
13527367
13527529
13527545
13527605
13527633
13527751
13527771
13527839
13528327
13528367
13528405
13528713
13528845
13529119
13529431
13529453
13529605
13529797
13529863
13529975
13529981
13530271
13530377
13531053
13531153
13531181
13531231
13531365
13531371
13532203
13532333
13532397
13532545
13533017
13533019
13533183
13533243
13533363
13533375
13533461
13533881
13534027
13534083
13534317
13534383
13534741
13534815
13534945
13535135
13535573
13535643
13535655
13535675
13535703
13535725
13535795
13535837
13535843
13536015
13536107
13536299
13536521
13536743
13537547
13537625
13537733
13537841
13538147
13538239
13538329
13538377
13538443
13538455
13538675
13538957
13539115
13539387
13539405
13539447
13539611
13539657
13539667
13539685
13539933
13540013
13540215
13540283
13540341
13541199
13541357
13541473
13541781
13541841
13541945
13541983
13542017
13542039
13542473
13542497
13542587
13542605
13542885
13543343
13543365
13543405
13543559
13543643
13543811
13543855
13544121
13544405
13544419
13544423
13544483
13544503
13544837
13544863
13545123
13545261
13545297
13545317
13545661
13545825
13545977
13546183
13546469
13546577
13546603
13546829
13547087
13547129
13547211
13547273
13547351
13547681
13547821
13547835
13548189
13548463
13548753
13549109
13549395
13549417
13549529
13549717
13549781
13550029
13550047
13550627
13550637
13550671
13550959
13551091
13551175
13551497
13551661
13551707
13551769
13551983
13552175
13552187
13552243
13552269
13552283
13552301
13552333
13552363
13552455
13552487
13552503
13552505
13552693
13552723
13552993
13553323
13553347
13553667
13553863
13553955
13554045
13554399
13554493
13554609
13554637
13554851
13555545
13555919
13555979
13556239
13556593
13556821
13556885
13557249
13557271
13557307
13557365
13557479
13557589
13557815
13557869
13557995
13558243
13558277
13558319
13558447
13558471
13558473
13558497
13558587
13558639
13558839
13559007
13559251
13559325
13559367
13559445
13560125
13560243
13560803
13560949
13561699
13561743
13561797
13561847
13561927
13562157
13562241
13562319
13562411
13562445
13562553
13562661
13562685
13562747
13562771
13562909
13563057
13563361
13564323
13564517
13565013
13565223
13565493
13565535
13565847
13565915
13565919
13565973
13566179
13566417
13566459
13566725
13566739
13567441
13567629
13567699
13567905
13568011
13568117
13568277
13568341
13568447
13568773
13568825
13568967
13568979
13569149
13569315
13569487
13569701
13569961
13570139
13570527
13570601
13570891
13571055
13571261
13571291
13571383
13571497
13571653
13571817
13571911
13571921
13571995
13572299
13572353
13572645
13572721
13573057
13573079
13573231
13573253
13573297
13573457
13573527
13573567
13573979
13574007
13574101
13574331
13574783
13574797
13574869
13575203
13575393
13575505
13575541
13575577
13575597
13575605
13575823
13576115
13576237
13576909
13576945
13576997
13577171
13577189
13577257
13577529
13577699
13577931
13578049
13578513
13579177
13579589
13579595
13579615
13579633
13579729
13579945
13580005
13580123
13580407
13580575
13580601
13580839
13581041
13581131
13581425
13581639
13581645
13581699
13581773
13581981
13582019
13582091
13582167
13582255
13582311
13582317
13582419
13582951
13583247
13583349
13583365
13583721
13584055
13584093
13584591
13584619
13584657
13584725
13585191
13585383
13585455
13585471
13585481
13585609
13585719
13585825
13586205
13586287
13586929
13587115
13587205
13587261
13587323
13587531
13587539
13587655
13587687
13587721
13587749
13587751
13587773
13587835
13588311
13588357
13588455
13588459
13588489
13588529
13588887
13588949
13589139
13589175
13589311
13589517
13589567
13589691
13590023
13590053
13590337
13590469
13591117
13591319
13591337
13591363
13591831
13591971
13592459
13592509
13592651
13592677
13593131
13593269
13593301
13593473
13593529
13593631
13593883
13593925
13593943
13594535
13594543
13595147
13595305
13596023
13596239
13596321
13596323
13596707
13596801
13597115
13597217
13597303
13597493
13597867
13597925
13598135
13598363
13598435
13598455
13598577
13598611
13598667
13598721
13598727
13598923
13599001
13599211
13599313
13599351
13599583
13599911
13600529
13600729
13600807
13600825
13600941
13600969
13600993
13601121
13601193
13601261
13601487
13601567
13602117
13602279
13602355
13602555
13602621
13602657
13602855
13603067
13603069
13603241
13603253
13603527
13603745
13604135
13604277
13604393
13604431
13604487
13604691
13604803
13604887
13604963
13605039
13605221
13605365
13605409
13605419
13605497
13605621
13605781
13605893
13605923
13606063
13606093
13606111
13606225
13606481
13606779
13606801
13606841
13606879
13607013
13607107
13607345
13607637
13607881
13607887
13608013
13608201
13608209
13608215
13608925
13608993
13609117
13609303
13609465
13609791
13610053
13610221
13610511
13610535
13610975
13611077
13611131
13611197
13611471
13611665
13612485
13613145
13613439
13613523
13613589
13613665
13613779
13613929
13613961
13614081
13614313
13614383
13614449
13614495
13614687
13614831
13614961
13614977
13615089
13615189
13615423
13615433
13615603
13615965
13615967
13615975
13616085
13616271
13616527
13616595
13617179
13617647
13617677
13617711
13617721
13617847
13618181
13618193
13618251
13618569
13618573
13618579
13618693
13618893
13618919
13618929
13619047
13619069
13619675
13619765
13619879
13619965
13620063
13620359
13620545
13620653
13620703
13620797
13620825
13620987
13621217
13621619
13621689
13621743
13621845
13621909
13621931
13622333
13622465
13622671
13622797
13622857
13622955
13623251
13623425
13623701
13623709
13623729
13623827
13623845
13624193
13624417
13624513
13624565
13624593
13624599
13624837
13624905
13624975
13624991
13625189
13625437
13625463
13625535
13625659
13625773
13625783
13625921
13626007
13626011
13626063
13626107
13626139
13626185
13626413
13626589
13626917
13627603
13627637
13627681
13627761
13627881
13628071
13628279
13628285
13628347
13628457
13628563
13628655
13628697
13628773
13628795
13629377
13629433
13629691
13629701
13629729
13629743
13630043
13630247
13630267
13630843
13630913
13630919
13630969
13631025
13631039
13631261
13631535
13631657
13631895
13632499
13632739
13632775
13633455
13633475
13633771
13634095
13634101
13634277
13634439
13634477
13634697
13634721
13634883
13635273
13635295
13635321
13635467
13635611
13635659
13635689
13635903
13636181
13636229
13636245
13636383
13636645
13636859
13636925
13637233
13637339
13637897
13638007
13638179
13638313
13638475
13638501
13638613
13638713
13638869
13638925
13639125
13639245
13639383
13639467
13639487
13639553
13639565
13639583
13639587
13639617
13639645
13639675
13639749
13639787
13639913
13640165
13640167
13640499
13640569
13640739
13640849
13641149
13641333
13641401
13641403
13641405
13641433
13641897
13641949
13642077
13642391
13642455
13642457
13642703
13642719
13642761
13642811
13643109
13643305
13643507
13643629
13643797
13644135
13644325
13644383
13644665
13644909
13645125
13645375
13645477
13645511
13645757
13645899
13646263
13646337
13646353
13646367
13646401
13646553
13646603
13646771
13646809
13647029
13647267
13647277
13647289
13647825
13647833
13647943
13647965
13648555
13648711
13648975
13649005
13649053
13649145
13649215
13649501
13649537
13649841
13650057
13650091
13650313
13650555
13650571
13650663
13650723
13650951
13651075
13651227
13651329
13651371
13651565
13651645
13651797
13652063
13652089
13652249
13652455
13652799
13652829
13652871
13653063
13653091
13653123
13653205
13653313
13653387
13653543
13653641
13653669
13653743
13653835
13653877
13654237
13654359
13654553
13654643
13654665
13654933
13655393
13655411
13655479
13655907
13656375
13657001
13657131
13657157
13657401
13657621
13657855
13657969
13657993
13658109
13658203
13658225
13658241
13658321
13658513
13658905
13658939
13659093
13659171
13659317
13659451
13659611
13660219
13660587
13660679
13660781
13660859
13661039
13661145
13661235
13661287
13661307
13661667
13661719
13661795
13662091
13662283
13662579
13662873
13662953
13663333
13663505
13663839
13663959
13664127
13664179
13664259
13664377
13664461
13664493
13664705
13664749
13664983
13665031
13665179
13665217
13665717
13665723
13665971
13665981
13666059
13666173
13666407
13666491
13666587
13666595
13666707
13666895
13666947
13666979
13667203
13667265
13667319
13667611
13667689
13667699
13667745
13667873
13667949
13668025
13668145
13668335
13668373
13668397
13668439
13668445
13668505
13668587
13668603
13668701
13669173
13669203
13669627
13669991
13670035
13670913
13671041
13671227
13671285
13671333
13671391
13671409
13671421
13671461
13671831
13672199
13672215
13672325
13672431
13672549
13672637
13673055
13673067
13673167
13673301
13673923
13674203
13674299
13674641
13674819
13674843
13674877
13675029
13675359
13675383
13675443
13675549
13675609
13675657
13675775
13675883
13676383
13676551
13676557
13676567
13676587
13676637
13676735
13676893
13677515
13677749
13677853
13677993
13678071
13678091
13678141
13678159
13678175
13678365
13678449
13678455
13678547
13678933
13678953
13679165
13679267
13679309
13679359
13679397
13679673
13680057
13680103
13680189
13680369
13680537
13680637
13680777
13680939
13681073
13681341
13681521
13681621
13681977
13682295
13682587
13682685
13682745
13682793
13682865
13683021
13683105
13683369
13683797
13684055
13684269
13684503
13684513
13684515
13684719
13684985
13685171
13685455
13685571
13685637
13685771
13686061
13686159
13686163
13686281
13686355
13686551
13686587
13686603
13686789
13686927
13687033
13687117
13687351
13687567
13687637
13687775
13687825
13687839
13687977
13688113
13688127
13688349
13688425
13688877
13688933
13689001
13689107
13689161
13689447
13689635
13689959
13690003
13690199
13690409
13690433
13690455
13690487
13690497
13690599
13690725
13690775
13690965
13691235
13691559
13691581
13691667
13691761
13691807
13692217
13692251
13692475
13692533
13692915
13693001
13693131
13693395
13693529
13693553
13694039
13694351
13694433
13694551
13694611
13694707
13694729
13694733
13694799
13694903
13694975
13695213
13695307
13695329
13695525
13695545
13696051
13696317
13696461
13696517
13696549
13696589
13696657
13696665
13696709
13696807
13696831
13696855
13696881
13696975
13697057
13697419
13697523
13697645
13697823
13697881
13698059
13698347
13698431
13698617
13698933
13699343
13699781
13699803
13699937
13699963
13699971
13700047
13700123
13700427
13700465
13700813
13700911
13701227
13701241
13701289
13701387
13701411
13701461
13701601
13702205
13702343
13702519
13702779
13702783
13702811
13702819
13702853
13702957
13703025
13703037
13703577
13703617
13703935
13703949
13704091
13704165
13704183
13704281
13704519
13704565
13704681
13704801
13704907
13705041
13705123
13705587
13705647
13705937
13705953
13706191
13706363
13706611
13706991
13707153
13707161
13707305
13707355
13707389
13707607
13707693
13707897
13708033
13708325
13708413
13708571
13708717
13708743
13708983
13709031
13709045
13709093
13709229
13709323
13709433
13709743
13709885
13710085
13710285
13710727
13710953
13711081
13711129
13711423
13711461
13711993
13712183
13712307
13712391
13712513
13712549
13712659
13712697
13712731
13712813
13712865
13712979
13713255
13713361
13713367
13713857
13714375
13714417
13714521
13714533
13714657
13715061
13715089
13715109
13715165
13715333
13715435
13715985
13716043
13716105
13716109
13716279
13716617
13716681
13716837
13717093
13717351
13717357
13717363
13717373
13717595
13717683
13717723
13717989
13718119
13718233
13718619
13718645
13718697
13718705
13718745
13718927
13718933
13719381
13719575
13719599
13720043
13720351
13720535
13720565
13720687
13720761
13721125
13721147
13721205
13721577
13721623
13722017
13722041
13722101
13722319
13722759
13722827
13723797
13723885
13723901
13724009
13724099
13724119
13724157
13724277
13724535
13724695
13724699
13724763
13725043
13725285
13725393
13725435
13725631
13725681
13725729
13726377
13726479
13726717
13726989
13727061
13727191
13727227
13727319
13727395
13727411
13727445
13727541
13727751
13727969
13728369
13728427
13728485
13728607
13728711
13728747
13729169
13729363
13729523
13729575
13729777
13729795
13729889
13730021
13730311
13730343
13730755
13730837
13731241
13731245
13731421
13731467
13731573
13731589
13731713
13731767
13731899
13731993
13732353
13732653
13732831
13733183
13733243
13733341
13733607
13733835
13734003
13734085
13734171
13734611
13734733
13734833
13734937
13735093
13735399
13735445
13735619
13735779
13735905
13736043
13736239
13736375
13736521
13736573
13736735
13736853
13736969
13737411
13737553
13737823
13737941
13738003
13738433
13738529
13738635
13738835
13738957
13739365
13739367
13739549
13739727
13739889
13740123
13740285
13740465
13740485
13740515
13740557
13740659
13740675
13740759
13741477
13741661
13741793
13741849
13741911
13742031
13742167
13742205
13742345
13742403
13742575
13742779
13742823
13742909
13743015
13743273
13743327
13743351
13743359
13743365
13743409
13743529
13743537
13743591
13743643
13743667
13743789
13744155
13744201
13744605
13744719
13744761
13744855
13745157
13745183
13745387
13745397
13745401
13745703
13745777
13745815
13745923
13745955
13746131
13746155
13746177
13746231
13746407
13746465
13746753
13747019
13747023
13747451
13747649
13747721
13747775
13747925
13748099
13748547
13748727
13749091
13749113
13749449
13749551
13749605
13749615
13749657
13750075
13750091
13750129
13750257
13750571
13750575
13750647
13750955
13751099
13751139
13751413
13751429
13751909
13751943
13751965
13751967
13752209
13752327
13752471
13752615
13752785
13752969
13752995
13753089
13753135
13753361
13753499
13753515
13753547
13753789
13754021
13754247
13754333
13754537
13754561
13754773
13754785
13754951
13755045
13755157
13755159
13755207
13755375
13755477
13755489
13755501
13756041
13756345
13756349
13756439
13756539
13756713
13756905
13757403
13757595
13758267
13758475
13758483
13759583
13759727
13759785
13759833
13760097
13760151
13760239
13760423
13760679
13760991
13761003
13761007
13761259
13761261
13761477
13761581
13761703
13761879
13761915
13762223
13762367
13762393
13762525
13762535
13762667
13762773
13763253
13763359
13763409
13763535
13763839
13764155
13764227
13764279
13764443
13764579
13764609
13764687
13764957
13765105
13765365
13765613
13765623
13765689
13765729
13765731
13765941
13765961
13766003
13766203
13766289
13766361
13766365
13766567
13766727
13766849
13767039
13767553
13767569
13767637
13767951
13768051
13768197
13768275
13768357
13768389
13768617
13768799
13769239
13769617
13769855
13769925
13769929
13770219
13770503
13770603
13770859
13770889
13770891
13771031
13771121
13771165
13771285
13771443
13771607
13772131
13772231
13772275
13772527
13772601
13772751
13773107
13773273
13773449
13773637
13773829
13773831
13774103
13774151
13774193
13774319
13774355
13774433
13774505
13774731
13774877
13774927
13775325
13775445
13775457
13775509
13775665
13775757
13775909
13776065
13776475
13776477
13776557
13776795
13776829
13776969
13777097
13777309
13777685
13777809
13777889
13778039
13778255
13778285
13778409
13778413
13778561
13778805
13778845
13779107
13779363
13779383
13779427
13779433
13779631
13779633
13779685
13779749
13779797
13780033
13780163
13780251
13780397
13780445
13780531
13780579
13780611
13780893
13781055
13781101
13781107
13781785
13781901
13782395
13782441
13782627
13782679
13782687
13782725
13782987
13783029
13783113
13783147
13783165
13783175
13783209
13783291
13783337
13783485
13783559
13783825
13783917
13783951
13784009
13784015
13784111
13784245
13784323
13784373
13784449
13784677
13785607
13786141
13786265
13786291
13786671
13786977
13786995
13787001
13787025
13787085
13787207
13787305
13787407
13787641
13788077
13788185
13788269
13788375
13788487
13788641
13788739
13788957
13788965
13789143
13789185
13789293
13789327
13789367
13789523
13789543
13789873
13789917
13789973
13790049
13790081
13790139
13790157
13790191
13790677
13790705
13790887
13791187
13791419
13791471
13791503
13791621
13791667
13791703
13791705
13791723
13791943
13791999
13792101
13792135
13792157
13792193
13792415
13792605
13792631
13792885
13793031
13793081
13793097
13793113
13793255
13793409
13793439
13794097
13794139
13794239
13794345
13794487
13794663
13794705
13794865
13794899
13794925
13794935
13795037
13795065
13795125
13795345
13795899
13795979
13796147
13796169
13796229
13796409
13796817
13796865
13796929
13797507
13797929
13797955
13798005
13798323
13798443
13798557
13798559
13798601
13799109
13799227
13799503
13800001
13800145
13800191
13800219
13800303
13800355
13800451
13800557
13801059
13801361
13801385
13801411
13801413
13801467
13801653
13802211
13802467
13802877
13802917
13803211
13803335
13803417
13803467
13803661
13803701
13803751
13803755
13803821
13803849
13803899
13803947
13803989
13804047
13804207
13804279
13804309
13804339
13804355
13804501
13804627
13804763
13804831
13804849
13805127
13805139
13805299
13805335
13805791
13806115
13806147
13806279
13806303
13806533
13807083
13807273
13807529
13807815
13807939
13807945
13807999
13808201
13808335
13808357
13808377
13808431
13808597
13809175
13809587
13809665
13809737
13809757
13809759
13809923
13810357
13810489
13810491
13810647
13810805
13811135
13811207
13811539
13811769
13811883
13812457
13812583
13812691
13813029
13813299
13813403
13813443
13813643
13813825
13813891
13814055
13814265
13814395
13814563
13814723
13815205
13815311
13815543
13815669
13815827
13815881
13816117
13816357
13816389
13816441
13817109
13817189
13817209
13817527
13817581
13817833
13817905
13818001
13818159
13818169
13818183
13818235
13818239
13818261
13818271
13818347
13818395
13818515
13818663
13818715
13818747
13818825
13819039
13819185
13819245
13819341
13819373
13819387
13819423
13819513
13819703
13820189
13820313
13820381
13820411
13820635
13820747
13820841
13821065
13821195
13821447
13821765
13821983
13822279
13822339
13822397
13822861
13822999
13823005
13823109
13823233
13823277
13823283
13823385
13823489
13823515
13823659
13823881
13823983
13824035
13824119
13824967
13825207
13825219
13825297
13825501
13825769
13825791
13825903
13826043
13826445
13826761
13826869
13826971
13827107
13827147
13827457
13827611
13827679
13827753
13827821
13828161
13828193
13828205
13828255
13828513
13828639
13828921
13829051
13829101
13829215
13829377
13829663
13829867
13830073
13830199
13830235
13830287
13830407
13830565
13830625
13830651
13830721
13831169
13831173
13831227
13831745
13831787
13831925
13831993
13832021
13832087
13832199
13832255
13832279
13832347
13832373
13832413
13832453
13832521
13832759
13833273
13833409
13833519
13833775
13833817
13834101
13834319
13834325
13834969
13835295
13835297
13835521
13835821
13836031
13836143
13836245
13836333
13836335
13836491
13836713
13836733
13836753
13836927
13837205
13837333
13837449
13837533
13837603
13837867
13837941
13838231
13838303
13838373
13838375
13838391
13838439
13838601
13838711
13839167
13839205
13839299
13839893
13840023
13840093
13840393
13840407
13840663
13840807
13841139
13841185
13841329
13841365
13841463
13841979
13842023
13842277
13842285
13842725
13843117
13843231
13843273
13843295
13843423
13843767
13843847
13844071
13844229
13844283
13844317
13844433
13844653
13844871
13845007
13845143
13845343
13845377
13845549
13845845
13846139
13846363
13846365
13846613
13846647
13846789
13846797
13847027
13847229
13847287
13847527
13847671
13847935
13848133
13848343
13848563
13848573
13848729
13849055
13849089
13849363
13849615
13849625
13849661
13849677
13849835
13849915
13849931
13849987
13850217
13850277
13850303
13850307
13850415
13850835
13850845
13851007
13851075
13851173
13851369
13851711
13851901
13851905
13852239
13852617
13852639
13852657
13852675
13852943
13852965
13853107
13853479
13853503
13853535
13853549
13853899
13854205
13854375
13854691
13854707
13854755
13854829
13855025
13855069
13855103
13855511
13855671
13855681
13856013
13856071
13856311
13856327
13856351
13856563
13856611
13856723
13856833
13857055
13857065
13857081
13857121
13857277
13857491
13857739
13857863
13857953
13857991
13857995
13858105
13858111
13858235
13858283
13858287
13858883
13859071
13859087
13859251
13859287
13859361
13859427
13859667
13859693
13859747
13859785
13860043
13860255
13860299
13860837
13861017
13861077
13861175
13861191
13861259
13861333
13861591
13861709
13861841
13862007
13862181
13862233
13862441
13862477
13862531
13862725
13862845
13862897
13863461
13863683
13863899
13864257
13864503
13864719
13865125
13865355
13865523
13865563
13865565
13865619
13865637
13865715
13865871
13865985
13866071
13866091
13866209
13866315
13866325
13866679
13866689
13866741
13866825
13866909
13866943
13867099
13867161
13867227
13867433
13867785
13867825
13868107
13868133
13868183
13868543
13868651
13868715
13868833
13868971
13869529
13869549
13869683
13869873
13869895
13870095
13870265
13870361
13870421
13870555
13870715
13870879
13870989
13871143
13871427
13871503
13871541
13871559
13871925
13872123
13872299
13872347
13872611
13872705
13872739
13872767
13873105
13873231
13873449
13873501
13873549
13873639
13873665
13873775
13873953
13874435
13874467
13874541
13874545
13874555
13874585
13874641
13874719
13874953
13874963
13874993
13875043
13875353
13875475
13875533
13875543
13875549
13875559
13875625
13875739
13875965
13876137
13876367
13876375
13876393
13876705
13876741
13876909
13877077
13877285
13877323
13877435
13877805
13878135
13878191
13878217
13878313
13878319
13878421
13878509
13878621
13878829
13878959
13879351
13879549
13879569
13879761
13879835
13879899
13880265
13880285
13880325
13880385
13880415
13880501
13880537
13880705
13880771
13880789
13880949
13881141
13881167
13881191
13881275
13881527
13882021
13882041
13882161
13882291
13882435
13882507
13882627
13882651
13883125
13883139
13883189
13883365
13883415
13883539
13883603
13883625
13883685
13883705
13883877
13883961
13884857
13884879
13885249
13885323
13885415
13885505
13885551
13885633
13885757
13885785
13885799
13885979
13886197
13886555
13886583
13886795
13887405
13887637
13887639
13888029
13888321
13888441
13888479
13888551
13888813
13889061
13889067
13889131
13889155
13889159
13889325
13889483
13889617
13889687
13889937
13890023
13890155
13890499
13890933
13891489
13891555
13891749
13891847
13891883
13891969
13891979
13892045
13892583
13892681
13893099
13893451
13893605
13893609
13893835
13893889
13893925
13893961
13893991
13894089
13894149
13894205
13894215
13894701
13894741
13894769
13894843
13894873
13895343
13895349
13895471
13895619
13895699
13895769
13895815
13896007
13896171
13896337
13896487
13896517
13896641
13896747
13896749
13896839
13896847
13896883
13896933
13897017
13897163
13897341
13897359
13897429
13897609
13897779
13898263
13898579
13898695
13899183
13899211
13899225
13899235
13899337
13899379
13899523
13899567
13899843
13899845
13900049
13900223
13900261
13900413
13900801
13900971
13901205
13901273
13901367
13901699
13901981
13902027
13902075
13902285
13902319
13902339
13902355
13902803
13902851
13902875
13902949
13903607
13903719
13903833
13904123
13904471
13904473
13904511
13904555
13904603
13904683
13904929
13905005
13905049
13905059
13905095
13905249
13905417
13905715
13905759
13906085
13906287
13906321
13906401
13906519
13906733
13906741
13906763
13907047
13907067
13907191
13907635
13907781
13907939
13908095
13908155
13908369
13908807
13908923
13909063
13909149
13909309
13909339
13909401
13909937
13909945
13910035
13910179
13910427
13910623
13910761
13910899
13911069
13911257
13911261
13911281
13911359
13911395
13911417
13911583
13911679
13911749
13911875
13911919
13911955
13911975
13912537
13912613
13912863
13912893
13912919
13913107
13913113
13913209
13913315
13913513
13913585
13913627
13914111
13914187
13914265
13914347
13914455
13914831
13914853
13914899
13915009
13915061
13915159
13915727
13915729
13915809
13915829
13915857
13915911
13916133
13916297
13916479
13917005
13917103
13917171
13917415
13917617
13917921
13917957
13917993
13918237
13918313
13918555
13918927
13919133
13919303
13919467
13919543
13919593
13919619
13919823
13919841
13919873
13920039
13920153
13920345
13920377
13920473
13920519
13921015
13921039
13921157
13921235
13921241
13921399
13921637
13921663
13921735
13921843
13921857
13921983
13922049
13922111
13922179
13922223
13922397
13922407
13922481
13922875
13922919
13923331
13924117
13924625
13924927
13925065
13925095
13925135
13925339
13925979
13926149
13926277
13926311
13926603
13926689
13926989
13927067
13927363
13927419
13927481
13927505
13927787
13927929
13928013
13928063
13928173
13928235
13928355
13928835
13929195
13929359
13929397
13929415
13929729
13930153
13930335
13930665
13930849
13930901
13930955
13930963
13930969
13931133
13931439
13931531
13931597
13932099
13932211
13932285
13932559
13932677
13932749
13932797
13932955
13933007
13933113
13933311
13933369
13933505
13933581
13933619
13933777
13933851
13934029
13934071
13934131
13934293
13934419
13934757
13934917
13934919
13934945
13934983
13935011
13935041
13935245
13935377
13935387
13935447
13935551
13935617
13935693
13937007
13937061
13937545
13937547
13937665
13937669
13937707
13937771
13937875
13937881
13937883
13938025
13938075
13938463
13938743
13938751
13938753
13938961
13938969
13939039
13939163
13939175
13939223
13939363
13939465
13939609
13939799
13939839
13939873
13939953
13940139
13940389
13940615
13940655
13940727
13940771
13940851
13940979
13941039
13941065
13941121
13941323
13941349
13941445
13941687
13942365
13942629
13942789
13942843
13943193
13943525
13943573
13944039
13944303
13944331
13944343
13944351
13944449
13944613
13944729
13944749
13944879
13945023
13945279
13945489
13945955
13946195
13946241
13946381
13946585
13946587
13947135
13947461
13947519
13947567
13947649
13947871
13947885
13948325
13948741
13949175
13949311
13949353
13949369
13949413
13949431
13949585
13949765
13949901
13949919
13950047
13950155
13950447
13950757
13950763
13950809
13950923
13950955
13951097
13951147
13951809
13952351
13952421
13952431
13952525
13952739
13952763
13953001
13953035
13953171
13953273
13953383
13953539
13953683
13953917
13953953
13954041
13954053
13954349
13954467
13954619
13954669
13954735
13954785
13954867
13955085
13955371
13955387
13955715
13955749
13955867
13955985
13956109
13956121
13956233
13956395
13956493
13956541
13957007
13957377
13957397
13957427
13957429
13957565
13957649
13957779
13957937
13958053
13958155
13958739
13958741
13958757
13958825
13958839
13959521
13959531
13959707
13960421
13960505
13960521
13960599
13960685
13960739
13961141
13961191
13961419
13961507
13961555
13961667
13961975
13962007
13962031
13962155
13962231
13962609
13962683
13962863
13963095
13963285
13963545
13963893
13963951
13964095
13964231
13964323
13964449
13964483
13964777
13964945
13964963
13965555
13966231
13966353
13966417
13966815
13966997
13967279
13967353
13967431
13967465
13967791
13967811
13968389
13968431
13968503
13968621
13968631
13968871
13968935
13969061
13969111
13969139
13969195
13969665
13969699
13969935
13969937
13969963
13970493
13970553
13970647
13970775
13971127
13971139
13971147
13971175
13971209
13971319
13971415
13971543
13971639
13971731
13971899
13972219
13972437
13972821
13972837
13973335
13973427
13973693
13973743
13973789
13973861
13973921
13974111
13974151
13974197
13974255
13974357
13974525
13974635
13974871
13974913
13974967
13975099
13975501
13975533
13975601
13975631
13976143
13976149
13976367
13976637
13976909
13976931
13977023
13977059
13977173
13977303
13977665
13977777
13977993
13977997
13978103
13978145
13978293
13978459
13978795
13978849
13979167
13979199
13979529
13979613
13979771
13979815
13979827
13979857
13979925
13980425
13980443
13980493
13980607
13980813
13980935
13980997
13981281
13981361
13981375
13981555
13981623
13981697
13982037
13982119
13982171
13982385
13982389
13982521
13982547
13982875
13983037
13983283
13983445
13983929
13983955
13984343
13984477
13984627
13984823
13985181
13985273
13985783
13985807
13986471
13986659
13986811
13986985
13987059
13987115
13987477
13987627
13987737
13987747
13987975
13988099
13988103
13988105
13988385
13988417
13988681
13988931
13988933
13989229
13989319
13989405
13989541
13989615
13990049
13990103
13990293
13990299
13990335
13990585
13990899
13991167
13991391
13991531
13991677
13991919
13991929
13991961
13992113
13992359
13992431
13992519
13992559
13992615
13992813
13993051
13993161
13993459
13993941
13994039
13994071
13994473
13994579
13995021
13995141
13995171
13995201
13996067
13996507
13996603
13996689
13996737
13996937
13997373
13997565
13997811
13997845
13997877
13997903
13998547
13998697
13998733
13998925
13999083
13999265
13999467
