# proven primes: b with (b^32+1)/2 prime (aprcl), block [14000000,15000000)
14000193
14000243
14000453
14001039
14001211
14001315
14001499
14001543
14001553
14001951
14002167
14002327
14002343
14002367
14002401
14002687
14002727
14002849
14003059
14003133
14003453
14003467
14003475
14003525
14003745
14003759
14003905
14004073
14004201
14004207
14004305
14004533
14004557
14005007
14005365
14005403
14005575
14005745
14005843
14005947
14006007
14006157
14006301
14006399
14006667
14006985
14007101
14007195
14007533
14007665
14007813
14007937
14008085
14008331
14008465
14008515
14008849
14009045
14009083
14009377
14009725
14009809
14010057
14010125
14010181
14010197
14010397
14010483
14010497
14010783
14010793
14010943
14011123
14011677
14011689
14011719
14011731
14011841
14011897
14011931
14011987
14012203
14012707
14012717
14013041
14013043
14013189
14013617
14013645
14013713
14013773
14013815
14013933
14014095
14014193
14014229
14014519
14014947
14015039
14015045
14015065
14015197
14015199
14015219
14015299
14015405
14015579
14015713
14015993
14016141
14016287
14016303
14016661
14016675
14016973
14016981
14017025
14017205
14017335
14017449
14017467
14017533
14017615
14017921
14018039
14018139
14018393
14018539
14018635
14018663
14018685
14018689
14018707
14019143
14019225
14019237
14019547
14019659
14019749
14019763
14019857
14019865
14020245
14020277
14020317
14020555
14020823
14020847
14020897
14020951
14020983
14021261
14021543
14021837
14021919
14022039
14022427
14022769
14022883
14022891
14023049
14023295
14023525
14023555
14023567
14023659
14023917
14024287
14024369
14024667
14024715
14024867
14025859
14026205
14026597
14026745
14026853
14026955
14027017
14027041
14027081
14027187
14027315
14027383
14027727
14027747
14028033
14028037
14028263
14028271
14028319
14028321
14028345
14028379
14028657
14028723
14028787
14028793
14028887
14029013
14029115
14029161
14029175
14029389
14029393
14029421
14029537
14029555
14029579
14030387
14030583
14030599
14030945
14031021
14031143
14031255
14031305
14031469
14031541
14031779
14031835
14031893
14032097
14032109
14032135
14032203
14032355
14032437
14032645
14032793
14032819
14032939
14032961
14033095
14033183
14033281
14033597
14033739
14033759
14033939
14033973
14034001
14034041
14034151
14034533
14034595
14034665
14034919
14035023
14035111
14035125
14035337
14035515
14035553
14035621
14035747
14035773
14035977
14036025
14036045
14036075
14036123
14036267
14036319
14036449
14036473
14036511
14036577
14037137
14037255
14037281
14037785
14037917
14038007
14038095
14038105
14038431
14038527
14038627
14038653
14038711
14038739
14038795
14038823
14038913
14039045
14039175
14039299
14039359
14039479
14039701
14040195
14040201
14040381
14040775
14040823
14040955
14040993
14041211
14041323
14041559
14041901
14042331
14042377
14042447
14042701
14042835
14043051
14043213
14043243
14043307
14043415
14043475
14043573
14043629
14043635
14043843
14044285
14044411
14044563
14044725
14045021
14045075
14045229
14045413
14045623
14045661
14045701
14045911
14045971
14046237
14046403
14046685
14046735
14046861
14046923
14047183
14047555
14047561
14047827
14048107
14048139
14048427
14048917
14048985
14049135
14049435
14049487
14049763
14049933
14049969
14050143
14050235
14050265
14050511
14050657
14050833
14050947
14050955
14051015
14051119
14051131
14051153
14051357
14051633
14051797
14051803
14051937
14052267
14052371
14052385
14052673
14052785
14052847
14052887
14053099
14053205
14053225
14053407
14053423
14053631
14053743
14053747
14053809
14054011
14054073
14054275
14054767
14054775
14054857
14054971
14055139
14055571
14055779
14055897
14056113
14056137
14056783
14056921
14056977
14057043
14057103
14057119
14057143
14057669
14057703
14057759
14057869
14058051
14058397
14058475
14058533
14058549
14058559
14058575
14058665
14058695
14058713
14058799
14058929
14058961
14059043
14059211
14059285
14059345
14059385
14059409
14059413
14059455
14059683
14059709
14059851
14059867
14059959
14060033
14060153
14060243
14060653
14060845
14060935
14061123
14061155
14061679
14061755
14062039
14062083
14062121
14062239
14062873
14063053
14063131
14063185
14063339
14063397
14063457
14063477
14063517
14063655
14063769
14063771
14064007
14064031
14064133
14064211
14064709
14065043
14065217
14065463
14065479
14065825
14066277
14066461
14066707
14066715
14067409
14067629
14068075
14068201
14068371
14068403
14068457
14068499
14068567
14068603
14068669
14068737
14068783
14068931
14068981
14068983
14069071
14069265
14069339
14069843
14069889
14069979
14070033
14070043
14070335
14070455
14070477
14070701
14070885
14070933
14070989
14071009
14071329
14071355
14071687
14071799
14071955
14072059
14072207
14072253
14072295
14072337
14072405
14072617
14072657
14072707
14072805
14073237
14073243
14073327
14073367
14073517
14073585
14073735
14073751
14073877
14073883
14073969
14074131
14074181
14074363
14074605
14074625
14074687
14074733
14074759
14074869
14075003
14075095
14075261
14075343
14075381
14075839
14076031
14076063
14076159
14076183
14076467
14076797
14076829
14076853
14077071
14077193
14077283
14077323
14077395
14077451
14077747
14077811
14077825
14077853
14077885
14077919
14077947
14077977
14078271
14078345
14078465
14078553
14078601
14078853
14078921
14078971
14078973
14078987
14079101
14079131
14079547
14079783
14079895
14079959
14079973
14080117
14080123
14080185
14080191
14080297
14080501
14080605
14080785
14081017
14081029
14081129
14081341
14081401
14081619
14081859
14082057
14082143
14082309
14082335
14082397
14082585
14082825
14083045
14083207
14083225
14083363
14083415
14083963
14084323
14084343
14084345
14084423
14084771
14084799
14084847
14084849
14084899
14084917
14085009
14085103
14086095
14086113
14086213
14086437
14086495
14086525
14087049
14087123
14087325
14087415
14087583
14088019
14088037
14088117
14088303
14088473
14088563
14088607
14088839
14089077
14089151
14089197
14089241
14090111
14090373
14090525
14090535
14090553
14090617
14090957
14091013
14091015
14091173
14091265
14091481
14091499
14091559
14091681
14091705
14092013
14092109
14092157
14092321
14092577
14093229
14093435
14093487
14093613
14093833
14094037
14094295
14094309
14094427
14094533
14094639
14094727
14094735
14095035
14095131
14095531
14095727
14095887
14095899
14096129
14096157
14096191
14096441
14096513
14096549
14096555
14096627
14096677
14096789
14096913
14096957
14097049
14097113
14097269
14097287
14097297
14097523
14097565
14097685
14097711
14097863
14097879
14097945
14098007
14098565
14098585
14098707
14098753
14099279
14099395
14099445
14099497
14099533
14099991
14100049
14100147
14100459
14100595
14100957
14101401
14101417
14101519
14101549
14101585
14101645
14102013
14102027
14102033
14102173
14102327
14102579
14102619
14102647
14102835
14103335
14103521
14103863
14103897
14103985
14104085
14104279
14104595
14104841
14105015
14105151
14105343
14105421
14105447
14105501
14105599
14105729
14105787
14105883
14106463
14106839
14107001
14107217
14107299
14107373
14107619
14107707
14107759
14107987
14108067
14108139
14108231
14108299
14108351
14108517
14108601
14108631
14108735
14108917
14109287
14109457
14109481
14109999
14110021
14110103
14110249
14110377
14110435
14110453
14110643
14110797
14110997
14111003
14111019
14111123
14111221
14111551
14111633
14112045
14112657
14112683
14112859
14112867
14113023
14113137
14113175
14113313
14113509
14113683
14113695
14113897
14113939
14114033
14114059
14114089
14114173
14114407
14114427
14114435
14114517
14114567
14114959
14115181
14115227
14115391
14115617
14115913
14116071
14116187
14116267
14116381
14116449
14116647
14116877
14116921
14117395
14117427
14117665
14117859
14118125
14118139
14118171
14118473
14118931
14119473
14119713
14119717
14120011
14120109
14120183
14120515
14120559
14120695
14120885
14121019
14121107
14121175
14121185
14121247
14121275
14121651
14121763
14122015
14122771
14122837
14123227
14123371
14123497
14123767
14123965
14124031
14124167
14124309
14124489
14124675
14124715
14124873
14125147
14125333
14125377
14125423
14125549
14125569
14125595
14125629
14125665
14125711
14125729
14125819
14125899
14126135
14126247
14126263
14126503
14126551
14126715
14126719
14126931
14127065
14127161
14127271
14127577
14127583
14127669
14127683
14127729
14127771
14127831
14128129
14128145
14128205
14128567
14128655
14128693
14128783
14128815
14128893
14128897
14129089
14129285
14129385
14129403
14129651
14129759
14129841
14130219
14130317
14130493
14130779
14131097
14131147
14131245
14131407
14131517
14131521
14131587
14131651
14132109
14132273
14132341
14132417
14132443
14132563
14132747
14132847
14133139
14133207
14133309
14133499
14133839
14133843
14133897
14133913
14134139
14134143
14134193
14134573
14134821
14135031
14135097
14135401
14135603
14135895
14136061
14136093
14136347
14136357
14136585
14136685
14137307
14137361
14137365
14137445
14137451
14137599
14137667
14137703
14137939
14137941
14137953
14138067
14138079
14138257
14138351
14138467
14138607
14138683
14138841
14139139
14139317
14139507
14139663
14139995
14140107
14140657
14140669
14140697
14140761
14140903
14140931
14140939
14141029
14141341
14141727
14141975
14142105
14142259
14142473
14142573
14142795
14142913
14142997
14143209
14143245
14143255
14143313
14143377
14143395
14143419
14143427
14143539
14143541
14143577
14143705
14143787
14143999
14144045
14144107
14144167
14144277
14144521
14144543
14144589
14144799
14144803
14144817
14145017
14145065
14145181
14145253
14145277
14145605
14145973
14145989
14146125
14146295
14146353
14146385
14146413
14146517
14146593
14146759
14147049
14147139
14147173
14147211
14147243
14147365
14147427
14147473
14147623
14147641
14147647
14147669
14147719
14148039
14148059
14148171
14148423
14148687
14148937
14149123
14149133
14149175
14149385
14149551
14149629
14149677
14149805
14149885
14149933
14150079
14150111
14150181
14150187
14150669
14150917
14151035
14151149
14151203
14151231
14151469
14151607
14151693
14151731
14151781
14152027
14152081
14152267
14152369
14152577
14152787
14153011
14153143
14153183
14153237
14153251
14153537
14153633
14153711
14153897
14153909
14153943
14154005
14154235
14154349
14154395
14154669
14154909
14154943
14155117
14155323
14155367
14155587
14155697
14155855
14155937
14156013
14156541
14156665
14156857
14157071
14157329
14157525
14157625
14157677
14158117
14158125
14158321
14158465
14158819
14158825
14158929
14159141
14159195
14159293
14159305
14159405
14159453
14159481
14159581
14159817
14159887
14160153
14160335
14160367
14160403
14160441
14160471
14160603
14160617
14161139
14161409
14161431
14161499
14161833
14162409
14162551
14162809
14162971
14163291
14163461
14163539
14163669
14163889
14164053
14164273
14164681
14164729
14164905
14164961
14165133
14165277
14165353
14165523
14165623
14165783
14165917
14166147
14166195
14166307
14166509
14166537
14166775
14166783
14166827
14166835
14167361
14167373
14167501
14167559
14167797
14168243
14168307
14168363
14168373
14168563
14168975
14169037
14169437
14169485
14169701
14169965
14170203
14170331
14170711
14170985
14171117
14171139
14171195
14171237
14172185
14172261
14172349
14172857
14172917
14172921
14172933
14172965
14172983
14172995
14173261
14173393
14173603
14173687
14173867
14173939
14173979
14174055
14174153
14174323
14174369
14174647
14174861
14174867
14175105
14175121
14175141
14175219
14175289
14175521
14175543
14175919
14175935
14176059
14176521
14176779
14176949
14177049
14177343
14177347
14177641
14177687
14177701
14178037
14178139
14178213
14178297
14178575
14178615
14178621
14178825
14179519
14179625
14180437
14181021
14181269
14181313
14181329
14181577
14181639
14181821
14181831
14181895
14182029
14182195
14182259
14182297
14182319
14182541
14182559
14182817
14182927
14183123
14183269
14183391
14183497
14183523
14183627
14183799
14183871
14184011
14184023
14184033
14184181
14184567
14184575
14184945
14185167
14185177
14185257
14185363
14185485
14185877
14185917
14186081
14186143
14186409
14186705
14186717
14186811
14187421
14188087
14188121
14188161
14188397
14188545
14188681
14188793
14188829
14188943
14189113
14189633
14189683
14189821
14189891
14189965
14190063
14190229
14190243
14190335
14190543
14190613
14190733
14190781
14190907
14190919
14190981
14191031
14191307
14191455
14191527
14191983
14192039
14192311
14192367
14192743
14192929
14193029
14193137
14193211
14193263
14193303
14193349
14193359
14193629
14193699
14193733
14193799
14193869
14194053
14194151
14194155
14194229
14194369
14194457
14194565
14194629
14194655
14194769
14194933
14194993
14195069
14195101
14195203
14195309
14195413
14195879
14196303
14196559
14196619
14196731
14196923
14197001
14197137
14197153
14197415
14197547
14197557
14197601
14197609
14197645
14197675
14197687
14197715
14197725
14197811
14197995
14198047
14198101
14198193
14198263
14198285
14198375
14198383
14198547
14198615
14198631
14199549
14199835
14199839
14199973
14199991
14200127
14200371
14200721
14200965
14201049
14201223
14201439
14201549
14201645
14201691
14201727
14201911
14201921
14202229
14202259
14202405
14202677
14202747
14202811
14202947
14203005
14203009
14203033
14203103
14203271
14203321
14203591
14203649
14203705
14203763
14203877
14204791
14204953
14204979
14205119
14205161
14205235
14205375
14205411
14205613
14205877
14206081
14206113
14206127
14206147
14206183
14206237
14206407
14206409
14206425
14206539
14206617
14206891
14207247
14207299
14207317
14207423
14207517
14207567
14207583
14207659
14207751
14207905
14207939
14208269
14208457
14208843
14208911
14209009
14209109
14209373
14209383
14209387
14209593
14209601
14209723
14209755
14209787
14209867
14209961
14210223
14210495
14210817
14211175
14211331
14211515
14211527
14211741
14211793
14212049
14212399
14212417
14212489
14213053
14213273
14213299
14214049
14214071
14214115
14214389
14214527
14214989
14214995
14215011
14215139
14215163
14215281
14215313
14215413
14215635
14215667
14215693
14215899
14215993
14216191
14216229
14216301
14216339
14216525
14216709
14216897
14216915
14217045
14217401
14217617
14217991
14218225
14218265
14218559
14218611
14218675
14218751
14218945
14219969
14220065
14220333
14220403
14220411
14220491
14220595
14220723
14220781
14221133
14221259
14221325
14221623
14221707
14221709
14221937
14222003
14222233
14222385
14222575
14222635
14222757
14222911
14222951
14223217
14223407
14223691
14223697
14223775
14223963
14224155
14224179
14224245
14224443
14224677
14224805
14225091
14225367
14225547
14225645
14226009
14226025
14226115
14226205
14226253
14226259
14226437
14226529
14226689
14226827
14226853
14226923
14227723
14227741
14228073
14228367
14228499
14228527
14228885
14229003
14229021
14229191
14229295
14229535
14229589
14229619
14229881
14229997
14230149
14230161
14230227
14230367
14230847
14231233
14231413
14231443
14231471
14231535
14231579
14231581
14231593
14231739
14231825
14231877
14231949
14232313
14232375
14232441
14232577
14232863
14232921
14232975
14233573
14233587
14233689
14233829
14233979
14233987
14234075
14234081
14234109
14234273
14234375
14234761
14234985
14235095
14235153
14235455
14235659
14235705
14235731
14235745
14235787
14235849
14235871
14236187
14236461
14236489
14236499
14236919
14237279
14237541
14237745
14237803
14237931
14238223
14238239
14238269
14238391
14238529
14238947
14239211
14239215
14239413
14239487
14239635
14239715
14240085
14240173
14240255
14240377
14240489
14240623
14240661
14240763
14240845
14241327
14241525
14242017
14242045
14242047
14242085
14242173
14242223
14242369
14243039
14243115
14243421
14243451
14243579
14244301
14244489
14244557
14244627
14244875
14245185
14245305
14245959
14245965
14245993
14246215
14246563
14246705
14247013
14247021
14247079
14247179
14247403
14247503
14247553
14247811
14247857
14248247
14248337
14248361
14248395
14248439
14248467
14248649
14248683
14249205
14249239
14249259
14249627
14249727
14249821
14250059
14250099
14250129
14250333
14250469
14250547
14250655
14250881
14251019
14251147
14251185
14251211
14251323
14252133
14252865
14252999
14253191
14253307
14253391
14253437
14253451
14253489
14253575
14253591
14253923
14254043
14254105
14254925
14255303
14255629
14255705
14255733
14255819
14255889
14255941
14256027
14256287
14256319
14256471
14256879
14257103
14257397
14257559
14257631
14257789
14257875
14257925
14258031
14258145
14258239
14258333
14258457
14258699
14259209
14259311
14259393
14259427
14259467
14259489
14259581
14259995
14260157
14260249
14260269
14260333
14260447
14260465
14260655
14260675
14260893
14260921
14260933
14260987
14261505
14262057
14262263
14262529
14262835
14263231
14263269
14263305
14263345
14263503
14263599
14263731
14263817
14263837
14264097
14264499
14264581
14264985
14265043
14265099
14265243
14265417
14265559
14265577
14265687
14265697
14265709
14265879
14266341
14266585
14266955
14267019
14267095
14267281
14267289
14267363
14267379
14267411
14267417
14267793
14267859
14268265
14268275
14268335
14268497
14268699
14268799
14268983
14269085
14269425
14269673
14269983
14269991
14270179
14270187
14270231
14270529
14270617
14270703
14270753
14270759
14270803
14270935
14271339
14271425
14271439
14271493
14271623
14271687
14271909
14271957
14272005
14272077
14272095
14272205
14272591
14272593
14272673
14273007
14273081
14273159
14273163
14273261
14273325
14273427
14273609
14273687
14273827
14273995
14274195
14274531
14274723
14274789
14274835
14274893
14274951
14275061
14275097
14275105
14275415
14275447
14275619
14275673
14275777
14275965
14276433
14276825
14276847
14276915
14277533
14277701
14277883
14278207
14278361
14278533
14278557
14278567
14278587
14278683
14278875
14278949
14278979
14279071
14279389
14279401
14279447
14280255
14280267
14280291
14280539
14280827
14280839
14280937
14281223
14281383
14281463
14281519
14281711
14281723
14281811
14281869
14281877
14281899
14282111
14282139
14282371
14282379
14282745
14283287
14283305
14283415
14283487
14283721
14283735
14283871
14284077
14284179
14284255
14284313
14284341
14284381
14284487
14284797
14285103
14285811
14285819
14285933
14285953
14286065
14286097
14286171
14286313
14286341
14286389
14286583
14286625
14286627
14286681
14287297
14287397
14287483
14287655
14287729
14287733
14287987
14288237
14288817
14288857
14289039
14289175
14289279
14289375
14289379
14289757
14289777
14289931
14290477
14290615
14290629
14290695
14291067
14291077
14291199
14291215
14291377
14291391
14291529
14291643
14291687
14292053
14292093
14292151
14292441
14292463
14292579
14292759
14292815
14292817
14293037
14293065
14293119
14293413
14293515
14293529
14293563
14293747
14293775
14293843
14294189
14294207
14294231
14294309
14294371
14294517
14294919
14295043
14295143
14295147
14295553
14295559
14295585
14295677
14295947
14296261
14296391
14296559
14296577
14296651
14296711
14297035
14297283
14297349
14297375
14297417
14297563
14297581
14297891
14297979
14297985
14298003
14298101
14298327
14298377
14298469
14298739
14298901
14298993
14299097
14299123
14299221
14299513
14299751
14300003
14300135
14300329
14300393
14300545
14300675
14300723
14300725
14300841
14301247
14301341
14301629
14301687
14301761
14301925
14302233
14302279
14302299
14302381
14302465
14302485
14302555
14302611
14302615
14302617
14302897
14302901
14302939
14303137
14303215
14303281
14303283
14303765
14303859
14303911
14304267
14304467
14304653
14304839
14304955
14305063
14305605
14305609
14305629
14305821
14305879
14305911
14306093
14306147
14306297
14306377
14306527
14306563
14306681
14307165
14307803
14308045
14308109
14308119
14308167
14308189
14308333
14308579
14308867
14309227
14309267
14309437
14309443
14309487
14309521
14309769
14309817
14309999
14310177
14310301
14310337
14310339
14310455
14310647
14310803
14310923
14311417
14311481
14311547
14311659
14311663
14311715
14312001
14312007
14312077
14312221
14312429
14313419
14313683
14313803
14313813
14314029
14314177
14314317
14314327
14314361
14314483
14314759
14314837
14314991
14315293
14315365
14315563
14315637
14315647
14315983
14316053
14316345
14317015
14317309
14317419
14317437
14317665
14317741
14317743
14317757
14317785
14317881
14318119
14318123
14318397
14318661
14318669
14318701
14318909
14319005
14319217
14319399
14319457
14319479
14319645
14319809
14319819
14319911
14319991
14320007
14320497
14320675
14320815
14320929
14321051
14321069
14321147
14321327
14321535
14321819
14322041
14322337
14322679
14322711
14322843
14322895
14322915
14323025
14323237
14323299
14323317
14323429
14323447
14323609
14323695
14324095
14324121
14324139
14324961
14325141
14325273
14325469
14325565
14325675
14325721
14325857
14326099
14326207
14326485
14326519
14326549
14326685
14326943
14326963
14327109
14327245
14327499
14327571
14327797
14328049
14328467
14328553
14328849
14328869
14329223
14329233
14329263
14329299
14329397
14329615
14329931
14329937
14330063
14330103
14330139
14330315
14330319
14330451
14330615
14330635
14330641
14330775
14330863
14330881
14331187
14331485
14331505
14331569
14331571
14331615
14331701
14331775
14331791
14331889
14331891
14332155
14332401
14332547
14332713
14332897
14333005
14333095
14333141
14333171
14333401
14333487
14333583
14333631
14333643
14333675
14333765
14333775
14334101
14334165
14334661
14334687
14334761
14334881
14334907
14335185
14335285
14335305
14335317
14335699
14336259
14336295
14336357
14336595
14336663
14336743
14336943
14337019
14337033
14337055
14337523
14337533
14337723
14337769
14337823
14337909
14337955
14338207
14338441
14338589
14338669
14338773
14338951
14339043
14339073
14339127
14339159
14339221
14339347
14339355
14339387
14339401
14339575
14339597
14339879
14340269
14340277
14340349
14340961
14341121
14341323
14341381
14341527
14341761
14341909
14342189
14342807
14342979
14343399
14343485
14343615
14343863
14343891
14343937
14344053
14344085
14344161
14344301
14344307
14344529
14344625
14344767
14344773
14344837
14344845
14344911
14345279
14345611
14345867
14345907
14346113
14346151
14346237
14346257
14346287
14346359
14346435
14346511
14346693
14346699
14347179
14347379
14347415
14347595
14347759
14347839
14347959
14348429
14348455
14348561
14348833
14349355
14349453
14349839
14349997
14350045
14350161
14350305
14350463
14350481
14350877
14350919
14351117
14351131
14351325
14351427
14351593
14351735
14351771
14351807
14351893
14352035
14352105
14352107
14352295
14352685
14353185
14353629
14354039
14354055
14354109
14354223
14354329
14354401
14354431
14354841
14354963
14355039
14355139
14355359
14355435
14355493
14355557
14355837
14355963
14355969
14356133
14356249
14356305
14356577
14356659
14356755
14356891
14356907
14356933
14356947
14357141
14357333
14357409
14357707
14357735
14357819
14357823
14358145
14358319
14358589
14358605
14358857
14359071
14359355
14359593
14360261
14360267
14360377
14360423
14360519
14360855
14360893
14360977
14361021
14361135
14361315
14361623
14361853
14361921
14362045
14362245
14362563
14362739
14362777
14362921
14362959
14363507
14363747
14363833
14363929
14364155
14364287
14364291
14364449
14364465
14364543
14364679
14364841
14364989
14365071
14365187
14365215
14365333
14365533
14365547
14365725
14366255
14366389
14366439
14366915
14366927
14367191
14367353
14367507
14367639
14367863
14368105
14368115
14368405
14368655
14368805
14368961
14368971
14369001
14369049
14369079
14369253
14369331
14369359
14369941
14369967
14370255
14370391
14370461
14370537
14370641
14370921
14370963
14371071
14371099
14371197
14371715
14371865
14371883
14372007
14372011
14372047
14372105
14372315
14372509
14372531
14372617
14372683
14372741
14372789
14372857
14372931
14373265
14373353
14373611
14373675
14373745
14373773
14373787
14373807
14374017
14374051
14374055
14374103
14374277
14374285
14374425
14374667
14375057
14375217
14375277
14375747
14375805
14375893
14376267
14376329
14377011
14377561
14378253
14378257
14378695
14378763
14378819
14378879
14379085
14379131
14379423
14379631
14379797
14379867
14379987
14380113
14380121
14380127
14380233
14380925
14381053
14381297
14381387
14381395
14381401
14381829
14381859
14382031
14382095
14382113
14382541
14382643
14382719
14382755
14382885
14382987
14383339
14383435
14383443
14383503
14383603
14384027
14384091
14384305
14384339
14384997
14385369
14385443
14385625
14385807
14386509
14386521
14386541
14386589
14386757
14386791
14386831
14386853
14386961
14387007
14387431
14387473
14387711
14387743
14387747
14387839
14388067
14388173
14388303
14388415
14388481
14388511
14388609
14388663
14388699
14388837
14388971
14389375
14389679
14389843
14389915
14390029
14390031
14390237
14390261
14390263
14390407
14390919
14391049
14391107
14391143
14391191
14391307
14391425
14391471
14391685
14392539
14392639
14392809
14392921
14392991
14393089
14393261
14393691
14393743
14393875
14393931
14394017
14394069
14394083
14394141
14394571
14395021
14395099
14395129
14395205
14395313
14395325
14395347
14395463
14395585
14395999
14396075
14396115
14396117
14396209
14396445
14396511
14396577
14396623
14396651
14396907
14396961
14397103
14397171
14397287
14397333
14397437
14397541
14397655
14397943
14398009
14398085
14398385
14398523
14398883
14399053
14399285
14399289
14399563
14399825
14400007
14400031
14400139
14400237
14400443
14400465
14400723
14400813
14400823
14401073
14401293
14401729
14402381
14402437
14402481
14402617
14402641
14403255
14403313
14403459
14403549
14403595
14403993
14404025
14404061
14404069
14404083
14404215
14404405
14404583
14404593
14404699
14404987
14404999
14405067
14405483
14405541
14405605
14405699
14405717
14405875
14406075
14406241
14406283
14406301
14406447
14406457
14406587
14406621
14406655
14406819
14407015
14407423
14407427
14407745
14407963
14408161
14408223
14408369
14408681
14408737
14408783
14408827
14408947
14409067
14409121
14409205
14409305
14409329
14409333
14409375
14409621
14409723
14409881
14409993
14410015
14410133
14410455
14410519
14410725
14410735
14411031
14411093
14411151
14411545
14411699
14411773
14411789
14412007
14412311
14412333
14412357
14412413
14412425
14412599
14412619
14412801
14413071
14413849
14414357
14414579
14414635
14414703
14414707
14414923
14414927
14415021
14415103
14415489
14415531
14415737
14415799
14415829
14415875
14415941
14416163
14416247
14416385
14416629
14416775
14416971
14417423
14417507
14417561
14417635
14417957
14418101
14418121
14418267
14418641
14418675
14418757
14418841
14419021
14419093
14419121
14419547
14419597
14419699
14419805
14419951
14420113
14420181
14420209
14420319
14420447
14420461
14420473
14420517
14420655
14420829
14420935
14421125
14421211
14421245
14421481
14421593
14421631
14421729
14421973
14422009
14422319
14422681
14422725
14422839
14422915
14423035
14424089
14424125
14424357
14424407
14424673
14424745
14424865
14424975
14425001
14425125
14425367
14425403
14425415
14425743
14425825
14425877
14425885
14425921
14426085
14426141
14426479
14426509
14426707
14426777
14426865
14427327
14427429
14427891
14428005
14428293
14428347
14428355
14428437
14428671
14428965
14429223
14429651
14429703
14429763
14429797
14429915
14429923
14430035
14430079
14430145
14430193
14430383
14430517
14430627
14430751
14430903
14430951
14430975
14431049
14431165
14431655
14431691
14431715
14431899
14432023
14432177
14432425
14432497
14432773
14432779
14432803
14432835
14432973
14433071
14433239
14433249
14433369
14433413
14433571
14434181
14434251
14434311
14434513
14434535
14434571
14434585
14434619
14434635
14435031
14435071
14435201
14435377
14436149
14436333
14436341
14437001
14437461
14437517
14437605
14437939
14438141
14438183
14438233
14438245
14438459
14438481
14438535
14438697
14438757
14439309
14439537
14439551
14439563
14439777
14440021
14440737
14440777
14441023
14441031
14441155
14441307
14441341
14441401
14441529
14441539
14441867
14441901
14441957
14442211
14442235
14442239
14442441
14442705
14442753
14442881
14443169
14443191
14443271
14443329
14443355
14443357
14443373
14443409
14443919
14444189
14444265
14444277
14444319
14444693
14444761
14444763
14444797
14445671
14445867
14446383
14446463
14446745
14446813
14446877
14447143
14447147
14447447
14447473
14447619
14447673
14447803
14448209
14448649
14448893
14448997
14449063
14449147
14449163
14449213
14449231
14449565
14449569
14449671
14450091
14450139
14450213
14450231
14451047
14451151
14451327
14451563
14451565
14451583
14451643
14451661
14451693
14451947
14451997
14452185
14452481
14452789
14452797
14452895
14452897
14452907
14453495
14453721
14453795
14453825
14454089
14454323
14454389
14454465
14454479
14454565
14454645
14454711
14454935
14454977
14455059
14455065
14455117
14455153
14455165
14455341
14455479
14455491
14455649
14456019
14456129
14456149
14456399
14456531
14456603
14456695
14457069
14457221
14457287
14457357
14457371
14457483
14457547
14457635
14457831
14457845
14457877
14457953
14458221
14458497
14458881
14458981
14459011
14459127
14459247
14459269
14459861
14459899
14460139
14460307
14460557
14460839
14460901
14460903
14460941
14460991
14461121
14461163
14461215
14461269
14461447
14461509
14461665
14461785
14461825
14461943
14462133
14462171
14462235
14462263
14462309
14462321
14462497
14463051
14463091
14463131
14463213
14463337
14463345
14463753
14463869
14464349
14464765
14464941
14465103
14465167
14465303
14465687
14465999
14466075
14466115
14466271
14466327
14466359
14466555
14466657
14467069
14467189
14467227
14467341
14467383
14467657
14467697
14467711
14467857
14468415
14468637
14468969
14469061
14469097
14469153
14469453
14469523
14469571
14469747
14469897
14470039
14470109
14470415
14470623
14470685
14470755
14470795
14470861
14470963
14470993
14471363
14471433
14471809
14471853
14471893
14471927
14471987
14472025
14472735
14472767
14473237
14473523
14473597
14473847
14473883
14473943
14473973
14473977
14474007
14474161
14474473
14474505
14474665
14474671
14474699
14474807
14474851
14475009
14475095
14475141
14475189
14475501
14475527
14475615
14475867
14476007
14476199
14476217
14476295
14476351
14476429
14476607
14476923
14477033
14477061
14477133
14477135
14477145
14477333
14477377
14477887
14478035
14478131
14478391
14478397
14478401
14478413
14478529
14479055
14479095
14479267
14479339
14479663
14479713
14479855
14480027
14480055
14480153
14480229
14480343
14480427
14480749
14480869
14480871
14480885
14481127
14481321
14481427
14481693
14481697
14481711
14481903
14482099
14482225
14482375
14482473
14482533
14482801
14483265
14483399
14483551
14483663
14483729
14483909
14484049
14484701
14484889
14484959
14485311
14485355
14485365
14485745
14485753
14485889
14485973
14486067
14486617
14486641
14486733
14486801
14486821
14486851
14486859
14487011
14487089
14487131
14487187
14487379
14487411
14487939
14488171
14488275
14488289
14488291
14488319
14488691
14488887
14488895
14489129
14489139
14489191
14489339
14489395
14489435
14489513
14489951
14489995
14490105
14490265
14490397
14490435
14490481
14490497
14490541
14490589
14490697
14490987
14491043
14491057
14491211
14491243
14491307
14491353
14491477
14491571
14491625
14491819
14491841
14491877
14491889
14492047
14492407
14492581
14492611
14493035
14493041
14493085
14493753
14493829
14493957
14494393
14494529
14494751
14494997
14495051
14495163
14495213
14495443
14495507
14495937
14495971
14495995
14496007
14496065
14496133
14496139
14496149
14496221
14496361
14496599
14496613
14496791
14497123
14497193
14497373
14497469
14497591
14497663
14497831
14497881
14498031
14498157
14498343
14498405
14498487
14499039
14499495
14499539
14499607
14499907
14499919
14499925
14499941
14500097
14500279
14500503
14500655
14500989
14500993
14501167
14501397
14501473
14501489
14501569
14501589
14501877
14501959
14502001
14502015
14502089
14502383
14502423
14502563
14502751
14502869
14503313
14503409
14503417
14503765
14504073
14504117
14504143
14504145
14504225
14504487
14504805
14504835
14504851
14504959
14504967
14505135
14505189
14505229
14505257
14505273
14505419
14505433
14505645
14505769
14506111
14506263
14506335
14506415
14506847
14506977
14507099
14507341
14507427
14507537
14507551
14507595
14507611
14507669
14508139
14508143
14508205
14508293
14508435
14508563
14508575
14508709
14508841
14508993
14509147
14509155
14509193
14509329
14509391
14509445
14509451
14509521
14509629
14509637
14509759
14509809
14509855
14509881
14510119
14510345
14510503
14510571
14510731
14510789
14511345
14511485
14511755
14512083
14512171
14512193
14512201
14512295
14512421
14512465
14512701
14512751
14512775
14512835
14512941
14513453
14513769
14513815
14513823
14513849
14514175
14514245
14514257
14514269
14514369
14514387
14514397
14514507
14514535
14514541
14514553
14514579
14514673
14514827
14514949
14515001
14515297
14515493
14515513
14515587
14515673
14515715
14515923
14516141
14516609
14516629
14516657
14516817
14516819
14516877
14516899
14516991
14517117
14517159
14517217
14517345
14517415
14517507
14517535
14517573
14518119
14518125
14518177
14518241
14518289
14518311
14518341
14518495
14518697
14518997
14519111
14519239
14519329
14519433
14519601
14519655
14520015
14520357
14520409
14520631
14520649
14520723
14520855
14520883
14521031
14521443
14521509
14521537
14522215
14522233
14522289
14522323
14522351
14522463
14522509
14522683
14522697
14522919
14523069
14523201
14523329
14523613
14523699
14523785
14524015
14524083
14524159
14524297
14524453
14524715
14524745
14524819
14525397
14525489
14525615
14525647
14525661
14525711
14525801
14525887
14525961
14526261
14526333
14526493
14526541
14526585
14526889
14526923
14526931
14526979
14527069
14527095
14527175
14527267
14527271
14527315
14527599
14527711
14527873
14527927
14528077
14528191
14528251
14528337
14528501
14528543
14528589
14528757
14528869
14528963
14529137
14529201
14529247
14529265
14529697
14529805
14530235
14530259
14530341
14530489
14530543
14530585
14530759
14531099
14531279
14531509
14531641
14531649
14531789
14531953
14532101
14532295
14532499
14532569
14532637
14532645
14532657
14532691
14532831
14532923
14532949
14533129
14533147
14533477
14533533
14533679
14533809
14533897
14533963
14534303
14534335
14534387
14534437
14535075
14535519
14535605
14535625
14535895
14536011
14536185
14536235
14536259
14536357
14536909
14537195
14537405
14538125
14538225
14538539
14538581
14538685
14538797
14538983
14538999
14539019
14539057
14539203
14539527
14539647
14539659
14539787
14539929
14539979
14540001
14540283
14540755
14541057
14541143
14541423
14541515
14541587
14541741
14541769
14541935
14541941
14542107
14542179
14542245
14542345
14542455
14542481
14542493
14542575
14543175
14543199
14543295
14543323
14543459
14543633
14543645
14543717
14543733
14543771
14543785
14544029
14544101
14544177
14544283
14544303
14544335
14544401
14544555
14544625
14544673
14544839
14544887
14544889
14545021
14545243
14545255
14545375
14545381
14545435
14545679
14545765
14545821
14545963
14545999
14546023
14546061
14546081
14546161
14546329
14546353
14546575
14546961
14547087
14547565
14547715
14547811
14547817
14548097
14548319
14548361
14548415
14548517
14548783
14549053
14549165
14549233
14549489
14550069
14550315
14550397
14551165
14551251
14551315
14551377
14551419
14551431
14551691
14551863
14551895
14551897
14551951
14552143
14552219
14552281
14552825
14552835
14553107
14553219
14553499
14553527
14553577
14553613
14554149
14554239
14554281
14554299
14554327
14554625
14554979
14555029
14555037
14555079
14555263
14555339
14555419
14555457
14555523
14555683
14555729
14555781
14555815
14555819
14556065
14556121
14556249
14556259
14556283
14556507
14556567
14556677
14556695
14557107
14557121
14557215
14557363
14557377
14557829
14558005
14558373
14558843
14558893
14559251
14559393
14559581
14559765
14559869
14560275
14560351
14560409
14560677
14560713
14561009
14561145
14561159
14561175
14561473
14562031
14562057
14562163
14562211
14562227
14562439
14562823
14563061
14563073
14563193
14563421
14563425
14563637
14563659
14563673
14563805
14563907
14564227
14564287
14564503
14564569
14564649
14564845
14564969
14565117
14565157
14565213
14565261
14565455
14565549
14565673
14565861
14566003
14566055
14566113
14566331
14566391
14566463
14566487
14566639
14566699
14566729
14567057
14567145
14567453
14567871
14568257
14568437
14568449
14568567
14568633
14568829
14569383
14569747
14569897
14570021
14570267
14570533
14570709
14570787
14570819
14570851
14570973
14571047
14571581
14571785
14572101
14572241
14572267
14572313
14572349
14572395
14572527
14573037
14573091
14573113
14573399
14573577
14573623
14574013
14574569
14574643
14574927
14575435
14575633
14575811
14575985
14576267
14576327
14576381
14576421
14576461
14576535
14576759
14576861
14577097
14577127
14577479
14577485
14577653
14577721
14578041
14578289
14578297
14578379
14578381
14578563
14578647
14578785
14578811
14578999
14579365
14579439
14579749
14579761
14579813
14579941
14579973
14580085
14580201
14580333
14580423
14580513
14580605
14580643
14580655
14580839
14580991
14581065
14581367
14581395
14581605
14581621
14581793
14581799
14581965
14582049
14582155
14582271
14582307
14582897
14583003
14583029
14583075
14583121
14583171
14583175
14583245
14583261
14583277
14583369
14583469
14583541
14583543
14583713
14583751
14583801
14583925
14584047
14584171
14584253
14584483
14584625
14584793
14585005
14585199
14585255
14585589
14585927
14585979
14586033
14586247
14586357
14586433
14586487
14587089
14587141
14587325
14587527
14587697
14587757
14587853
14587985
14588093
14588209
14588591
14588695
14588701
14588729
14589021
14589067
14589145
14589161
14589369
14589439
14589891
14590083
14590095
14590351
14590465
14590507
14590517
14590551
14590607
14590791
14590879
14590983
14591037
14591145
14591239
14592095
14592129
14592179
14592185
14592275
14592637
14592679
14592755
14592955
14593063
14593177
14593229
14593363
14593485
14593587
14593623
14593687
14594339
14594409
14594445
14594519
14594553
14594841
14594875
14595437
14595835
14595849
14596091
14596431
14596481
14596651
14597053
14597141
14597267
14597421
14597569
14597583
14597753
14597799
14598067
14598075
14598249
14598317
14598331
14598747
14598763
14598845
14599297
14599473
14599535
14600131
14600175
14600305
14600307
14600397
14600399
14600413
14600455
14600481
14600581
14600601
14600605
14600625
14600759
14600767
14600911
14601059
14601079
14601095
14601129
14601317
14601423
14601451
14601461
14601471
14602233
14602429
14602735
14602781
14602873
14603213
14603279
14603311
14603417
14603631
14603725
14603991
14604123
14604367
14604417
14604737
14605127
14605645
14605869
14606003
14606073
14606341
14606423
14606689
14606719
14606931
14606951
14607171
14607223
14607449
14607521
14607529
14607605
14607743
14607835
14607893
14607971
14608185
14608211
14608445
14608847
14608875
14608993
14609123
14609227
14609389
14609639
14609697
14609757
14610021
14610121
14610151
14610319
14610665
14610683
14610775
14610815
14611069
14611497
14611521
14611753
14611789
14611813
14611873
14611901
14611923
14612013
14612133
14612391
14612553
14612613
14612639
14612753
14612929
14613091
14613245
14613571
14613591
14613605
14613621
14613763
14613885
14613901
14613983
14614153
14614169
14614413
14614669
14614715
14614753
14614793
14614823
14615357
14615653
14615797
14615833
14615933
14616113
14616145
14616235
14616399
14616597
14616665
14616763
14616947
14617251
14617439
14617465
14617487
14617581
14617735
14617795
14617825
14617893
14617977
14618071
14618091
14618583
14618599
14618713
14618869
14618961
14618971
14619193
14619195
14619281
14619291
14619529
14619603
14619685
14619995
14620079
14620191
14620275
14620363
14620715
14620751
14621019
14621037
14621167
14621379
14621401
14621453
14621469
14621515
14621697
14621887
14621891
14621953
14622083
14622195
14622255
14622273
14622309
14622409
14622515
14622563
14622919
14622967
14623031
14623121
14623209
14623363
14623403
14623425
14623507
14623553
14623647
14623829
14623995
14624005
14624707
14624727
14625001
14625151
14625157
14625163
14625295
14625983
14626161
14626217
14626377
14626697
14627007
14627043
14627065
14627163
14627205
14627267
14627277
14627315
14627419
14627551
14627579
14627685
14627923
14628223
14628235
14628505
14628765
14628833
14629129
14629205
14629243
14629245
14629635
14629713
14629761
14630281
14630403
14630455
14630463
14630489
14630551
14630667
14630767
14630897
14631287
14631371
14631379
14631437
14631579
14631769
14631863
14631887
14631903
14632033
14632039
14632071
14632327
14632349
14632503
14632533
14632547
14633655
14633727
14633757
14633923
14634109
14634349
14634361
14634519
14634569
14634807
14634885
14635129
14635643
14635769
14636089
14636109
14636159
14636351
14636637
14636667
14636793
14636803
14636971
14637145
14637451
14637547
14637653
14637763
14637923
14637951
14638027
14638097
14638425
14638477
14638971
14639429
14639439
14639443
14639461
14640059
14640471
14640705
14640721
14640745
14640791
14640933
14641111
14641285
14641657
14641909
14641983
14642011
14642349
14642381
14642827
14642861
14643103
14643473
14643521
14643659
14643685
14643697
14643763
14643809
14643881
14643939
14644007
14644089
14644129
14644267
14644315
14644389
14644393
14644501
14644557
14644747
14644825
14644905
14644993
14645023
14645161
14645179
14645205
14645533
14645721
14645995
14646051
14646169
14646173
14646299
14646437
14646491
14646513
14646527
14646587
14646825
14646885
14646919
14647005
14647007
14647313
14647431
14647637
14647657
14647705
14647739
14647777
14647987
14648129
14648519
14648757
14648841
14649171
14649487
14649519
14649659
14649785
14649853
14649861
14649953
14650011
14650247
14650399
14650471
14650551
14651201
14651293
14651301
14651341
14651351
14651623
14651761
14651909
14651955
14652079
14652089
14652101
14652113
14652149
14652345
14652689
14652705
14652973
14653487
14653913
14654429
14654753
14654817
14655271
14655465
14655633
14655745
14655859
14655903
14655943
14655973
14656013
14656227
14656261
14656555
14656823
14657039
14657147
14657481
14657519
14657685
14657753
14657769
14657803
14657971
14658219
14658243
14658429
14658713
14658845
14659117
14659203
14659395
14659609
14659655
14660045
14660091
14660141
14660149
14660207
14660517
14660601
14660719
14660873
14660967
14661189
14661463
14661535
14661635
14661675
14661687
14661695
14661761
14661829
14661883
14661905
14662279
14662301
14662337
14662377
14662461
14662515
14662591
14662735
14662881
14662975
14663057
14663085
14663123
14663133
14663149
14663173
14663219
14663303
14663553
14663589
14663735
14664391
14664617
14664619
14664727
14664815
14664895
14665081
14665315
14665421
14665665
14665681
14665989
14666329
14666567
14666579
14666715
14666833
14666889
14666983
14667065
14667067
14667213
14667639
14667797
14668251
14668283
14668391
14668479
14668525
14668571
14668641
14668971
14669111
14669201
14669405
14669463
14669645
14669833
14670065
14670533
14670557
14670665
14671069
14671511
14671669
14671945
14672173
14672183
14672373
14672481
14672483
14672511
14672519
14672817
14672873
14672937
14673009
14673145
14673159
14673205
14673209
14673255
14673329
14673387
14673471
14673563
14673863
14674125
14674183
14674283
14674339
14674511
14674611
14674819
14674837
14675143
14675315
14675635
14675881
14675947
14676325
14676401
14676427
14676533
14676561
14676599
14676737
14676813
14677157
14677181
14677803
14677927
14677935
14678149
14678215
14678223
14678377
14678395
14678851
14679057
14679151
14679371
14679375
14679405
14679425
14679433
14679859
14680025
14680213
14680559
14680733
14680735
14680753
14680769
14680881
14681353
14681447
14681479
14681693
14681719
14681913
14682057
14682089
14682161
14682303
14682555
14682627
14682647
14682753
14682811
14682839
14682909
14682987
14683165
14683191
14683253
14683317
14683745
14683751
14683823
14683843
14684287
14684325
14684411
14684549
14684573
14684625
14684659
14684751
14684787
14684845
14685057
14685323
14685361
14685423
14686049
14686407
14686417
14686775
14686799
14686907
14686977
14687077
14687353
14687453
14687619
14687687
14687873
14688065
14688121
14688129
14688165
14688321
14688427
14688439
14688899
14688979
14688999
14689175
14689471
14689845
14689865
14689879
14690191
14690305
14690363
14690527
14690569
14690719
14690921
14690929
14690959
14691103
14691177
14691289
14691583
14691587
14691625
14692121
14692137
14692349
14692653
14693021
14693361
14693665
14693679
14693859
14693977
14694015
14694031
14694039
14694239
14694285
14694747
14694843
14695071
14695299
14695631
14695819
14695857
14695923
14696051
14696315
14696343
14696397
14696571
14696655
14696677
14697171
14697207
14697295
14697313
14697329
14697387
14697511
14698101
14698231
14698299
14698403
14698437
14698669
14698771
14698831
14698839
14698885
14699491
14700065
14700111
14700131
14700177
14700323
14700869
14700951
14701143
14701233
14701261
14701407
14701437
14701603
14701683
14701727
14701913
14702005
14702011
14702139
14702555
14702629
14702647
14702825
14702893
14702989
14703123
14703141
14703153
14703313
14703515
14703735
14703777
14703993
14704203
14704499
14705097
14705123
14705225
14705243
14705425
14705441
14705675
14705725
14705991
14706017
14706053
14706061
14706079
14706821
14706839
14706885
14707089
14707341
14707423
14707531
14707571
14707597
14707657
14707689
14707997
14708103
14708151
14708521
14708645
14708737
14708825
14709123
14709209
14709295
14709423
14709565
14709667
14709709
14709737
14709829
14709967
14710345
14710365
14710465
14710685
14710887
14711057
14711457
14711491
14711643
14711681
14711695
14711865
14712375
14712921
14713025
14713143
14713609
14713953
14713985
14714037
14714341
14714527
14714541
14714553
14715013
14715143
14715177
14715337
14715385
14715485
14715599
14715663
14715723
14715773
14715857
14715929
14716295
14716467
14716641
14716777
14716801
14716857
14717047
14717317
14717553
14717609
14717683
14717743
14717831
14717849
14717933
14717939
14718161
14718237
14718361
14718515
14718543
14718557
14718563
14719151
14719667
14719785
14720249
14720267
14720639
14721025
14721467
14721587
14721789
14721809
14721869
14721931
14721983
14722107
14722247
14722335
14722371
14722445
14722505
14722787
14722797
14722853
14722859
14722923
14723007
14723013
14723195
14723345
14723375
14723697
14724263
14724457
14724843
14724883
14724929
14725105
14725187
14725263
14725467
14725595
14725715
14725809
14725981
14726079
14726115
14726133
14726191
14726307
14726421
14726641
14727027
14727119
14727167
14727199
14727243
14727323
14727379
14727571
14727735
14727981
14728473
14728533
14728601
14728993
14729155
14729171
14729239
14729417
14729455
14729555
14729699
14729897
14730045
14730081
14730249
14730363
14730369
14731079
14731191
14731221
14731305
14731373
14731387
14731411
14731459
14731683
14731749
14731843
14731857
14732019
14732067
14732637
14732927
14733255
14733525
14733541
14733669
14733679
14733865
14733947
14734097
14734173
14734177
14734261
14734385
14734505
14734551
14734633
14734839
14735071
14735113
14735411
14735499
14735625
14735833
14735935
14736239
14736435
14736751
14736785
14736849
14736887
14736895
14737009
14737035
14737411
14737453
14737783
14737803
14738535
14738537
14739081
14739109
14739189
14739673
14739985
14740123
14740205
14740261
14740373
14740477
14740621
14740709
14740767
14740857
14740905
14741037
14741039
14741049
14741433
14741455
14741937
14741949
14742127
14742161
14742441
14742517
14742547
14742775
14742905
14742959
14742987
14743069
14743131
14743505
14743535
14743615
14743899
14744149
14744221
14744863
14745091
14745391
14745489
14745531
14745561
14745753
14746003
14746025
14746033
14746139
14746199
14746251
14746281
14746385
14746419
14746435
14746519
14746629
14746701
14746725
14746739
14746745
14746809
14746985
14747099
14747123
14747181
14747275
14747377
14747491
14747619
14748013
14748065
14748125
14748181
14748535
14748609
14748627
14748821
14748853
14749199
14749221
14749293
14749497
14749599
14749655
14749695
14750027
14750153
14750203
14750263
14750301
14750329
14750365
14750399
14750439
14750605
14750781
14750825
14751009
14751201
14751379
14751559
14751581
14751717
14751721
14751885
14751945
14752209
14752385
14752513
14752649
14752681
14752713
14752969
14752971
14753287
14753301
14753327
14753463
14753485
14753505
14753599
14753741
14753919
14754017
14754047
14754441
14754445
14754525
14754587
14754593
14754685
14754701
14754845
14754899
14754987
14755015
14755089
14755279
14755359
14755371
14755671
14755907
14756055
14756063
14756577
14756585
14756805
14756807
14756841
14756919
14757003
14757073
14757185
14757545
14757675
14757773
14758251
14758419
14758533
14758595
14758747
14758813
14758951
14759053
14759193
14759237
14759389
14759483
14759681
14759761
14759983
14759997
14760049
14760163
14760181
14760537
14760555
14761421
14761429
14761489
14761743
14761805
14761839
14761855
14761973
14761989
14762111
14762117
14762167
14762461
14762561
14762585
14762607
14762677
14762731
14762769
14762833
14763393
14763427
14763561
14763605
14763613
14763907
14763913
14764051
14764119
14764129
14764223
14764389
14764515
14764563
14764887
14764961
14764989
14765007
14765113
14765117
14765309
14765727
14765949
14766251
14766351
14766489
14766507
14766577
14766655
14766763
14766837
14767089
14767447
14767467
14767937
14768925
14769303
14769359
14769453
14769543
14770079
14770153
14770397
14770451
14770521
14770803
14770903
14771147
14771287
14771453
14771505
14771861
14772111
14772347
14772479
14772565
14772669
14772787
14772983
14773593
14773613
14773985
14774243
14774297
14774399
14774423
14774457
14774475
14774555
14774721
14774771
14774839
14774983
14775029
14775031
14775069
14775125
14775153
14775177
14775223
14775311
14775465
14775889
14776231
14776441
14776551
14777011
14777317
14777341
14777351
14777391
14777725
14777753
14777917
14778075
14778133
14778583
14778803
14778999
14779225
14779303
14779431
14779485
14779503
14779615
14779731
14779837
14780033
14780117
14780441
14780495
14780509
14780647
14780773
14780861
14780881
14781079
14781199
14781321
14781381
14781827
14781855
14781877
14782001
14782039
14782145
14782329
14782331
14782633
14782849
14782865
14782921
14782965
14783019
14783429
14783637
14783843
14783957
14784179
14784433
14784927
14785031
14785159
14785241
14785347
14785389
14785569
14785617
14786053
14786139
14786245
14786317
14786553
14786779
14786861
14786871
14786889
14786929
14787009
14787087
14787523
14787557
14787703
14787799
14787857
14788063
14788071
14788205
14788285
14788581
14788897
14789041
14789097
14789595
14789883
14790059
14790219
14790281
14790337
14790419
14790551
14790613
14790627
14790711
14790905
14790957
14791021
14791879
14792081
14792107
14792183
14792255
14792443
14792491
14792547
14792763
14792871
14793165
14793187
14793427
14793481
14793561
14793595
14794023
14794445
14794527
14794825
14794937
14794951
14795143
14795177
14795237
14795445
14795747
14795851
14795907
14795967
14796061
14796369
14796375
14796489
14796669
14796689
14796727
14796851
14797237
14797257
14797541
14797843
14798067
14798333
14798377
14798565
14798603
14798607
14798713
14798745
14799041
14799125
14799175
14799337
14799605
14799663
14799797
14799991
14800075
14800085
14800209
14800223
14800315
14800373
14800375
14800593
14800839
14800919
14800923
14801609
14801659
14801891
14802065
14802147
14802263
14802297
14802463
14802837
14803049
14803143
14803149
14803195
14803505
14803529
14803671
14803813
14804177
14804201
14804315
14804413
14804503
14804509
14804779
14804783
14804805
14804889
14804963
14805193
14805821
14805923
14805965
14805991
14805993
14806111
14806297
14806421
14806501
14806581
14806625
14806647
14806795
14806813
14806953
14806987
14807243
14807651
14807663
14808499
14808587
14808655
14808799
14808891
14809109
14809513
14809641
14809687
14809925
14810111
14810143
14810145
14810215
14810249
14810417
14810501
14811047
14811095
14811429
14811451
14811539
14811653
14811733
14811877
14811933
14812041
14812583
14812671
14812749
14812795
14812991
14813217
14813327
14813713
14813939
14814049
14814347
14814357
14814423
14814487
14815369
14815415
14815661
14815817
14815883
14816113
14816813
14817315
14817505
14817605
14817609
14817685
14817763
14817899
14817975
14817991
14818019
14818413
14818429
14818559
14818577
14818769
14818871
14818973
14819001
14819019
14819131
14819261
14819337
14819981
14820027
14820405
14820527
14820939
14820959
14821191
14821241
14821291
14821399
14821459
14821485
14821691
14821707
14821723
14822087
14822303
14823203
14823401
14823421
14823515
14823603
14823615
14823631
14823717
14823767
14823803
14823879
14823987
14824045
14824763
14824831
14824871
14824875
14824893
14825033
14825039
14825105
14825205
14825211
14825305
14825465
14825509
14825643
14825733
14825895
14826109
14826149
14826327
14826511
14826691
14826829
14826875
14826923
14827037
14827239
14827595
14827669
14827925
14828115
14828429
14828743
14828797
14828917
14829109
14829271
14829409
14829415
14829665
14829719
14829791
14829797
14829961
14830025
14830175
14830285
14830295
14830313
14830591
14830599
14830727
14830779
14830789
14830911
14831147
14831295
14831473
14831745
14831777
14832567
14832591
14832651
14832757
14832821
14832937
14833043
14833097
14833153
14833187
14833411
14833497
14833949
14833955
14833965
14834187
14834411
14834497
14835009
14835035
14835153
14835201
14835477
14835717
14835781
14836247
14836343
14836435
14836785
14836885
14836961
14836983
14837325
14837457
14837913
14838001
14838063
14838119
14838307
14838475
14838509
14838565
14838627
14838791
14838799
14838845
14838983
14839005
14839019
14839105
14839141
14839317
14839751
14840223
14840225
14840233
14840239
14840445
14840651
14840677
14840717
14840763
14840913
14840929
14840991
14841199
14841231
14841239
14841695
14841757
14841885
14841957
14842011
14842161
14842641
14842669
14842763
14842899
14842925
14842997
14843035
14843063
14843131
14843177
14843221
14843393
14843455
14843623
14843631
14844089
14844117
14844145
14844339
14844421
14844479
14844541
14845023
14845167
14845485
14845529
14845577
14845809
14846323
14846439
14846475
14846617
14846657
14846663
14846897
14847127
14847541
14847575
14847719
14848091
14848093
14848111
14848179
14848189
14848405
14848493
14848563
14849035
14849055
14849179
14849285
14849855
14850707
14850775
14850795
14850841
14850939
14850971
14850987
14851077
14851207
14851307
14851387
14851417
14851827
14851923
14852025
14852079
14852159
14852207
14852397
14852549
14852629
14852649
14852809
14852867
14852969
14852971
14853053
14853195
14853255
14853459
14853489
14853531
14853581
14853675
14853841
14853893
14854095
14854551
14854701
14854727
14855035
14855579
14855707
14855885
14856037
14856241
14856315
14856343
14856521
14856525
14856601
14856799
14857213
14857253
14857305
14857345
14857361
14857397
14857865
14857875
14858043
14858137
14858191
14858243
14858581
14858611
14858625
14858637
14858725
14858743
14858775
14858813
14859007
14859073
14859117
14859143
14859161
14859515
14859779
14859865
14860287
14860479
14860493
14860507
14860545
14860711
14860997
14861137
14861219
14861445
14861575
14861641
14861921
14861973
14862271
14862465
14862487
14862581
14862749
14862851
14862971
14863031
14863105
14863289
14863401
14863539
14863629
14863759
14863795
14863897
14864465
14864603
14864633
14864635
14864941
14864971
14865119
14865307
14865435
14865601
14865793
14865811
14865817
14865937
14866083
14866289
14866335
14866707
14866735
14866835
14867201
14867305
14867375
14867393
14867403
14867421
14867453
14867547
14867577
14867731
14867905
14867979
14868005
14868007
14868033
14868157
14868185
14868475
14868493
14868593
14868727
14868785
14868923
14868965
14868991
14869063
14869159
14869339
14869423
14869735
14869743
14870081
14870309
14870319
14870325
14870915
14870969
14871187
14871281
14871307
14871473
14871651
14871827
14871875
14872085
14872101
14872139
14872243
14872343
14872535
14872649
14873035
14873373
14873519
14873547
14873781
14873851
14873957
14874303
14874335
14874427
14874585
14874595
14874617
14874641
14874821
14875009
14875085
14875101
14875115
14875139
14875145
14875169
14875281
14875313
14875343
14875363
14875391
14875457
14875653
14875809
14876569
14876675
14876733
14876883
14876903
14876955
14877171
14877309
14877449
14877589
14877595
14877763
14877839
14877991
14878289
14878321
14878389
14878467
14878539
14878907
14878911
14878933
14878995
14879019
14879137
14879157
14879163
14879179
14879289
14879465
14879509
14879629
14879899
14880053
14880421
14880685
14880875
14881051
14881263
14881271
14881707
14881813
14881827
14881995
14882001
14882059
14882069
14882249
14882271
14882465
14882509
14882589
14882617
14882719
14882999
14883001
14883075
14883095
14883443
14883497
14883517
14883767
14884119
14884431
14884471
14884527
14884543
14884605
14884931
14885001
14885047
14885075
14885081
14885133
14885303
14885311
14885401
14885425
14885583
14885641
14885999
14886197
14886369
14886675
14886821
14887023
14887241
14887295
14887831
14887897
14887927
14888211
14888227
14888405
14888577
14888937
14889077
14889185
14889259
14889421
14889581
14889703
14889969
14890047
14890155
14890613
14890789
14891157
14891219
14891221
14891235
14891539
14891563
14891713
14891977
14892029
14892031
14892095
14892185
14892293
14892319
14892843
14892901
14892971
14893059
14893107
14893257
14893277
14893399
14893483
14893893
14893937
14894643
14894705
14894731
14894743
14894769
14895051
14895129
14895149
14895251
14895339
14895493
14895693
14895719
14895767
14895881
14895919
14895949
14895979
14896361
14896401
14896967
14897087
14897177
14897207
14897477
14897487
14897569
14897625
14897639
14897731
14898083
14898225
14898265
14898425
14898447
14898465
14898489
14898507
14898651
14898661
14898705
14898833
14898889
14898981
14899305
14899539
14899921
14900107
14900205
14900275
14900291
14900421
14900529
14900655
14900661
14900741
14901189
14901323
14901367
14901417
14901439
14901513
14901515
14901715
14901833
14901901
14902135
14902143
14902591
14902597
14902945
14903055
14903079
14903263
14903309
14903381
14903437
14903581
14903669
14903915
14903991
14904101
14904461
14904487
14904615
14904767
14904921
14904951
14905627
14905695
14905753
14905803
14906003
14906253
14906365
14906621
14906713
14906747
14906811
14906839
14907261
14907549
14907569
14907645
14907775
14908061
14908229
14908339
14908367
14908685
14908713
14908763
14908791
14908995
14909091
14909257
14909329
14909401
14909459
14909555
14909797
14909863
14909873
14909895
14909977
14910053
14910087
14910169
14910225
14910587
14910611
14910697
14910969
14910983
14911011
14911021
14911035
14911039
14911121
14911293
14911381
14911649
14911741
14911887
14911893
14912037
14912047
14912209
14912519
14912663
14912775
14912801
14912807
14912989
14913037
14913043
14913117
14913285
14913505
14913883
14913967
14913983
14914085
14914649
14914675
14914733
14914789
14914839
14914881
14914891
14914905
14914927
14915015
14915057
14915205
14915221
14915407
14915435
14915445
14915739
14915753
14915887
14915907
14916043
14916243
14916277
14916341
14916415
14916517
14916565
14916633
14916929
14917245
14917463
14917483
14917565
14917581
14918091
14918209
14918251
14918387
14918497
14918551
14918701
14918779
14919423
14919615
14920081
14920121
14920217
14920439
14920629
14920939
14920981
14921051
14921311
14921313
14921373
14921505
14921525
14921737
14921779
14922003
14922097
14922173
14922453
14922649
14922665
14922787
14923003
14923227
14923575
14923699
14924181
14924457
14924511
14924685
14924753
14924867
14924889
14924913
14925171
14925287
14925315
14925419
14925601
14925639
14925905
14925915
14926091
14926387
14926431
14926539
14926933
14926955
14927103
14927247
14927253
14927297
14927469
14927529
14927551
14927763
14927829
14927971
14927981
14928037
14928123
14928147
14928205
14928233
14928245
14928385
14928395
14928477
14928631
14928673
14928755
14928815
14929067
14929423
14929727
14929891
14929935
14930149
14930517
14930635
14930735
14930737
14930959
14931029
14931129
14931167
14931215
14931315
14931793
14931909
14931959
14932065
14932317
14932457
14932485
14932975
14933151
14933189
14933229
14933289
14933503
14933775
14933787
14933963
14933973
14934299
14934433
14934613
14935061
14935173
14935251
14935319
14935385
14935773
14935947
14936205
14936461
14936657
14936827
14936833
14936939
14936983
14937093
14937233
14937383
14937385
14937401
14937451
14937525
14937611
14937861
14938285
14938541
14938579
14939015
14939075
14939159
14939289
14939313
14939361
14939749
14939787
14939821
14940211
14940311
14940337
14940763
14940933
14941479
14941781
14941789
14941911
14941981
14942297
14942717
14942817
14943241
14943451
14943699
14943793
14944005
14944129
14944599
14944651
14944679
14944909
14944939
14944979
14945149
14945279
14945683
14945717
14945807
14945809
14945835
14946047
14946055
14946363
14946739
14946875
14946883
14947207
14947407
14947525
14947871
14947963
14948041
14948209
14948327
14948443
14948463
14948807
14948865
14948867
14948887
14948913
14949175
14949239
14949311
14949315
14949317
14949585
14949659
14949765
14949787
14949971
14950037
14950293
14950311
14950325
14950367
14950455
14950473
14950603
14951181
14951241
14951249
14951481
14951499
14951993
14952155
14952297
14952315
14952577
14952683
14952965
14953043
14953055
14953069
14953125
14953329
14953393
14953447
14953667
14953709
14954033
14954265
14954289
14954409
14954415
14955027
14955275
14955627
14955935
14956001
14956031
14956037
14956087
14956491
14956507
14956517
14956523
14956831
14957023
14957109
14957191
14957245
14957285
14957331
14957371
14957509
14957731
14957859
14957947
14957963
14958049
14958113
14958137
14958207
14958429
14958479
14958605
14958635
14958749
14958781
14958893
14958999
14959427
14959815
14959911
14959999
14960091
14960105
14960193
14960437
14960467
14960703
14960737
14960823
14960847
14961041
14961089
14961129
14961361
14962023
14962047
14962065
14962477
14962591
14962995
14963035
14963141
14963211
14963497
14963593
14963631
14963639
14963721
14963741
14963791
14963933
14964109
14964287
14964375
14964399
14964457
14964595
14964671
14964833
14964913
14965025
14965041
14965239
14965287
14965327
14965713
14965745
14965753
14965773
14965823
14965999
14966069
14966099
14966225
14966297
14966785
14966885
14966945
14967047
14967077
14967109
14967389
14967433
14967443
14967487
14968045
14968201
14968313
14968715
14968737
14968941
14969055
14969059
14969191
14969221
14969405
14969617
14969659
14969783
14969981
14970175
14970257
14970359
14970385
14970389
14970413
14970567
14970791
14970907
14970967
14971281
14971327
14971393
14971453
14971563
14971617
14971877
14971969
14972089
14972385
14972573
14972881
14973013
14973171
14973393
14973647
14974037
14974179
14974235
14974261
14974333
14974461
14974503
14974537
14974627
14975029
14975199
14975301
14975451
14975789
14976223
14976279
14976607
14977003
14977039
14977075
14977253
14977381
14977497
14977567
14978113
14978177
14978271
14978583
14978899
14979007
14979009
14979063
14979071
14979193
14979599
14979629
14979865
14980417
14980637
14980655
14980701
14980781
14981121
14981395
14981407
14981555
14981749
14981881
14981897
14982025
14982041
14982461
14982569
14982599
14982613
14982683
14982805
14983141
14983553
14983653
14983841
14983929
14984051
14984085
14984087
14984249
14984441
14984513
14984557
14984627
14984815
14984837
14984897
14985105
14985383
14985385
14985453
14985773
14985913
14985969
14986327
14986405
14986429
14986559
14986673
14986753
14987107
14987315
14987495
14987531
14987585
14987607
14987767
14987921
14988059
14988599
14988617
14988847
14988971
14989083
14989193
14989513
14989515
14990069
14990161
14990447
14990637
14990647
14990659
14990769
14990823
14990923
14991063
14991165
14991731
14992043
14992069
14992163
14992191
14992303
14992871
14992963
14993015
14993161
14993249
14993347
14993483
14993865
14993965
14993993
14994237
14994387
14994557
14994783
14994845
14994939
14995027
14995161
14995285
14995437
14995455
14995729
14995845
14996265
14996289
14996569
14996957
14996973
14997029
14997041
14997285
14997313
14997459
14997699
14997787
14997831
14998279
14998581
14998723
14998931
14999291
14999451
14999597
14999811
