# proven primes: b with (b^32+1)/2 prime (aprcl), block [15000000,16000000)
15000053
15000267
15000669
15000777
15000797
15000961
15001039
15001043
15001389
15001467
15001559
15001611
15002029
15002121
15002341
15002417
15002747
15002773
15003099
15003163
15003451
15003475
15003813
15003935
15004013
15004037
15004275
15004655
15004667
15004671
15004819
15004933
15005141
15005221
15005223
15005327
15005391
15005411
15005421
15005427
15005475
15005519
15005775
15006279
15006369
15006665
15006781
15006785
15006847
15007105
15007117
15007143
15007295
15007313
15007343
15007475
15007689
15007695
15007823
15007835
15007929
15008437
15008459
15008643
15009009
15009015
15009121
15009353
15009361
15009429
15009457
15009495
15009719
15009779
15010019
15010109
15010179
15010227
15010281
15010385
15010731
15010949
15010985
15011147
15011207
15011217
15011295
15011307
15011361
15011831
15011879
15011935
15012243
15012259
15012327
15012481
15012535
15012537
15012551
15012623
15012833
15013267
15013427
15013555
15013709
15013881
15013979
15014467
15014485
15014741
15014871
15014939
15015325
15015547
15015663
15015677
15015767
15015987
15016105
15016235
15016373
15016537
15016585
15016659
15016725
15016917
15017163
15017261
15017397
15017475
15017529
15017691
15017695
15017719
15017765
15018673
15018699
15018923
15019097
15019123
15019339
15019665
15020513
15020821
15021089
15021133
15021365
15021585
15021657
15021791
15022093
15022121
15022189
15022457
15022459
15022637
15022761
15023057
15023367
15023751
15023949
15024341
15024441
15024463
15024487
15024571
15024855
15025093
15025099
15025419
15025895
15025903
15025965
15025993
15026021
15026023
15026541
15026641
15026669
15027129
15027151
15027323
15027565
15027597
15027629
15027643
15027669
15027837
15028011
15028129
15028381
15028481
15028529
15028865
15029221
15029523
15029587
15029701
15029723
15029759
15029813
15029883
15029899
15030239
15030305
15030311
15030357
15030633
15030661
15030757
15030967
15030979
15031017
15031429
15031597
15031649
15032149
15032293
15032325
15032621
15032625
15032755
15032881
15032955
15033043
15033093
15033269
15033279
15033807
15033833
15033907
15033935
15034233
15034483
15034747
15035149
15035615
15035625
15035729
15035793
15036099
15036161
15036181
15036685
15036819
15036933
15036971
15036979
15037617
15037637
15037927
15038005
15038015
15038023
15038129
15038137
15038191
15038255
15038353
15038459
15039121
15039643
15039769
15039831
15039937
15039997
15040383
15040415
15040559
15040683
15040731
15041279
15041309
15041323
15041339
15041589
15041751
15041851
15041927
15042003
15042053
15042061
15042135
15042209
15042237
15042241
15042451
15042573
15042903
15043099
15043229
15043269
15043307
15043337
15043385
15043481
15043529
15043593
15043601
15043625
15043643
15043759
15043771
15043779
15044503
15044805
15044871
15044873
15045031
15045069
15045075
15045149
15045153
15045277
15045291
15045325
15045347
15045661
15045765
15045891
15046215
15046349
15046665
15046751
15046857
15046913
15047015
15047021
15047037
15047059
15047179
15047231
15047251
15047291
15047301
15047533
15047591
15047673
15048059
15048235
15048375
15048391
15048441
15048593
15048597
15048739
15049221
15049285
15049293
15049301
15049481
15049551
15049623
15049917
15050389
15050413
15050571
15050801
15050885
15050911
15051039
15051127
15051171
15051217
15051455
15051531
15051907
15052143
15052191
15052199
15052233
15052493
15052599
15052757
15052821
15052861
15053075
15053357
15053473
15053597
15053769
15053979
15054015
15054037
15054095
15054111
15054215
15054317
15054427
15054537
15055235
15055279
15055441
15055973
15056075
15056189
15056439
15056867
15057097
15057169
15057409
15057565
15057721
15057787
15057837
15057869
15057881
15058291
15058837
15058991
15059109
15059387
15059401
15059459
15059667
15059849
15059917
15059979
15060037
15060241
15060269
15060753
15060785
15060863
15060953
15060965
15061049
15061307
15061319
15061357
15061651
15061827
15061957
15061961
15062015
15062047
15062271
15062475
15062511
15062599
15062831
15063053
15063237
15063415
15063487
15063499
15063649
15063709
15063897
15063899
15063975
15064063
15064403
15064569
15064781
15064869
15065163
15065459
15065521
15065561
15065649
15065869
15065885
15065947
15065967
15065991
15065997
15066159
15066213
15066309
15066609
15066615
15066919
15067199
15067253
15067261
15067473
15068073
15068139
15068493
15068675
15068813
15069017
15069099
15069365
15069611
15069659
15069789
15069869
15069919
15070163
15070435
15070675
15070727
15070775
15070903
15070909
15070939
15071123
15071131
15071133
15071293
15071379
15071421
15071453
15071621
15071885
15073101
15073129
15073187
15073221
15073249
15073583
15073617
15074091
15074109
15074539
15075019
15075327
15075427
15075567
15076177
15076209
15076291
15076371
15076589
15076733
15076773
15076793
15076811
15076865
15077009
15077115
15077117
15077167
15077225
15077401
15077403
15077409
15077423
15077449
15077453
15077455
15077471
15077881
15078061
15078157
15078647
15078657
15078813
15078871
15078993
15079047
15079337
15079361
15079711
15079733
15079909
15080049
15080661
15080959
15081101
15081337
15081345
15081351
15081451
15081479
15081833
15082003
15082025
15082203
15082243
15082545
15082633
15082751
15082769
15082797
15082919
15082955
15082959
15083193
15083573
15083701
15083725
15083943
15084033
15084187
15084563
15084767
15084889
15085009
15085025
15085223
15085321
15085473
15085505
15085591
15085733
15086103
15086121
15086441
15086483
15086981
15087011
15087195
15087627
15087651
15087709
15087725
15087847
15087941
15088311
15088339
15088585
15088709
15088717
15088723
15088979
15089075
15089103
15089529
15089693
15089713
15089745
15090025
15090105
15090125
15090257
15090399
15090671
15090751
15090763
15090859
15090963
15091331
15091555
15091609
15091713
15091921
15092431
15092489
15092715
15092833
15092849
15093325
15093853
15094063
15094137
15094295
15094633
15095201
15095287
15095469
15095553
15095829
15095885
15096461
15096535
15096829
15096873
15096949
15096987
15097181
15097287
15097327
15097621
15098057
15098089
15098227
15098383
15098463
15098579
15099065
15099297
15099403
15099407
15099625
15099865
15099871
15100185
15100205
15100311
15100389
15100471
15100489
15100691
15101065
15101101
15101111
15101633
15102389
15102573
15102821
15102875
15102919
15102981
15103175
15103287
15103315
15103843
15103987
15104165
15104237
15104505
15104507
15104909
15105521
15105547
15106605
15106701
15106773
15107033
15107437
15107473
15107515
15107729
15108829
15108925
15108933
15109055
15109101
15109253
15109387
15109569
15109725
15110071
15110479
15110507
15110747
15110853
15111091
15111129
15111331
15111345
15111391
15111423
15111521
15111637
15111799
15111815
15112343
15112819
15112861
15112883
15112899
15112957
15113227
15113519
15113521
15114065
15114259
15114675
15114685
15115013
15115179
15115665
15115687
15115841
15116007
15116119
15116231
15116341
15116633
15116647
15116663
15116697
15116699
15116761
15116795
15116913
15116979
15117093
15117201
15117241
15117353
15117387
15117491
15117625
15117653
15117727
15117919
15118073
15118267
15118299
15118389
15118535
15118563
15118769
15119213
15119355
15119595
15119741
15120249
15120325
15120591
15120837
15121023
15121089
15121163
15121233
15121257
15121437
15121529
15121603
15121623
15121647
15121945
15122001
15122185
15122263
15122435
15122487
15122491
15122703
15122775
15122843
15122887
15123175
15123527
15123671
15123675
15123745
15123755
15123909
15124043
15124141
15124321
15124373
15124641
15124893
15124901
15124915
15125127
15125189
15125365
15125373
15125419
15125429
15125435
15125569
15125579
15125641
15125655
15125751
15126041
15126045
15126135
15126405
15126545
15126561
15126591
15126727
15126817
15126945
15127045
15127083
15127123
15127227
15127249
15127265
15127481
15127527
15127661
15127757
15127799
15127811
15127893
15127983
15128195
15128295
15128503
15128513
15128659
15128667
15128985
15129267
15129365
15129435
15129457
15129963
15130179
15130327
15130403
15130587
15130627
15130635
15130841
15130985
15130991
15131001
15131023
15131141
15131147
15131149
15131219
15131335
15131387
15131445
15131541
15131723
15131955
15132177
15132273
15132291
15132303
15132493
15132503
15132561
15132581
15132743
15132809
15132939
15133029
15133055
15133479
15133509
15133743
15133833
15134123
15134559
15134597
15134705
15134775
15134909
15134939
15134997
15135125
15135189
15135997
15136333
15136447
15136523
15136583
15136631
15136647
15136665
15137647
15137957
15138057
15138091
15138331
15138355
15138397
15138403
15138487
15138575
15138757
15138783
15138883
15138913
15138971
15139021
15139109
15139129
15139163
15139299
15139505
15139675
15139677
15139719
15139869
15140193
15140227
15140319
15140439
15140441
15140505
15140643
15140727
15140737
15140959
15140991
15141007
15141055
15141173
15141303
15141367
15141595
15141703
15141783
15141907
15142255
15142941
15142963
15142975
15143121
15143151
15143169
15143515
15143661
15143721
15143767
15143881
15143921
15143991
15144131
15144173
15144293
15144305
15144315
15144527
15144631
15144755
15145027
15145069
15145235
15145275
15145305
15145353
15145679
15145745
15145845
15145953
15146641
15146861
15146951
15147001
15147017
15147049
15147117
15147289
15147303
15147305
15147613
15147659
15147957
15148137
15148249
15148473
15148723
15148847
15149035
15149395
15149627
15149825
15150051
15150145
15150183
15150227
15150301
15150323
15150379
15150723
15151071
15151081
15151115
15151191
15151235
15151549
15151567
15151719
15151827
15151977
15152249
15152527
15152795
15152817
15152847
15152861
15152965
15153129
15153259
15153507
15153695
15153781
15153899
15153955
15154071
15154125
15154193
15154303
15154315
15154515
15154575
15154601
15154721
15155069
15155903
15155989
15156035
15156067
15156091
15156129
15156403
15156741
15156999
15157069
15157205
15157313
15157371
15157423
15157611
15157645
15157655
15157785
15158067
15158105
15158545
15158649
15158995
15159463
15160455
15160533
15160535
15160699
15160721
15160831
15161267
15161603
15161685
15161941
15162123
15162135
15162161
15162187
15162669
15162683
15163177
15163417
15163517
15163633
15163737
15163849
15163909
15164107
15164691
15164967
15164973
15165015
15165331
15165479
15165509
15165811
15165891
15165955
15166063
15166173
15166551
15166569
15166697
15166707
15166779
15166825
15166931
15166969
15167241
15167317
15167355
15167621
15167867
15167965
15168091
15168101
15168143
15168199
15168371
15168481
15168535
15168541
15168845
15169259
15169351
15169433
15169575
15169603
15169897
15169965
15170037
15170571
15170973
15171069
15171391
15171419
15171481
15171599
15171989
15172131
15172199
15172305
15172389
15172391
15172427
15172445
15172451
15172667
15172723
15172827
15172955
15173065
15173147
15173459
15173525
15173653
15173737
15173813
15173977
15174615
15174651
15174707
15174735
15174743
15174999
15175469
15175609
15176097
15176137
15176325
15176567
15176639
15176785
15176927
15176999
15177195
15177545
15177761
15177823
15178165
15178275
15178405
15178429
15178555
15178705
15178733
15178793
15178831
15178871
15179107
15179165
15179435
15179477
15179641
15179835
15179899
15180019
15180227
15180271
15180295
15180497
15180517
15180699
15180815
15180947
15181049
15181141
15181639
15181697
15181873
15181949
15181991
15182243
15182295
15182507
15182607
15182675
15183151
15183361
15183419
15183457
15183639
15183823
15183843
15183895
15184065
15184189
15184291
15184331
15184357
15184873
15184911
15184945
15185163
15185525
15185617
15185995
15186377
15186535
15186637
15186785
15186789
15186811
15186941
15186953
15187023
15187145
15187195
15187291
15187335
15187429
15187465
15187687
15187735
15188051
15188325
15188353
15188435
15188567
15188699
15188707
15188969
15189095
15189407
15189445
15189489
15189687
15189737
15189871
15189957
15190079
15190669
15190785
15190891
15190987
15191171
15191209
15191301
15191651
15191721
15191735
15191801
15191955
15192025
15192045
15192115
15192351
15192429
15192659
15192697
15192807
15193045
15193321
15193331
15193541
15193685
15193777
15193885
15193989
15194311
15194769
15194823
15194951
15195227
15195447
15195831
15195839
15195845
15196211
15196531
15196537
15196665
15196719
15196739
15196779
15196847
15196965
15197007
15197011
15197013
15197037
15197125
15197191
15197383
15197405
15197523
15197585
15197693
15197695
15197763
15197827
15198153
15198437
15198439
15198471
15198473
15198599
15198787
15198925
15198947
15199313
15199343
15199419
15199449
15199481
15199749
15199971
15200047
15200061
15200151
15200685
15200885
15201005
15201225
15201325
15201461
15201591
15201627
15201979
15202059
15202063
15202143
15202459
15202559
15202733
15202935
15202991
15203137
15203287
15203333
15203341
15203373
15203377
15203413
15203653
15203677
15203851
15203957
15204095
15204795
15204831
15204861
15205281
15205303
15205397
15205489
15205695
15205887
15206087
15206205
15206599
15206851
15206915
15207211
15207241
15207267
15207297
15207357
15207579
15207825
15207937
15208105
15208129
15208631
15208637
15209003
15209041
15209059
15209069
15209079
15209121
15209157
15209245
15209255
15209279
15209719
15209813
15209863
15209887
15209995
15210081
15210125
15210279
15210407
15210437
15210559
15210607
15210765
15210863
15211253
15211365
15211473
15211721
15211761
15211847
15212045
15212091
15212097
15212503
15212655
15212793
15213123
15213177
15213529
15213695
15213857
15213915
15213993
15214039
15214249
15214705
15214959
15214993
15215111
15215431
15215697
15215781
15215873
15215925
15215963
15216005
15216161
15216251
15216283
15216363
15216403
15216505
15216511
15216807
15216895
15217059
15217067
15217099
15217223
15217327
15217391
15217687
15217771
15217843
15217857
15218243
15218267
15218339
15218351
15218455
15218499
15218777
15218865
15219125
15219479
15220119
15220283
15220421
15220697
15220707
15220711
15220821
15221085
15221493
15221801
15221869
15221891
15221971
15222011
15222053
15222149
15222571
15222575
15222657
15222767
15223245
15223481
15223563
15223777
15223795
15224287
15224407
15224413
15224481
15224611
15225005
15225135
15225137
15225149
15225247
15225333
15225547
15225785
15225843
15225937
15225965
15226113
15226215
15226325
15226547
15226777
15226813
15226943
15226979
15227453
15227477
15227521
15227785
15227835
15227957
15228007
15228019
15228083
15228139
15228195
15228335
15228397
15228695
15228773
15228853
15228855
15228943
15228965
15228999
15229091
15229269
15229325
15229395
15229561
15229773
15229847
15229889
15230191
15230247
15230359
15230659
15230861
15230931
15231019
15231249
15231379
15231503
15231561
15231905
15231983
15232337
15232381
15232459
15232665
15232667
15232713
15233043
15233235
15233305
15233487
15233621
15233715
15233797
15233853
15234059
15234375
15234421
15234525
15234699
15235457
15235783
15235797
15236065
15236183
15236361
15236381
15236395
15236399
15236599
15236605
15236659
15236861
15236967
15237087
15237357
15237427
15237583
15237683
15237767
15237787
15238337
15238471
15238517
15238549
15238671
15238785
15239103
15239157
15239223
15239407
15239459
15239507
15239587
15239591
15240011
15240337
15240469
15240539
15240769
15241179
15241305
15241483
15241669
15241815
15241929
15242399
15242415
15242569
15243075
15243165
15243213
15243233
15243611
15243661
15243703
15243719
15243913
15243931
15244009
15244053
15244191
15244525
15244851
15244863
15244899
15245107
15245153
15245329
15245647
15245783
15245793
15245873
15246023
15246185
15246475
15246765
15247123
15247241
15247383
15247521
15247617
15247627
15247793
15248303
15248675
15248711
15248791
15248809
15248887
15248979
15249209
15249461
15249533
15249693
15249727
15249767
15249815
15250083
15250109
15250399
15250459
15250631
15250653
15250705
15250963
15251013
15251529
15252289
15252397
15252453
15252483
15252805
15252813
15252845
15252865
15252951
15253027
15253599
15253625
15254319
15254357
15254653
15254683
15255051
15255059
15255075
15255213
15255221
15255247
15255365
15255407
15255411
15255529
15255915
15255971
15256009
15256259
15256333
15256489
15256971
15257195
15257225
15257301
15257359
15257421
15257429
15257551
15257713
15257887
15258335
15258495
15258585
15258605
15258763
15258765
15259113
15259277
15259513
15259585
15259629
15259665
15259803
15259947
15259971
15260167
15260525
15260601
15260645
15261019
15261083
15261173
15261279
15261539
15261671
15262023
15262057
15262059
15262515
15262645
15262691
15262733
15262809
15262905
15262971
15263053
15263105
15263667
15263679
15264015
15264031
15264519
15264781
15264831
15264975
15265033
15265135
15265141
15265151
15265387
15265641
15265837
15266021
15266137
15266461
15266529
15266545
15266627
15267103
15267163
15267195
15267439
15267663
15267803
15267807
15267835
15268027
15268085
15268283
15268791
15268875
15268993
15269371
15269895
15269959
15269961
15269977
15270129
15271083
15271101
15271207
15271323
15271363
15271561
15271767
15271815
15271943
15272139
15272525
15272713
15272755
15273181
15273455
15273653
15274315
15274461
15274475
15274895
15274927
15274951
15275011
15275225
15275227
15275243
15275685
15275875
15275925
15275953
15275987
15276129
15276551
15276657
15276741
15276815
15277163
15278027
15278105
15278109
15278271
15278421
15278603
15278669
15278803
15278909
15278973
15278991
15279195
15279393
15279445
15279499
15279539
15279757
15279815
15280067
15280175
15280305
15280349
15280365
15280723
15280847
15280983
15281045
15281207
15281399
15281561
15281783
15281797
15282241
15282753
15283027
15283057
15283461
15283525
15283721
15284153
15284573
15284623
15284651
15284761
15284811
15284971
15285011
15285325
15285593
15286093
15286131
15286177
15286329
15286363
15286463
15286613
15286867
15286907
15286917
15286973
15287297
15287301
15287311
15287347
15287355
15287387
15287395
15287701
15287759
15287789
15287989
15288047
15288141
15288257
15288607
15289121
15289157
15289281
15289319
15289329
15289395
15289399
15289543
15289751
15289997
15290179
15290207
15290241
15290311
15290347
15290407
15290439
15290563
15291089
15291099
15291277
15291431
15291487
15292105
15292269
15292441
15292495
15292879
15292885
15293001
15293505
15293559
15293575
15293737
15293815
15293887
15294067
15294075
15294207
15294351
15294531
15294569
15294599
15294925
15295007
15295105
15295249
15295275
15295467
15295483
15295773
15295805
15296179
15296201
15296555
15296785
15296951
15297003
15297017
15297303
15297391
15297513
15297625
15297649
15297675
15297721
15297765
15297813
15297857
15298031
15298131
15298133
15298211
15298563
15298565
15298617
15298641
15298709
15298881
15298955
15299157
15299281
15299479
15299571
15299831
15299867
15300225
15300295
15300411
15301489
15301533
15301649
15301747
15301935
15301961
15302179
15302337
15302677
15302917
15302939
15303129
15303155
15303169
15303773
15303911
15304155
15304235
15304297
15304539
15304691
15304713
15304773
15304873
15304963
15305117
15305205
15305271
15305393
15305517
15305527
15305627
15305807
15305989
15306073
15306081
15306243
15306607
15306609
15306953
15307081
15307143
15307195
15307235
15307895
15307941
15307961
15307973
15308545
15308787
15308813
15309045
15309127
15309197
15309579
15309581
15309689
15309717
15309751
15309897
15310047
15310203
15310371
15310435
15310465
15310519
15310543
15310707
15310759
15310787
15311135
15311157
15311215
15311261
15311513
15311697
15311801
15311841
15311907
15312053
15312055
15312093
15312125
15312239
15312661
15312813
15313027
15313063
15313281
15313547
15313595
15313819
15313821
15313953
15314209
15314219
15314471
15314551
15314569
15314615
15314727
15315157
15315201
15315247
15315435
15315449
15315561
15315705
15315767
15315857
15315911
15316095
15316159
15316309
15316421
15316431
15316547
15316639
15316839
15316981
15317123
15317237
15317293
15317553
15317645
15317745
15317845
15317909
15317943
15317959
15317977
15318001
15318007
15318303
15318427
15318483
15318501
15318519
15318781
15318861
15319121
15319129
15319369
15319403
15319585
15319595
15319815
15319891
15319985
15320051
15320135
15320197
15320891
15321027
15321275
15321329
15321611
15321863
15322205
15322347
15322417
15322455
15322461
15322499
15322533
15322549
15322945
15323127
15323139
15323489
15323549
15323723
15323839
15324023
15324041
15324137
15324359
15324381
15324727
15324929
15325109
15325437
15325479
15325839
15325897
15326015
15326017
15326337
15326355
15326361
15326467
15326651
15326715
15326793
15326839
15326961
15327071
15327453
15327487
15327795
15327833
15327881
15327893
15328051
15328063
15328187
15328277
15328379
15328491
15328595
15328767
15328829
15328881
15329249
15329283
15329311
15329787
15330037
15330045
15330301
15330537
15330565
15330695
15330839
15330855
15330947
15331197
15331365
15331503
15331527
15331535
15331705
15331727
15331739
15331741
15331773
15331863
15332001
15332427
15332429
15332443
15332545
15332881
15332895
15332987
15333163
15333247
15333469
15333781
15334399
15334469
15334473
15334481
15334547
15334557
15334567
15334627
15335121
15335363
15335397
15335449
15335907
15336105
15336277
15336381
15336557
15336559
15336611
15336663
15336837
15337023
15337245
15337303
15337361
15337517
15337531
15337603
15337683
15338015
15338175
15338675
15338945
15339085
15339087
15339201
15339309
15339487
15340049
15340133
15340247
15340321
15340509
15340525
15340601
15340659
15340789
15340935
15341159
15341161
15341185
15341423
15341479
15341623
15341711
15341713
15341763
15341893
15342035
15342787
15342797
15343559
15343575
15343687
15344135
15344247
15344437
15344461
15344507
15344567
15344909
15345101
15345371
15345579
15345597
15345789
15345831
15345937
15345983
15345997
15346037
15346087
15346253
15346355
15346655
15346673
15346797
15347197
15347351
15347417
15347605
15348035
15349061
15349071
15349095
15349357
15349365
15349373
15349449
15349469
15349475
15349623
15349851
15350291
15350299
15350337
15350381
15350551
15350597
15350625
15350855
15350895
15350973
15351073
15351275
15351373
15351727
15351829
15351885
15351929
15352017
15352105
15352181
15352499
15352907
15353153
15353213
15353347
15353369
15353371
15353463
15353701
15353963
15354473
15354485
15354489
15354541
15354555
15354675
15354697
15354721
15354921
15355231
15355369
15355629
15355661
15355905
15355953
15356055
15356509
15356759
15356825
15357299
15357405
15357439
15357539
15357597
15357621
15357891
15358195
15358217
15358347
15358839
15358867
15358895
15359087
15359097
15359119
15359495
15359825
15359997
15360015
15360019
15360105
15360637
15360825
15360939
15360947
15360993
15361129
15361135
15361177
15361231
15361511
15361605
15361861
15361881
15361967
15362101
15362323
15362329
15362339
15362495
15362741
15362861
15362945
15363243
15363377
15363557
15363773
15363831
15363975
15364141
15364401
15364413
15364813
15364821
15364969
15365023
15365089
15365497
15365623
15365711
15365743
15365779
15366225
15366267
15366349
15366413
15366519
15366583
15366641
15367037
15367305
15367341
15367389
15367513
15367581
15367763
15368045
15368195
15368305
15368719
15368749
15368773
15368897
15368985
15369059
15369267
15369689
15369877
15370103
15370273
15370283
15370333
15370461
15370511
15370577
15370651
15370743
15370791
15371071
15371117
15371283
15371313
15371549
15371557
15371633
15371675
15371735
15371739
15372023
15372061
15372101
15372219
15372751
15372759
15372769
15372937
15372959
15373051
15373223
15373577
15373599
15373795
15374301
15374361
15374395
15374453
15374477
15374549
15374569
15374845
15374977
15375143
15375309
15375383
15375455
15375753
15376021
15376259
15376335
15376519
15376557
15376647
15376771
15377119
15377217
15377231
15377301
15377365
15377377
15377631
15377881
15378545
15378791
15378989
15379027
15379133
15379231
15379329
15379933
15380023
15380063
15380103
15380147
15380171
15380195
15380219
15380291
15380669
15380733
15380897
15381057
15381083
15381187
15381423
15381505
15381579
15381613
15381707
15381943
15382241
15382351
15382429
15382841
15382849
15383077
15383089
15383111
15383119
15383349
15383447
15383701
15383879
15383965
15383973
15384053
15384237
15384475
15384539
15384959
15384995
15385001
15385315
15385367
15385385
15385427
15385465
15385511
15385659
15385733
15385881
15386151
15386153
15386461
15386649
15386709
15386751
15386845
15386875
15386961
15387033
15387265
15387293
15387343
15387585
15387701
15387885
15387909
15388017
15388089
15388115
15388201
15388439
15388801
15388899
15388941
15389005
15389069
15389099
15389169
15389349
15389435
15389477
15389575
15389643
15389757
15389965
15390047
15390113
15390351
15390463
15390689
15390745
15390833
15390909
15391391
15391951
15392563
15392585
15392597
15392715
15392741
15392963
15393275
15393297
15393377
15393505
15393601
15393983
15394497
15394507
15394693
15394879
15395005
15395243
15395271
15395433
15395509
15395933
15396217
15396553
15396909
15397007
15397237
15397329
15397335
15397339
15397365
15397491
15398157
15398353
15398381
15398537
15398561
15398575
15398587
15398645
15398697
15398875
15399075
15399151
15399199
15399211
15399391
15399657
15399667
15399709
15399851
15399901
15399979
15399991
15400089
15400179
15400311
15400821
15400929
15401095
15401245
15401251
15401259
15401269
15401579
15401967
15402219
15402563
15402859
15402917
15402959
15403271
15403379
15403413
15403445
15403475
15403545
15403707
15403887
15404585
15404639
15404673
15404711
15404951
15405327
15405545
15405599
15405917
15405971
15406169
15406279
15406283
15406373
15406529
15406547
15406585
15406695
15406811
15406959
15407093
15407145
15407353
15407531
15407983
15408355
15408493
15408667
15408713
15408783
15409403
15409431
15409527
15409675
15409893
15409983
15410037
15410091
15410095
15410585
15410621
15410669
15410875
15411019
15411101
15411245
15411395
15411455
15411701
15411749
15411813
15411957
15412027
15412151
15412285
15412399
15412703
15412867
15413023
15413053
15413071
15413125
15413215
15413449
15413651
15413703
15413747
15413795
15413937
15414589
15414759
15414775
15414953
15415039
15415045
15415243
15415311
15415315
15415445
15415463
15415481
15415551
15415655
15415665
15415755
15415805
15415813
15416265
15417115
15417145
15417369
15417391
15417415
15417443
15417605
15417741
15417819
15418229
15418273
15418641
15418843
15419049
15419341
15419385
15419473
15419557
15419623
15419643
15419671
15419867
15419993
15420097
15420239
15420251
15420351
15420669
15421069
15421369
15421867
15421931
15421955
15422161
15422207
15422399
15422697
15422777
15423101
15423147
15423169
15423337
15423423
15423959
15424005
15424037
15424453
15424585
15424635
15424655
15424723
15425285
15425495
15425627
15425687
15425791
15425795
15425825
15425855
15425907
15425913
15426029
15426195
15426417
15426433
15426619
15427013
15427023
15427039
15427187
15427303
15427573
15427725
15427877
15427955
15428085
15428091
15428263
15428267
15428493
15428571
15429085
15429089
15429187
15429323
15429395
15429967
15430183
15431055
15431081
15431397
15431415
15431601
15431693
15432049
15432227
15432279
15432349
15432959
15433135
15433271
15433619
15433683
15433937
15433985
15434117
15434241
15434469
15434481
15434551
15434759
15434899
15434997
15435111
15435241
15435311
15435535
15435809
15435973
15436435
15436689
15436737
15436791
15436861
15436993
15437367
15437457
15437637
15437833
15438209
15438233
15438333
15438375
15438439
15438533
15438635
15438699
15438745
15438861
15438897
15439165
15439171
15439435
15439487
15439595
15439673
15439699
15439795
15439823
15439879
15439919
15439937
15440195
15440619
15440765
15440983
15441295
15441807
15441833
15441845
15441847
15442081
15442093
15442207
15442401
15442621
15442677
15442763
15442953
15443285
15443315
15443567
15443617
15444415
15444471
15444639
15444653
15445035
15445141
15445153
15445383
15445547
15445683
15445713
15445745
15445871
15445985
15446117
15446251
15446271
15446329
15446421
15446709
15446773
15446827
15446837
15447191
15447399
15447443
15447473
15447701
15447833
15448013
15448125
15448179
15448763
15449071
15449199
15449227
15449313
15449471
15449651
15449803
15449921
15449989
15450039
15450501
15450855
15450937
15451041
15451543
15451689
15451725
15451921
15451969
15452039
15452047
15452305
15452401
15452415
15452627
15452663
15453509
15453733
15453775
15453875
15453887
15453975
15454115
15454431
15454525
15454589
15454909
15455055
15455543
15455595
15455723
15455785
15455937
15456099
15456255
15456287
15456651
15456775
15456917
15457293
15457567
15457661
15457677
15458019
15458097
15458333
15458393
15458401
15458475
15458717
15458743
15458889
15459023
15459171
15459263
15459323
15459355
15459623
15459917
15459925
15460133
15460269
15460335
15460451
15460455
15460521
15460537
15460979
15461067
15461271
15461379
15461387
15461639
15461679
15461817
15461965
15462017
15462173
15462239
15462267
15462345
15462437
15462767
15462789
15463033
15463227
15463783
15463879
15463909
15463953
15464207
15464211
15464377
15464511
15464819
15464969
15465219
15465431
15465527
15465557
15465663
15465671
15466111
15466269
15466439
15466629
15466695
15466783
15467209
15467401
15468017
15468287
15468337
15468509
15469397
15469527
15469583
15469593
15469625
15469699
15470007
15470065
15470083
15470139
15470145
15470409
15470449
15470539
15470727
15470741
15470757
15470905
15471001
15471091
15471117
15471393
15471491
15471651
15471671
15471813
15471821
15471963
15472061
15472075
15472133
15472253
15472363
15472995
15473393
15473763
15473913
15474163
15474275
15474377
15474541
15474577
15474937
15475285
15475497
15475569
15475641
15475687
15475705
15475727
15476115
15476285
15476291
15476451
15476543
15476791
15476905
15477055
15477063
15477731
15477813
15477835
15477935
15477973
15478433
15478451
15478489
15478569
15478621
15479141
15479481
15479621
15479899
15479935
15479979
15480295
15480489
15480921
15481363
15481481
15481545
15481843
15482457
15482479
15482663
15482665
15482703
15482967
15483043
15483069
15483081
15483377
15483401
15483453
15483599
15483635
15483755
15483761
15483851
15483935
15484375
15484445
15485101
15485397
15485881
15486679
15486727
15486743
15486749
15486927
15487405
15487605
15487629
15487631
15488047
15488559
15488569
15488679
15489145
15489241
15489353
15489361
15489411
15490419
15490735
15490741
15490937
15491009
15491061
15491093
15491103
15491169
15491207
15491297
15491375
15491489
15491859
15491929
15492245
15492551
15492735
15492837
15493075
15493155
15493305
15493551
15493635
15493637
15493765
15493885
15493957
15494119
15494241
15494297
15494421
15494473
15494623
15494791
15494907
15495357
15495379
15495403
15495429
15495469
15495471
15495541
15495599
15495735
15495801
15495987
15496085
15496243
15496281
15496633
15496801
15496819
15497271
15497435
15497883
15497927
15498445
15498937
15499079
15499107
15499181
15499197
15499295
15499645
15499807
15499915
15500081
15500095
15500119
15500413
15500421
15500439
15500479
15500541
15500713
15501081
15501097
15501221
15501231
15501259
15501419
15501451
15501519
15501607
15501649
15501957
15502031
15502033
15502087
15502379
15502395
15502463
15502471
15502485
15502581
15502691
15502711
15502987
15503061
15503133
15503527
15503563
15503681
15503705
15503743
15503765
15504075
15504171
15504591
15504753
15504909
15505035
15505805
15505877
15506135
15506349
15506391
15506601
15506853
15507057
15507349
15507551
15507861
15507877
15507911
15508101
15508139
15508253
15508281
15508415
15508623
15508653
15508723
15508759
15508787
15508879
15508965
15509387
15509443
15509457
15509875
15509975
15510003
15510013
15510091
15510233
15510361
15510401
15510577
15510579
15510703
15510875
15511039
15511109
15511121
15511131
15511265
15511521
15511617
15511651
15511659
15511673
15511875
15512537
15512573
15512659
15512779
15512889
15513109
15513133
15513181
15513187
15513417
15513669
15513681
15513723
15513941
15513955
15514433
15514735
15514929
15515103
15515123
15515733
15515877
15516321
15516381
15516433
15516787
15516955
15516989
15516999
15517137
15517139
15517415
15517465
15517815
15517823
15518133
15518195
15518249
15518419
15519065
15519211
15519267
15519317
15519347
15519457
15519557
15519679
15519757
15520315
15520357
15520497
15520695
15520827
15520959
15521019
15521043
15521557
15521829
15522057
15522151
15522281
15522411
15522711
15522747
15522851
15522975
15523111
15523173
15523357
15523391
15523669
15523813
15523855
15524169
15524203
15524293
15524535
15524559
15524673
15524693
15525003
15525949
15526445
15526617
15526641
15526693
15526707
15526899
15527013
15527065
15527245
15527301
15527321
15527367
15527407
15527531
15527603
15527679
15527777
15527785
15527797
15527897
15528053
15528225
15528317
15528377
15528403
15528491
15528541
15529009
15529087
15529115
15529207
15529267
15529437
15529451
15529705
15529789
15529853
15530005
15530125
15530725
15530741
15530785
15530993
15531123
15531149
15531575
15531689
15531711
15531891
15532109
15532141
15532187
15532823
15532913
15532959
15533371
15533695
15533747
15534393
15534607
15534825
15535033
15535201
15535275
15535295
15535297
15535551
15535775
15535849
15536305
15536419
15536495
15536525
15536607
15536721
15536785
15536839
15536997
15537033
15537319
15537923
15537933
15538151
15538201
15538599
15538937
15538967
15539341
15539411
15539425
15539491
15539717
15539745
15539799
15539913
15539933
15540323
15540435
15540501
15540597
15540669
15541031
15541081
15541163
15541297
15541299
15541677
15541709
15541777
15542079
15542103
15542115
15542597
15542903
15543087
15543199
15543229
15543257
15543297
15543693
15543731
15543781
15543853
15543979
15544025
15544059
15544077
15544129
15544141
15544435
15544569
15544719
15544729
15544769
15544813
15544989
15545045
15545161
15545287
15545361
15545513
15545653
15545767
15545781
15545787
15545861
15545957
15546303
15546397
15546531
15546717
15547247
15547333
15547737
15547851
15547881
15547979
15548025
15548083
15548163
15548471
15548541
15548793
15548835
15549041
15549101
15549147
15549333
15549415
15549457
15549523
15549789
15549879
15550191
15550381
15550689
15550891
15550913
15551085
15551107
15551575
15551855
15551965
15552051
15552393
15552573
15552637
15553159
15553461
15553499
15553593
15553599
15553611
15553719
15553961
15554009
15554093
15554195
15554205
15554305
15554441
15554463
15554513
15554515
15555023
15555229
15555397
15555569
15555697
15555989
15556213
15556363
15556471
15556827
15556863
15556917
15557021
15557345
15557491
15557495
15557753
15557915
15557949
15558109
15558179
15558271
15558457
15558551
15558681
15558765
15558909
15559233
15559297
15559371
15559425
15559547
15559767
15560477
15561083
15561393
15561697
15561725
15561819
15562509
15562647
15562763
15562793
15562817
15562943
15563011
15563053
15563141
15563291
15563335
15563423
15563595
15563735
15563741
15564127
15564197
15564213
15564395
15564509
15564519
15564565
15564911
15565613
15565637
15565639
15565655
15565689
15565815
15565841
15566079
15566225
15566371
15566375
15566399
15566589
15566795
15566927
15567211
15567235
15567251
15567343
15567561
15567673
15568189
15568337
15568343
15568373
15568521
15568741
15568773
15568861
15569007
15569079
15569111
15569167
15569293
15569459
15569515
15569565
15569583
15569605
15569755
15569769
15570189
15570319
15570347
15570505
15570559
15570655
15570879
15571085
15571097
15571163
15571543
15571635
15571871
15572557
15572607
15572661
15572783
15572837
15572887
15573119
15573237
15573305
15573515
15573633
15573705
15573905
15574111
15574333
15574639
15574827
15574929
15574945
15575167
15575347
15575365
15575851
15576009
15576039
15576361
15576445
15576479
15576797
15576859
15576879
15577235
15577253
15577279
15577799
15578111
15578577
15578677
15578687
15578781
15578883
15579167
15579253
15579321
15579393
15579461
15579547
15579747
15579961
15579983
15579997
15580247
15580329
15580523
15580633
15580947
15581111
15581581
15581719
15581939
15582029
15582053
15582055
15582397
15582449
15582587
15582615
15583023
15583159
15583369
15583703
15583735
15583903
15584027
15584349
15584389
15584527
15584565
15584801
15584841
15585449
15585453
15585601
15585649
15585671
15585713
15586219
15586267
15586809
15586901
15587025
15587111
15587331
15587603
15587609
15587671
15587899
15588261
15588595
15588605
15588841
15589005
15589103
15589355
15589447
15589713
15589883
15589895
15589907
15589997
15590293
15590649
15591125
15591201
15591247
15591625
15591921
15592027
15592205
15592361
15592363
15592445
15592549
15592905
15592965
15592979
15593071
15593115
15593249
15593267
15593403
15593437
15593775
15593885
15594279
15594709
15595393
15595419
15595561
15595631
15595641
15596269
15596289
15596355
15596477
15596505
15596771
15596831
15597179
15597181
15597225
15597361
15597515
15597677
15597847
15597857
15598037
15598117
15598259
15598373
15598397
15598465
15598515
15598537
15598691
15598823
15599189
15599191
15599519
15599581
15599707
15600107
15600235
15600373
15600497
15600839
15600871
15600887
15600897
15600967
15601011
15601041
15601069
15601105
15601405
15601551
15601665
15601667
15601681
15601999
15602711
15602875
15602937
15603177
15603443
15603657
15603737
15603807
15604029
15604353
15604367
15604483
15604657
15604693
15605021
15605233
15605261
15605339
15605525
15605667
15605933
15605961
15606123
15606289
15606349
15606383
15606427
15606523
15606533
15606805
15606835
15606933
15607221
15607381
15607473
15607731
15607847
15607905
15608025
15608115
15609017
15609395
15609809
15609961
15610177
15610243
15610341
15610453
15610531
15610557
15610733
15610799
15610921
15611133
15611155
15611283
15611571
15611601
15611701
15611765
15611785
15611969
15612217
15612233
15612285
15612341
15612371
15612481
15612547
15612569
15612737
15612945
15613021
15613035
15613039
15613211
15613501
15613503
15613505
15613507
15613847
15613893
15613907
15613915
15614077
15614109
15614321
15614333
15614491
15614813
15614899
15615015
15615049
15615265
15615293
15615325
15615337
15615527
15615573
15615789
15616031
15616127
15616311
15616593
15616723
15616725
15616809
15616879
15616969
15617095
15617117
15617215
15617225
15617463
15617713
15618253
15618255
15618655
15619061
15619445
15619533
15619699
15620409
15620493
15620547
15620651
15620705
15620831
15620885
15620941
15620973
15621017
15621443
15621581
15621585
15621741
15621901
15622651
15622939
15623459
15623573
15623819
15623821
15624011
15624077
15624085
15624163
15624219
15624405
15624587
15624619
15624867
15624911
15625079
15625281
15625285
15625439
15625687
15625923
15625987
15626395
15626445
15626653
15626715
15626991
15627051
15627059
15627987
15628137
15628143
15628217
15628221
15628371
15628753
15629039
15629047
15629061
15629691
15629759
15629815
15629965
15630035
15630077
15630225
15630255
15630361
15630411
15630569
15630781
15630819
15630963
15631017
15631021
15631309
15631571
15631659
15631661
15631711
15631715
15631837
15631903
15631985
15632233
15632351
15632357
15632533
15632535
15632659
15632779
15633251
15633451
15633493
15633565
15633571
15633603
15633629
15633741
15634007
15634055
15634249
15634297
15634367
15634375
15634421
15634739
15634801
15635089
15635291
15635809
15636079
15636379
15636627
15636681
15636915
15636937
15637251
15637389
15637803
15638023
15638269
15638341
15638711
15638793
15638945
15638981
15639255
15639271
15639363
15639421
15639555
15639807
15639963
15639997
15640057
15640123
15640415
15640445
15640505
15640521
15640793
15640977
15641247
15641273
15641283
15641447
15641477
15641643
15641681
15642179
15642513
15642803
15642813
15642827
15642853
15643091
15643643
15643807
15644101
15644103
15644217
15644285
15644377
15644385
15644575
15644673
15644773
15644905
15645023
15645355
15645377
15645509
15645661
15645803
15645841
15645869
15645931
15645963
15646269
15646317
15646341
15646427
15646443
15646897
15646917
15646947
15647215
15647513
15647653
15647723
15647733
15648033
15648259
15648265
15648387
15648499
15648563
15648971
15649047
15649117
15649407
15649463
15649693
15649767
15649775
15650137
15650147
15650185
15650379
15650633
15650837
15651029
15651079
15651577
15651591
15651805
15652107
15652365
15652509
15652687
15653311
15653347
15653461
15653537
15653799
15653801
15653867
15654213
15654585
15654737
15654851
15655285
15655571
15655901
15655953
15656237
15656383
15656449
15656455
15656685
15656735
15656747
15656975
15657095
15657245
15657287
15657483
15657505
15658201
15658329
15658367
15658561
15658599
15658611
15658615
15658783
15658947
15659207
15659293
15659305
15659363
15659475
15659487
15659859
15659883
15659979
15660097
15660461
15660487
15660551
15660611
15660691
15660733
15660743
15660857
15660899
15661011
15661115
15661261
15661333
15661385
15661717
15662017
15662533
15662555
15662579
15662871
15663285
15663441
15663865
15664249
15664379
15664561
15664695
15664711
15665223
15665277
15665493
15665697
15665763
15666025
15666189
15666325
15666479
15666589
15666665
15666857
15666875
15667059
15667103
15667127
15667195
15667215
15667259
15667271
15667457
15667467
15667541
15667603
15667657
15667689
15667785
15668353
15668619
15668661
15668715
15668819
15668981
15668995
15669321
15669539
15669559
15669671
15670405
15670479
15670647
15670685
15670689
15670787
15671391
15671479
15671547
15671597
15671617
15671651
15671753
15671873
15671879
15672121
15672145
15672165
15672225
15672327
15672329
15672389
15672619
15672657
15672809
15673035
15673293
15673353
15673355
15673851
15673933
15673941
15673943
15674147
15674149
15674915
15675159
15675615
15675745
15675867
15675927
15675947
15676075
15676189
15676563
15676665
15676681
15676807
15677085
15677367
15677369
15677417
15677421
15677871
15677885
15678061
15678283
15678305
15678491
15678533
15678723
15678757
15679065
15679085
15679139
15679229
15679363
15679365
15679411
15679417
15679431
15679513
15679529
15679675
15679733
15679851
15679889
15680613
15680639
15680801
15680837
15680847
15680881
15680999
15681063
15681083
15681119
15681303
15681329
15681341
15681797
15682005
15682157
15682363
15682451
15682455
15682529
15682773
15682797
15682837
15682839
15683253
15683287
15683509
15683633
15683677
15683949
15684029
15684109
15684347
15684535
15685089
15685273
15685681
15685897
15686407
15686551
15686653
15686751
15686757
15686761
15686793
15686863
15687035
15687141
15687419
15687479
15687577
15687653
15687659
15687691
15687767
15687949
15688057
15688377
15688387
15688591
15688631
15688765
15689007
15689023
15689153
15689157
15689337
15689477
15689735
15689793
15689849
15690373
15690509
15690569
15690673
15690765
15690823
15690985
15691343
15691349
15691441
15691517
15691575
15691595
15691703
15691865
15692015
15692343
15692427
15692695
15692751
15692903
15693081
15693193
15693427
15693439
15693535
15693575
15693729
15693737
15693935
15694233
15694397
15694603
15694651
15694693
15694717
15694729
15694791
15694839
15695551
15695767
15696001
15696033
15696121
15696309
15696313
15696717
15696841
15696907
15696981
15697103
15697199
15697527
15697637
15697685
15697737
15697873
15698049
15698337
15698463
15699193
15699623
15699755
15699959
15699973
15700089
15700187
15700307
15700309
15700419
15700547
15700759
15700771
15700873
15700891
15700957
15701033
15701073
15701087
15701115
15701159
15701163
15701207
15701247
15701607
15701775
15701863
15701875
15701923
15702379
15702431
15702639
15702681
15702713
15702951
15702963
15703041
15703081
15703319
15703489
15703525
15703679
15703791
15703885
15703931
15704155
15704241
15704313
15704431
15704473
15704613
15704687
15704711
15704717
15704847
15704949
15705187
15705205
15706021
15706121
15706189
15706245
15706283
15706401
15706433
15706671
15706849
15706901
15707081
15707335
15708111
15708163
15708263
15708577
15708663
15708725
15708951
15709117
15709163
15709257
15709451
15709475
15709507
15709631
15709639
15709669
15709975
15709981
15710385
15710463
15710559
15710661
15710677
15711029
15711143
15711149
15711677
15711767
15711923
15711967
15712061
15712109
15712179
15712535
15712541
15712627
15712693
15712695
15712979
15713037
15713207
15713511
15713785
15713809
15713917
15713967
15714017
15714275
15714345
15714515
15714519
15714581
15714649
15714729
15714841
15715325
15715441
15715611
15715625
15715701
15715727
15715795
15715799
15715887
15716255
15716279
15716611
15716925
15716931
15716979
15717037
15717107
15717171
15717319
15717347
15717515
15717745
15718017
15718061
15718255
15718369
15718441
15718531
15718547
15718565
15718583
15718689
15718713
15718925
15719021
15719073
15719279
15719333
15719349
15719415
15719423
15719719
15719799
15719987
15720031
15720077
15720097
15720357
15720927
15720949
15720951
15721029
15721061
15721231
15721303
15721387
15721611
15721965
15722145
15722185
15722333
15722555
15722647
15722831
15723013
15723331
15723361
15723643
15724417
15724595
15724619
15724789
15724927
15724941
15725253
15725301
15725355
15725423
15725517
15725801
15725883
15725895
15726189
15726203
15726433
15726503
15726575
15726597
15726633
15726907
15727005
15727081
15727189
15727233
15727389
15727505
15727561
15727755
15728005
15728031
15728113
15728171
15728457
15728563
15728959
15729001
15729019
15729055
15729105
15729139
15729889
15730355
15730685
15730795
15730969
15730985
15730991
15731097
15731199
15731207
15731223
15731605
15731839
15731937
15732127
15732251
15732349
15732423
15732543
15733047
15733625
15733723
15733747
15733939
15733945
15734081
15734215
15734927
15735005
15735045
15735119
15735349
15735371
15735871
15735939
15736363
15736417
15736423
15736681
15737151
15737357
15737375
15737549
15737989
15738017
15738095
15738323
15738543
15738887
15739241
15739279
15739327
15739741
15739777
15740263
15740421
15740449
15740557
15740573
15740675
15740703
15740795
15741001
15741023
15741221
15741231
15741279
15741311
15741605
15741623
15741663
15741717
15741743
15741871
15741925
15742063
15742539
15742547
15742775
15742793
15742809
15742869
15742901
15742929
15743059
15743455
15743639
15743653
15743851
15743941
15744057
15744125
15744153
15744289
15744733
15745063
15745257
15745503
15745565
15745591
15745833
15745843
15745883
15745919
15745927
15745969
15746079
15746199
15746387
15746651
15747105
15747201
15747559
15748107
15748271
15748577
15748585
15748595
15748607
15748751
15748927
15748947
15749005
15749355
15749413
15749431
15749525
15749941
15750001
15750155
15750567
15750637
15750971
15751053
15751071
15751113
15751225
15751423
15751487
15751727
15752133
15752273
15752757
15752881
15752937
15752939
15753015
15753137
15753263
15753385
15753555
15753677
15753743
15753861
15753895
15753981
15754029
15754109
15754153
15754231
15754249
15754315
15754589
15754683
15755595
15755887
15756013
15756215
15756329
15756373
15756889
15756909
15756929
15756999
15757477
15757507
15757565
15758057
15758275
15758289
15758299
15758975
15759383
15759465
15759623
15759625
15759671
15759819
15760035
15760205
15760221
15760519
15760601
15760789
15760925
15760945
15760981
15761115
15761129
15761281
15761323
15761327
15761471
15761513
15761555
15762105
15762157
15762273
15762293
15762411
15762467
15762525
15762895
15763401
15763423
15763617
15764131
15764261
15764393
15764553
15764667
15764721
15764779
15764835
15764953
15764993
15765199
15765537
15765587
15765885
15765931
15766023
15766185
15766331
15766381
15766519
15766593
15766641
15766749
15766755
15766793
15766821
15766851
15767091
15767303
15767525
15767611
15767899
15768015
15768127
15768277
15768649
15768667
15768817
15769143
15769275
15769411
15769435
15769455
15769475
15769495
15769567
15769705
15769797
15770003
15770103
15770229
15770365
15770397
15770465
15770821
15771769
15771911
15771941
15772019
15772103
15772249
15772429
15772511
15772701
15772783
15772941
15773025
15773087
15773113
15773401
15773473
15773487
15773683
15773721
15773807
15773859
15773921
15773997
15774091
15774201
15774499
15774517
15774715
15774941
15774993
15775459
15775487
15775529
15775545
15775589
15775623
15775693
15775697
15775757
15775773
15776153
15776201
15776291
15776499
15776785
15777025
15777225
15777559
15777675
15777683
15777713
15777731
15778117
15778159
15778289
15778357
15778459
15778741
15778759
15778771
15778857
15778885
15778989
15779061
15779225
15779279
15779355
15779449
15779523
15779615
15779623
15779637
15779771
15779885
15780005
15780675
15780741
15780773
15780941
15781057
15781371
15781473
15781499
15781869
15782161
15782269
15782329
15782455
15782777
15782783
15782813
15782829
15783131
15783247
15783411
15783729
15784019
15784175
15784321
15784337
15784357
15784555
15784649
15784713
15784759
15784931
15785213
15785335
15785341
15785393
15785429
15785461
15785547
15785725
15785935
15786111
15786501
15786773
15786921
15786947
15786951
15786967
15787013
15787251
15787357
15787425
15787539
15787549
15787665
15787887
15787899
15787949
15788117
15788153
15788155
15788313
15788357
15788361
15788367
15789269
15789483
15789575
15789697
15789995
15790185
15790195
15790309
15790321
15790325
15790467
15790573
15790619
15790631
15790683
15790751
15791031
15791595
15791669
15791677
15791839
15791875
15792001
15792005
15792085
15792109
15792263
15792287
15792355
15792515
15792655
15792845
15792895
15792967
15793115
15793137
15793207
15793803
15793999
15794047
15794255
15794271
15794391
15794735
15794739
15794795
15794825
15794863
15794973
15795275
15795563
15795589
15795739
15795867
15795871
15795897
15795937
15795971
15796387
15796409
15796627
15796891
15796939
15797285
15797307
15797341
15797427
15797517
15797611
15797677
15797763
15797841
15797869
15798249
15798373
15798543
15798611
15798773
15798803
15799159
15799187
15799245
15799591
15799671
15799905
15800159
15800277
15800291
15800459
15800565
15800797
15800819
15800837
15800957
15801133
15801139
15801301
15801467
15801629
15801749
15802077
15802183
15802189
15802197
15802273
15802361
15802509
15802755
15802781
15802905
15803103
15803123
15803235
15803423
15803461
15803617
15803675
15803843
15803901
15804225
15804357
15804425
15804941
15805019
15805073
15805083
15805115
15805175
15805263
15805397
15805401
15805537
15805815
15806263
15806515
15806737
15806795
15807161
15807171
15807225
15807249
15807297
15807611
15807757
15807933
15808037
15808057
15808159
15808289
15808443
15808587
15808605
15809529
15809573
15809767
15809885
15809903
15809937
15810047
15810127
15810311
15810363
15810413
15810477
15810499
15810607
15810787
15810811
15811169
15812129
15812259
15812537
15812639
15812657
15812713
15813031
15813055
15813171
15813203
15813447
15813525
15813535
15813545
15813785
15813815
15813923
15813957
15814283
15814393
15814551
15814703
15814909
15814995
15815033
15815455
15815493
15815641
15815645
15815789
15816075
15816275
15816313
15816419
15816705
15817207
15817253
15817493
15817571
15817583
15817589
15817609
15817809
15817897
15818045
15818203
15818489
15818623
15818659
15818663
15819119
15819443
15819461
15819521
15819551
15819939
15820637
15820681
15820801
15821149
15821227
15821535
15821591
15821693
15821863
15821885
15821923
15822147
15822255
15822333
15822337
15822357
15822405
15822453
15822707
15822971
15823129
15823231
15823371
15823447
15823643
15823767
15823943
15824111
15824329
15824361
15824617
15824677
15824689
15824767
15825321
15825397
15825477
15825633
15825821
15826015
15826135
15826371
15826797
15826931
15827079
15827285
15827319
15827325
15827383
15827627
15827777
15827791
15827909
15828045
15828097
15828179
15828201
15828333
15828385
15828471
15828503
15828593
15828853
15828893
15828895
15829015
15829419
15829469
15829491
15829613
15829629
15829717
15829777
15829897
15829923
15830165
15830203
15830565
15830729
15830773
15830837
15831291
15831911
15831971
15831989
15832023
15832033
15832085
15832093
15832171
15832181
15832317
15832327
15832343
15832489
15832501
15832583
15832641
15832923
15832969
15833277
15833377
15833481
15833725
15833849
15834105
15834109
15834183
15834447
15834713
15834901
15834929
15835279
15835331
15835395
15835419
15835421
15836191
15836247
15836489
15836597
15836985
15837187
15837275
15837583
15837675
15837781
15837941
15838347
15838479
15838545
15838693
15838765
15838997
15839065
15839117
15839167
15839347
15839469
15839513
15839595
15839847
15839881
15839943
15839993
15840189
15840289
15840449
15840741
15840809
15841097
15841331
15841435
15841661
15841671
15842021
15842129
15842161
15842349
15842529
15842641
15842651
15842733
15842923
15843239
15843267
15843693
15843757
15843777
15843787
15843809
15844609
15844621
15844663
15844873
15844933
15845459
15845813
15846121
15846209
15846393
15846761
15846929
15847091
15847213
15847863
15848049
15848061
15848221
15848983
15849449
15849505
15849599
15849925
15850013
15850149
15850177
15850413
15851395
15851529
15851579
15851803
15851825
15851857
15851977
15852011
15852275
15852731
15852835
15853227
15853403
15853433
15853449
15853595
15853655
15853671
15853801
15853905
15854247
15854455
15854625
15854641
15854801
15854891
15854945
15855081
15855087
15855251
15855259
15855317
15855419
15855779
15855833
15855843
15855933
15855943
15856049
15856235
15856403
15856637
15856641
15856785
15856905
15856945
15857073
15857129
15857185
15857361
15857431
15857599
15857675
15857677
15857813
15858095
15858237
15858281
15858303
15858869
15859139
15859175
15859249
15859297
15859303
15859965
15859967
15860061
15860299
15860529
15860665
15860915
15861059
15861061
15861249
15861533
15861585
15861661
15861753
15862269
15862491
15862575
15862651
15862751
15863367
15863411
15863421
15863423
15863555
15863647
15863851
15863991
15864063
15864221
15864241
15864295
15864373
15864769
15864993
15865011
15865143
15865279
15865435
15865509
15865679
15865981
15866051
15866237
15866295
15866373
15866415
15866535
15866885
15867211
15867363
15867411
15867479
15867489
15867509
15867539
15867615
15867633
15867661
15867753
15867765
15867825
15868123
15868151
15868555
15868861
15868869
15868895
15869179
15869483
15869805
15869877
15869901
15870031
15870155
15870179
15870341
15870395
15870731
15870923
15871041
15871093
15871135
15871171
15871221
15871955
15872143
15872261
15872263
15872325
15872459
15872643
15872943
15873175
15873485
15873551
15873563
15873715
15873787
15873911
15873919
15873921
15874083
15874417
15874875
15875089
15875325
15875469
15875601
15875797
15875937
15876053
15876103
15876155
15876257
15876341
15876481
15876589
15876707
15876721
15876775
15876837
15876839
15876955
15877091
15877283
15877311
15877965
15877971
15878521
15878683
15879253
15879317
15879377
15879785
15879917
15880049
15880163
15880201
15880209
15880257
15880583
15880589
15880635
15880645
15880829
15881031
15881253
15881289
15881355
15881681
15881769
15881911
15882031
15882205
15882293
15882499
15882759
15882819
15882913
15882965
15882979
15883097
15883119
15883249
15883293
15883353
15883489
15883569
15883699
15883823
15883951
15884129
15884231
15884283
15884431
15884441
15884635
15884823
15884861
15884911
15884999
15885037
15885055
15885179
15885253
15885559
15885781
15885971
15886007
15886147
15886331
15886571
15886663
15886725
15886843
15886875
15886931
15887239
15887271
15887373
15887435
15887745
15888025
15888195
15888333
15888347
15888397
15888975
15888999
15889371
15889487
15889525
15889689
15889915
15890003
15890091
15890155
15890301
15890409
15890489
15890661
15891189
15891391
15891441
15891529
15891621
15892029
15892145
15892211
15892325
15892387
15892395
15892521
15892559
15892741
15892751
15892761
15892773
15892815
15892905
15892969
15893259
15893347
15893711
15893733
15893899
15894267
15894465
15894543
15894559
15894735
15895173
15895179
15895407
15895477
15895633
15895735
15895867
15895925
15896077
15896125
15896225
15896255
15896437
15896471
15896619
15896711
15896893
15896949
15897041
15897101
15897177
15897283
15897973
15898257
15898293
15898309
15898343
15898377
15898513
15898901
15898907
15899101
15899147
15899203
15899285
15899443
15899683
15899717
15899883
15900039
15900069
15900253
15900323
15900327
15900383
15900497
15900583
15900599
15900729
15900749
15900753
15900949
15901261
15901435
15901441
15901571
15901597
15901703
15902099
15902197
15902263
15902683
15902767
15903145
15903301
15903399
15903623
15903637
15904155
15904249
15904729
15905351
15905489
15905669
15905691
15905953
15905995
15906063
15906295
15906401
15906909
15906921
15907137
15907239
15907311
15907701
15907899
15907959
15908143
15908157
15908375
15908539
15908655
15908773
15908905
15909113
15909427
15909885
15910111
15910123
15910189
15910301
15910553
15910589
15910811
15911153
15911467
15911561
15911805
15912495
15912515
15913027
15913075
15913581
15913745
15913839
15913879
15914595
15914603
15914631
15914689
15914843
15914961
15915119
15915491
15915551
15915603
15915611
15915701
15915831
15915859
15915897
15915917
15915919
15915941
15915965
15916041
15916113
15916217
15916227
15916377
15916431
15916439
15916821
15917081
15917163
15917369
15917697
15917805
15918093
15918197
15918199
15918327
15918533
15918563
15919023
15919391
15919539
15919599
15919743
15919825
15919949
15920003
15920081
15920275
15920365
15920421
15920663
15920757
15921137
15921191
15921323
15921929
15921959
15922387
15922559
15922655
15922701
15922731
15922741
15923137
15923177
15923573
15923649
15923817
15924291
15924373
15924473
15924521
15924571
15924751
15924969
15925339
15925439
15925573
15925649
15925771
15926033
15926319
15926323
15926377
15926419
15926539
15926631
15926811
15927289
15927365
15927501
15927587
15927741
15928347
15929005
15929221
15929287
15929333
15929495
15929727
15929849
15929945
15930085
15930157
15930269
15930361
15930503
15930811
15930899
15930999
15931055
15931241
15931531
15931699
15931701
15931713
15931875
15931923
15933151
15933311
15933669
15933713
15934209
15934271
15934331
15934445
15934593
15934661
15934689
15934829
15934991
15935077
15935311
15935321
15935399
15935421
15935521
15935599
15935815
15935831
15936197
15936239
15936265
15936289
15936579
15936851
15937105
15937161
15937281
15937389
15937407
15937535
15937839
15937843
15937985
15937999
15938233
15938371
15938759
15938823
15939267
15939321
15939461
15939575
15939789
15939915
15940025
15940399
15940441
15940453
15940683
15940781
15940951
15941749
15941963
15941995
15942105
15942767
15942779
15943079
15943103
15943119
15943235
15943757
15944025
15944033
15944177
15944395
15944495
15944565
15944599
15944657
15944669
15944719
15944775
15944957
15945037
15945085
15945127
15945295
15945325
15945397
15945467
15945809
15945897
15946005
15946297
15946593
15946665
15946795
15947051
15947699
15947819
15947991
15948087
15948105
15948215
15948331
15948511
15948543
15948663
15948699
15948765
15949005
15949087
15949103
15949107
15949161
15949333
15949365
15949605
15949763
15949831
15949869
15949943
15950251
15950599
15950629
15950861
15950957
15951443
15951531
15951735
15951769
15951949
15952037
15952125
15952195
15952197
15952391
15952737
15952769
15952833
15952991
15953109
15953189
15953201
15953221
15953273
15953639
15953793
15953821
15953889
15954235
15954263
15954407
15954781
15954817
15954879
15955263
15955387
15955837
15955839
15955885
15955907
15956257
15956273
15956465
15956569
15956615
15956661
15956793
15956921
15957103
15957235
15957301
15957465
15957529
15957883
15957915
15957935
15958079
15958367
15958471
15958479
15958575
15958647
15958735
15958737
15958757
15959023
15959103
15959187
15959965
15960007
15960105
15960305
15960307
15960481
15960523
15960641
15960683
15961091
15961693
15961947
15962067
15962719
15962883
15963179
15963401
15963613
15963633
15963775
15963911
15963947
15964367
15964381
15964439
15964447
15964523
15964581
15964909
15965073
15965165
15965667
15965763
15965839
15966057
15966319
15966323
15966357
15966633
15966737
15967017
15967625
15967657
15967725
15968171
15968215
15968319
15968431
15968509
15968535
15968569
15968767
15968819
15969031
15969133
15969223
15969567
15969629
15969997
15970035
15970107
15970131
15970135
15970199
15970267
15970271
15970417
15970491
15970609
15970649
15970723
15970809
15970915
15970961
15970977
15970989
15971045
15971087
15971325
15971505
15971565
15971579
15971677
15971815
15972051
15972425
15972687
15972711
15972757
15972885
15973255
15973297
15973609
15973649
15973653
15973785
15974201
15974223
15974457
15974459
15974615
15974847
15974973
15975099
15975247
15975275
15975337
15975339
15975405
15975819
15975917
15975955
15976267
15976275
15976357
15976519
15976607
15976663
15976985
15977097
15977159
15977221
15977235
15977259
15977519
15977677
15977751
15977781
15977849
15978141
15978303
15978305
15978451
15978653
15978697
15978775
15978921
15979013
15979129
15979269
15979287
15979385
15979785
15979799
15979861
15979965
15980009
15980141
15980175
15980243
15980261
15980305
15980649
15980923
15981057
15981107
15981117
15981219
15981307
15981447
15981527
15981535
15981543
15981823
15981949
15982859
15982971
15983071
15983085
15983311
15983329
15983533
15983589
15983669
15983795
15984275
15984853
15985005
15985091
15985177
15985337
15985557
15985593
15985643
15985759
15985963
15986299
15986353
15986383
15986921
15987073
15987431
15987713
15988521
15989123
15989183
15989473
15989729
15989841
15989849
15990405
15990453
15990497
15990513
15990573
15990759
15990815
15990873
15991053
15991157
15991293
15991339
15991553
15991707
15991825
15991907
15992021
15992075
15992115
15992253
15992263
15992461
15992727
15992731
15992757
15993239
15993361
15993415
15993731
15993783
15993819
15994045
15994159
15994201
15994273
15994347
15994377
15994559
15994789
15994837
15995023
15995063
15995109
15995257
15995427
15995531
15995555
15995615
15996017
15996173
15996291
15996433
15996849
15996897
15996913
15997135
15997441
15997551
15997751
15997763
15997845
15997851
15998299
15998307
15998539
15998615
15998767
15998783
15998827
15998861
15998947
15998979
15999115
15999277
15999461
15999475
15999529
15999763
15999907
15999911
