# proven primes: b with (b^32+1)/2 prime (aprcl), block [16000000,17000000)
16000025
16000083
16000135
16000147
16000241
16000311
16000669
16000693
16001113
16001353
16001479
16001575
16001857
16002529
16002595
16002647
16003269
16003311
16003315
16003373
16003483
16003587
16003667
16003997
16004029
16004067
16004101
16004495
16004509
16004641
16004715
16004779
16004887
16005019
16005113
16005183
16005319
16005467
16005553
16005921
16005959
16006447
16006571
16006631
16006701
16007183
16007473
16007635
16007791
16007873
16007881
16007909
16008047
16008169
16008171
16008561
16008673
16008727
16009129
16009351
16009373
16009471
16009579
16009605
16009897
16010085
16010199
16010453
16010583
16010615
16010685
16011037
16011229
16011483
16011587
16011819
16012027
16012161
16012345
16012397
16012421
16012483
16012507
16012729
16012843
16012963
16013149
16013381
16013413
16013569
16013803
16013871
16013927
16013979
16014063
16014137
16014247
16014497
16014539
16014641
16014643
16014759
16014827
16014919
16015253
16015553
16015649
16015695
16015861
16015955
16016785
16017213
16017247
16017249
16017401
16017649
16017735
16017751
16017761
16018121
16018145
16018231
16018279
16018287
16018343
16018455
16018475
16018651
16018941
16019449
16019565
16019633
16020323
16020629
16020753
16020839
16020881
16020887
16020949
16021457
16021467
16021739
16021785
16022133
16022275
16022283
16022559
16022705
16022815
16023025
16023103
16023123
16023301
16023305
16023391
16023435
16023727
16023835
16023851
16023867
16023879
16024189
16024201
16024237
16024243
16024579
16025037
16025377
16025407
16025415
16025581
16025891
16025903
16025929
16026001
16026173
16026211
16026259
16026431
16026859
16026899
16026993
16027059
16027111
16027261
16027737
16027805
16027817
16027861
16027871
16027963
16027987
16028093
16028239
16028395
16028607
16028623
16028829
16029031
16029365
16029583
16029717
16029805
16029877
16029947
16029967
16030081
16030225
16031095
16031121
16031497
16031747
16031835
16031897
16032015
16032169
16032479
16032529
16032701
16032933
16033005
16033287
16033493
16033645
16033809
16033991
16034105
16034223
16034361
16034715
16034963
16034987
16035043
16035153
16035443
16035739
16035779
16035873
16035933
16036041
16036063
16036131
16036159
16036221
16036319
16036333
16036391
16036419
16036471
16036779
16037195
16037323
16037631
16038025
16038091
16038145
16038171
16038227
16038283
16038427
16038431
16038613
16038617
16039385
16039399
16039573
16039627
16039675
16039705
16039929
16039955
16040175
16040251
16040271
16040453
16040689
16040909
16041049
16041211
16041273
16041405
16041673
16041697
16041731
16042401
16042417
16042917
16042977
16043261
16043681
16043851
16044039
16044243
16044301
16044383
16044409
16044467
16044977
16045363
16045405
16045445
16045787
16045827
16045925
16045977
16046297
16046323
16046469
16046501
16046585
16047049
16047281
16047769
16048005
16048487
16048573
16048727
16048987
16049117
16049223
16049403
16049535
16049607
16049729
16049779
16050223
16050251
16050447
16050851
16051175
16051177
16051275
16051415
16051667
16051921
16051931
16052277
16052311
16052589
16052599
16052791
16052823
16053077
16053151
16053239
16053313
16053317
16053395
16053529
16053665
16053733
16053735
16054233
16054353
16054405
16054891
16054989
16055153
16055173
16055485
16055527
16055541
16055549
16055619
16055721
16055805
16055859
16055871
16055945
16056057
16056135
16056393
16056439
16056517
16056731
16056775
16057103
16057111
16057277
16057391
16057533
16057539
16057735
16057737
16057791
16057925
16057937
16057989
16058209
16058211
16058325
16058345
16058589
16058849
16059525
16059587
16059657
16059983
16060029
16060125
16060405
16060785
16060829
16060855
16060911
16060959
16061159
16061267
16061313
16061651
16061677
16061701
16061841
16062061
16062137
16062217
16062247
16062277
16062475
16062495
16062587
16062767
16062773
16062809
16062889
16063077
16063397
16063707
16063753
16063797
16063993
16064097
16064169
16064247
16064407
16064547
16064569
16064733
16064787
16064839
16065443
16065535
16066257
16066293
16066329
16066757
16066931
16067057
16067089
16067195
16067347
16067449
16067507
16067533
16067793
16067911
16068105
16068125
16068135
16068145
16068217
16068343
16068489
16068623
16068719
16068753
16068931
16069315
16069331
16069611
16069845
16070363
16070487
16070579
16070673
16070729
16070773
16070779
16070881
16070907
16071009
16071231
16071337
16071429
16071441
16071607
16071643
16071907
16072035
16072087
16072147
16072207
16072351
16072581
16072851
16073135
16073261
16073589
16073607
16073879
16074373
16074375
16074615
16074637
16074641
16074817
16075149
16075205
16075241
16075419
16075765
16075837
16075893
16076353
16076373
16076429
16076437
16076449
16076787
16076893
16076969
16077137
16077173
16077301
16077465
16077509
16077635
16078113
16078143
16078885
16079123
16079319
16079445
16079507
16079617
16080143
16080179
16080549
16080797
16080819
16080843
16081023
16081069
16081079
16081081
16081119
16081405
16081595
16081633
16081681
16081871
16081943
16082019
16082119
16082125
16082483
16082595
16082773
16083015
16083077
16083121
16083123
16083265
16083355
16083621
16083957
16084081
16084093
16084271
16084343
16084399
16084783
16084865
16084981
16084991
16085149
16085201
16085649
16085723
16085735
16085835
16085983
16086275
16086491
16086573
16086601
16086671
16086751
16086777
16086807
16087009
16087133
16087247
16087301
16087519
16087553
16087829
16087949
16088093
16088101
16088421
16088535
16089065
16089137
16089143
16089235
16089509
16089527
16089923
16090083
16090151
16090455
16090553
16090569
16090681
16090719
16091227
16091329
16091381
16091671
16091691
16091737
16091979
16092049
16092283
16092565
16092829
16092853
16092915
16092965
16093263
16093349
16093613
16093677
16093833
16094037
16094047
16094179
16094189
16094325
16094385
16094423
16094481
16094655
16094825
16095197
16095207
16095235
16095259
16095307
16095325
16095663
16095691
16095713
16095941
16096137
16096275
16096371
16096607
16096709
16096713
16096791
16096981
16097135
16097351
16097421
16097471
16097507
16097695
16098187
16098227
16098275
16098301
16098465
16098467
16098479
16098617
16099033
16099225
16099659
16100219
16100281
16100391
16100805
16100831
16100995
16101041
16101059
16101137
16101589
16101711
16101719
16101745
16101893
16102087
16102127
16102131
16102239
16102425
16102459
16102579
16102705
16102731
16102821
16102905
16103155
16103157
16103363
16103481
16103583
16103671
16103705
16103877
16103925
16103961
16104281
16104333
16104571
16104607
16104677
16104745
16104831
16104895
16105337
16105413
16105423
16105447
16105513
16105539
16105693
16105803
16105931
16105943
16105997
16106045
16106183
16106219
16106845
16106855
16106899
16106941
16107075
16107077
16107081
16107371
16107385
16107413
16107461
16107717
16107833
16107969
16108021
16108043
16108161
16108381
16108393
16108417
16108911
16108935
16109079
16109083
16109767
16109841
16109873
16110209
16110253
16110315
16110505
16110577
16110977
16111107
16111355
16111437
16111811
16111847
16111861
16111881
16111969
16111973
16112149
16112213
16112413
16112753
16113133
16113159
16113487
16113627
16113661
16113737
16113759
16113811
16113835
16114339
16114361
16114415
16114417
16114513
16114521
16114543
16114569
16114727
16114851
16114883
16114931
16114999
16115031
16115187
16115359
16115365
16115661
16115823
16116061
16116885
16116909
16116967
16117151
16117189
16117239
16117307
16117631
16117635
16117707
16117761
16117797
16117911
16118303
16118851
16118893
16119089
16119425
16119463
16119501
16119831
16119877
16120133
16120229
16120275
16120295
16120421
16120717
16120749
16120813
16120957
16120969
16121181
16121233
16121475
16121505
16121519
16121669
16121681
16121979
16122231
16122347
16122401
16122583
16122693
16122815
16122943
16123015
16123045
16123067
16123311
16123423
16123493
16123697
16123911
16124171
16124271
16124429
16124733
16125313
16125407
16125445
16125561
16125701
16125871
16126511
16126629
16127013
16127127
16127177
16127311
16127741
16127783
16127847
16128129
16128245
16128287
16128351
16128493
16129125
16129131
16129189
16129313
16129809
16129837
16129963
16130027
16130093
16130105
16130145
16130163
16130335
16130343
16130345
16130555
16130639
16131063
16131195
16131235
16131323
16131755
16132225
16132237
16132305
16132377
16132541
16132647
16132721
16132739
16133057
16133173
16133199
16133433
16133435
16133459
16133475
16133769
16133819
16133917
16133921
16134003
16134775
16134777
16134779
16135159
16135179
16135457
16135639
16135649
16135679
16135823
16135829
16135835
16135983
16136133
16136181
16136535
16136737
16136833
16136853
16136869
16136891
16136923
16136933
16137553
16137557
16137907
16138497
16138745
16138755
16138965
16139311
16139319
16139495
16139511
16139555
16139633
16139679
16139733
16139767
16139899
16139983
16140051
16140357
16140373
16140409
16140537
16140565
16140649
16140711
16140825
16140883
16141299
16141393
16141703
16141771
16141955
16141967
16142355
16142457
16142947
16142979
16143013
16143097
16143401
16143533
16143789
16143855
16144073
16144121
16144193
16144503
16144895
16144949
16145125
16145169
16145267
16145429
16145497
16145583
16145593
16145805
16145911
16145931
16146311
16146525
16146537
16146625
16146683
16146691
16146839
16146943
16146995
16147109
16147171
16147393
16147417
16147679
16148015
16148053
16148101
16148143
16148301
16148313
16148739
16148799
16149145
16149157
16149307
16149879
16150171
16150255
16150349
16150401
16150703
16150719
16150779
16150803
16150951
16151011
16151303
16151589
16151993
16152073
16152211
16152253
16152271
16152291
16152297
16152387
16152499
16152511
16152537
16152715
16153113
16153253
16153389
16153425
16153441
16153471
16153611
16153885
16153923
16153965
16154063
16154167
16154309
16154315
16154469
16154615
16154745
16154895
16154919
16154945
16155401
16155435
16155475
16155563
16155695
16155961
16155983
16156007
16156879
16157007
16157085
16157393
16157703
16157853
16157911
16158075
16158157
16158201
16158423
16158525
16158549
16158667
16158749
16158775
16158893
16158929
16159341
16159351
16159567
16159701
16159761
16159839
16159843
16160261
16160383
16160531
16160605
16160677
16160831
16160947
16160981
16161127
16161141
16161183
16161435
16161587
16161663
16161795
16162273
16162415
16162529
16162539
16162623
16162877
16162919
16163217
16163343
16163531
16163775
16163997
16164027
16164213
16164479
16164529
16164677
16164693
16164723
16164739
16165001
16165043
16165117
16165145
16165173
16165319
16165589
16165745
16165939
16166069
16166589
16166687
16166845
16167103
16167669
16167679
16167707
16168053
16168167
16168473
16168485
16168493
16168659
16168719
16168821
16168853
16169053
16169443
16169697
16169703
16169717
16169973
16169983
16170209
16170231
16170291
16170319
16170497
16170681
16170697
16170841
16170865
16170945
16171227
16171343
16171379
16171567
16171641
16171651
16171671
16171699
16171701
16171905
16172041
16172693
16172703
16172783
16172787
16172805
16172861
16173233
16173265
16173335
16173931
16174001
16174079
16174293
16174325
16174377
16174405
16174451
16174463
16174503
16174513
16174521
16174635
16174643
16174667
16174749
16174927
16175275
16175311
16175373
16175549
16175771
16175795
16176041
16176193
16176247
16176347
16176537
16177213
16177451
16177535
16177711
16177715
16177789
16177903
16177959
16178143
16178183
16178401
16178619
16178753
16178883
16178987
16179217
16179311
16179333
16179497
16179591
16179965
16180039
16180047
16180311
16180369
16180405
16180459
16180673
16180693
16180971
16180981
16181007
16181369
16181461
16181575
16181627
16181635
16181665
16181947
16181953
16182015
16182255
16182389
16182801
16182903
16183093
16183203
16183293
16183521
16183549
16183679
16183797
16183859
16184267
16184545
16184595
16184609
16184833
16184845
16184985
16185489
16185535
16185795
16185817
16186111
16186141
16186551
16186663
16186725
16186825
16187023
16187077
16187221
16187303
16187517
16187883
16187945
16187961
16188065
16188669
16188681
16188717
16189691
16189713
16189837
16189853
16189857
16189915
16190055
16190435
16190447
16190527
16190749
16190997
16191077
16191181
16191415
16191723
16191745
16191943
16192409
16192423
16192599
16193195
16193381
16193521
16193749
16194005
16194403
16194441
16194583
16195401
16195451
16195625
16195653
16195761
16195831
16195951
16196271
16196281
16196463
16196635
16196803
16197413
16197579
16197725
16197779
16197781
16197873
16198567
16198647
16198667
16198809
16198855
16198953
16199021
16199217
16199327
16199373
16199485
16199539
16199721
16199733
16199845
16199989
16200131
16200175
16200191
16200213
16200289
16200543
16200791
16200985
16201357
16201463
16201487
16201717
16201767
16201779
16201801
16202071
16202215
16202325
16202407
16202443
16202639
16202733
16202759
16203601
16203707
16203797
16203951
16204029
16204243
16204499
16204531
16204611
16204985
16205021
16205221
16205353
16205389
16205475
16205485
16205619
16205771
16206055
16206063
16206113
16206131
16206173
16206257
16206267
16206735
16206827
16206925
16206979
16207023
16207073
16207111
16207389
16207429
16207497
16207523
16207625
16207685
16207703
16207831
16207987
16208139
16208177
16208247
16208607
16208623
16208637
16208703
16208835
16209069
16209175
16209229
16209735
16210395
16210729
16210991
16211221
16211227
16211761
16211837
16211919
16212135
16212207
16212291
16212381
16212495
16212581
16212749
16212961
16212975
16213309
16213453
16213701
16213705
16213751
16213759
16213873
16213881
16214161
16214181
16214313
16214385
16214651
16215013
16215211
16215433
16215651
16215803
16215807
16215843
16216059
16216153
16216237
16216241
16216569
16216923
16217273
16217275
16217525
16217579
16217635
16217737
16217911
16218061
16218195
16218401
16218719
16219077
16219269
16219357
16219419
16219431
16219965
16220055
16220567
16220571
16220719
16220811
16220919
16220933
16221087
16221309
16221635
16221877
16221891
16221981
16221983
16222099
16222113
16222121
16222233
16222261
16222403
16222781
16222851
16223057
16223199
16223331
16223385
16223571
16223747
16224067
16224229
16224269
16224325
16224425
16224449
16224503
16224715
16224847
16224937
16225167
16225407
16225707
16225731
16225805
16225849
16225873
16225887
16226105
16226129
16226207
16226337
16226375
16226445
16226541
16226615
16227293
16227357
16227423
16227499
16228135
16228175
16228363
16228721
16228765
16228839
16228903
16229217
16229273
16229407
16229569
16229689
16230001
16230143
16230255
16230371
16230417
16230507
16230685
16230807
16231241
16231275
16231283
16231391
16231833
16231961
16232593
16232619
16232677
16232785
16232849
16232929
16233165
16233365
16233503
16233523
16234021
16234087
16234129
16234195
16234223
16234461
16234471
16234689
16234799
16234869
16234909
16235129
16235273
16235501
16235747
16235915
16236025
16236131
16236239
16236361
16236487
16236621
16237241
16237323
16237349
16237391
16237401
16237621
16237945
16238141
16238167
16238393
16238611
16238891
16239047
16239257
16239379
16239413
16239483
16239651
16239663
16239681
16239991
16239997
16240037
16240095
16240203
16240699
16240767
16241029
16241187
16241427
16241527
16241565
16242005
16242029
16242209
16242623
16242773
16243229
16243235
16243319
16243343
16243375
16243457
16243483
16243783
16243855
16244085
16244101
16244267
16244355
16244417
16244545
16244565
16244715
16244803
16244969
16245011
16245613
16245635
16245673
16245685
16245949
16245983
16246287
16246505
16246549
16246897
16246949
16247141
16247313
16247777
16248261
16248309
16248439
16248477
16248723
16248745
16248767
16249053
16249171
16249285
16249499
16249659
16249773
16250213
16250615
16250877
16251017
16251051
16251269
16251645
16251677
16251735
16251851
16251959
16252145
16252197
16252199
16252361
16252407
16252451
16252463
16252521
16252633
16252697
16253075
16253221
16253285
16253443
16253865
16254117
16254219
16254487
16254671
16254889
16254973
16255065
16255259
16255339
16255347
16255479
16255829
16255853
16255883
16256095
16256105
16256207
16256225
16256307
16256439
16256525
16256639
16257169
16257377
16257437
16257795
16257859
16258013
16258375
16258417
16258513
16258595
16258685
16258893
16259183
16259433
16259845
16259863
16260005
16260115
16260141
16260357
16260365
16260579
16260585
16260657
16260687
16260845
16260963
16261149
16261341
16261357
16261413
16261459
16261623
16261903
16262087
16262177
16262315
16262405
16262417
16262463
16262499
16262737
16262943
16262999
16263037
16263137
16263191
16263385
16263499
16263519
16263659
16263911
16263989
16264245
16264771
16265053
16265117
16265237
16265283
16265427
16265739
16265749
16265813
16265905
16266025
16266235
16266449
16266657
16266835
16266839
16267063
16267357
16267393
16267603
16267687
16267723
16267787
16267915
16268055
16268229
16268375
16268525
16268553
16268693
16268751
16268795
16269309
16269729
16269931
16270103
16270393
16270421
16270451
16270665
16270795
16270875
16271119
16271205
16271211
16271299
16271893
16272071
16272197
16272407
16272463
16272571
16272731
16272773
16272879
16273169
16273319
16273581
16273595
16273729
16273887
16273935
16273949
16274039
16274177
16274313
16274333
16274367
16274791
16274809
16274873
16274887
16274963
16274967
16275329
16275721
16275835
16275839
16275993
16276057
16276221
16276467
16276597
16276683
16276687
16276901
16276969
16277037
16277143
16277295
16277361
16277777
16277879
16278021
16278157
16278279
16278319
16278583
16278589
16278617
16278671
16278879
16278957
16279213
16279237
16279273
16279331
16279565
16279657
16279833
16279939
16280307
16280373
16280383
16280527
16280707
16280801
16280937
16280991
16281151
16281153
16281249
16281459
16281479
16281497
16281505
16281527
16281549
16282053
16282093
16282129
16282155
16282337
16282447
16282473
16282591
16282941
16282967
16282999
16283115
16283185
16283495
16283547
16283579
16283605
16283781
16284441
16284611
16285013
16285209
16285213
16285237
16285265
16285381
16285399
16285447
16285467
16285561
16285591
16285619
16285757
16285773
16285793
16285803
16285847
16286349
16286353
16286563
16286621
16286651
16286667
16286675
16286763
16287111
16287113
16287155
16287193
16287327
16287381
16287529
16287725
16287849
16287891
16287947
16288011
16288015
16288151
16288187
16288239
16288559
16288647
16288887
16288935
16289223
16289399
16289659
16289697
16289721
16289823
16289829
16289835
16289865
16289963
16290031
16290055
16290083
16290433
16290667
16290725
16290769
16290909
16291155
16291413
16291501
16291953
16292133
16292379
16292657
16292683
16292771
16292803
16292865
16293221
16293269
16293343
16293749
16293935
16294041
16294063
16294195
16294445
16295133
16295137
16295165
16295211
16295229
16295297
16295395
16295653
16295719
16295811
16295993
16296013
16296575
16296681
16297539
16297571
16297815
16297921
16298137
16298141
16298159
16298293
16298419
16298527
16298707
16298801
16298877
16298933
16299143
16299263
16299297
16299367
16299413
16299553
16299637
16299663
16299913
16299947
16300067
16300165
16300239
16300631
16300863
16301111
16301125
16301289
16301619
16301857
16301981
16302003
16302287
16302627
16302719
16302771
16302857
16303241
16303619
16303703
16303715
16303737
16303861
16303889
16303989
16304441
16304455
16304639
16304967
16305417
16305525
16305553
16305565
16305647
16305649
16305655
16305721
16305755
16305829
16306127
16306277
16306279
16306307
16306325
16306393
16306423
16306601
16306665
16306701
16306791
16307087
16307501
16307545
16307607
16307637
16307841
16307921
16308243
16308355
16308437
16308503
16308547
16308561
16308841
16309181
16309437
16309567
16309593
16309731
16309959
16310025
16310103
16310151
16310189
16310207
16310209
16310273
16310335
16310631
16310713
16310811
16310951
16311199
16311249
16311293
16311325
16311513
16311651
16311749
16311933
16311981
16312047
16312115
16312159
16312407
16312507
16312543
16312597
16312637
16312661
16312957
16313039
16313131
16313169
16313179
16313359
16313535
16313737
16313877
16313981
16314533
16314681
16314843
16315001
16315021
16315209
16315555
16315613
16315645
16315653
16315669
16315727
16315865
16316075
16316109
16316261
16316275
16316377
16316559
16316563
16316659
16316853
16317127
16317201
16317235
16317271
16317431
16317507
16317611
16317651
16317711
16318329
16318785
16318897
16319061
16319349
16319469
16319613
16319641
16319691
16319823
16319851
16320285
16320327
16320449
16320717
16320799
16320909
16321069
16321313
16321335
16321621
16321765
16321949
16321951
16321957
16322033
16322069
16322113
16322191
16322207
16322493
16322547
16322841
16322843
16323211
16323757
16323785
16323955
16323981
16324099
16324143
16324615
16324697
16324769
16324835
16324893
16325001
16325199
16325241
16325623
16325825
16326033
16326441
16326499
16326635
16327561
16327637
16327663
16327705
16327707
16327875
16327921
16328169
16328181
16328343
16328409
16328525
16328603
16328955
16329259
16329283
16329307
16329335
16329381
16329393
16329457
16329683
16329797
16329871
16329963
16330123
16330159
16330393
16330483
16330511
16330543
16330633
16330835
16331057
16331095
16331229
16331609
16331845
16332203
16332223
16332297
16332377
16332541
16332581
16333129
16333131
16333137
16333219
16333349
16333515
16333891
16334007
16334137
16334145
16334427
16334531
16334627
16334705
16334741
16334861
16334933
16335065
16335195
16335333
16335425
16335719
16336189
16336277
16336315
16336463
16336477
16336515
16336801
16337171
16337207
16337271
16337291
16337327
16337645
16337673
16337771
16337883
16338043
16338223
16338229
16338461
16338543
16338615
16338789
16338811
16338825
16338899
16338999
16339003
16339071
16339559
16339829
16339935
16340283
16340309
16340473
16340537
16341055
16341219
16341227
16341359
16341423
16342163
16342165
16342347
16342359
16342407
16342671
16342939
16343005
16343437
16343443
16344027
16344153
16344261
16344357
16344381
16344463
16344509
16344597
16344929
16345069
16345191
16345445
16345461
16345849
16346053
16346225
16346481
16346693
16347053
16347093
16347179
16347405
16347547
16347777
16348025
16348027
16348039
16348129
16348281
16348637
16348643
16348659
16348813
16349087
16349095
16349215
16349417
16349695
16349705
16349739
16349765
16349843
16349961
16350243
16350333
16350349
16350979
16351007
16351035
16351105
16351389
16351425
16351475
16351523
16351545
16351867
16351881
16351933
16351941
16352043
16352067
16352121
16352725
16352739
16352985
16353019
16353127
16353149
16353169
16353385
16353581
16353665
16353879
16353899
16354117
16354207
16354257
16354325
16354415
16354605
16354889
16355133
16355189
16355497
16355511
16355895
16356119
16356137
16356155
16356253
16356333
16356487
16356595
16356647
16356657
16356795
16356823
16357039
16357041
16357181
16357229
16357343
16357447
16357665
16357763
16357801
16357817
16358249
16358301
16358889
16358919
16358965
16359065
16359085
16359109
16359553
16359647
16359653
16359657
16359725
16359931
16360281
16360299
16360347
16360475
16360483
16360753
16360787
16360859
16361015
16361225
16361243
16361425
16361675
16361921
16361987
16362023
16362043
16362245
16362409
16362447
16362543
16362723
16362733
16362973
16363169
16363477
16363543
16363583
16363755
16363849
16363905
16363971
16364215
16364393
16364673
16364815
16365621
16365655
16365701
16365879
16366011
16366203
16366357
16366363
16366543
16366743
16366835
16366963
16367223
16367379
16367993
16368047
16368147
16368331
16368585
16368993
16369081
16369093
16369153
16369157
16369213
16369333
16369391
16369405
16369583
16369823
16369873
16369889
16369891
16370125
16370429
16370435
16370655
16370791
16371033
16371035
16371191
16371459
16371503
16371521
16371585
16371589
16372147
16372401
16372501
16372575
16372821
16372981
16373129
16373729
16374681
16374781
16374813
16374883
16374923
16375005
16375021
16375103
16375351
16375985
16376047
16376077
16376129
16376529
16376613
16376667
16377043
16377111
16377113
16377183
16377273
16377319
16377337
16377449
16377615
16377955
16378017
16378057
16378253
16378481
16378541
16378967
16379015
16379071
16379107
16379139
16379297
16379325
16379355
16379417
16379575
16379645
16379775
16379799
16379961
16380683
16380873
16380927
16380961
16381095
16381109
16381189
16381339
16381385
16381495
16381615
16381793
16381847
16381855
16381889
16382235
16382323
16382387
16382393
16382441
16382539
16382581
16382783
16382811
16382915
16382971
16383083
16383227
16383307
16383425
16383439
16383491
16383545
16383721
16383959
16384113
16384205
16384319
16384371
16384607
16384691
16384719
16384737
16384905
16384983
16385001
16385009
16385375
16385449
16385511
16385557
16385685
16385871
16385911
16386001
16386025
16386283
16386475
16386579
16386673
16386877
16387201
16387345
16387605
16388009
16388187
16388495
16388975
16388987
16389043
16389407
16389585
16389651
16389925
16390125
16390295
16390423
16390567
16390587
16390603
16390897
16390919
16390967
16390993
16391287
16391509
16391605
16391641
16391987
16392083
16392169
16392643
16392671
16392987
16393181
16393417
16393485
16393823
16393881
16394191
16394355
16394513
16394637
16394643
16394663
16394725
16394903
16395075
16395167
16395239
16395457
16395681
16395767
16395925
16395967
16396071
16396079
16396313
16397005
16397051
16397233
16397273
16397513
16397573
16397603
16397941
16397999
16398325
16398505
16398565
16398577
16398609
16398703
16398819
16398823
16398833
16398907
16399057
16399307
16399341
16399373
16399461
16399569
16399587
16399597
16399787
16399885
16399979
16400089
16400261
16400471
16400893
16401063
16401189
16401335
16401373
16401603
16401627
16401641
16401867
16402299
16402425
16402811
16402843
16403063
16403123
16403131
16403429
16403431
16403435
16403607
16403693
16404359
16404615
16404741
16404855
16404893
16404999
16405225
16405307
16405417
16405787
16406117
16406339
16406543
16406713
16406775
16406823
16407013
16407033
16407337
16407551
16407653
16407683
16407711
16407973
16408087
16408181
16408267
16408367
16408583
16408661
16408753
16408815
16408963
16409077
16409311
16409319
16409403
16409631
16409801
16409807
16409945
16410001
16410153
16410187
16410193
16410303
16410403
16410447
16410459
16410533
16410785
16410787
16410789
16410863
16410947
16411035
16411261
16411339
16411421
16411585
16411625
16411697
16411747
16411803
16411835
16411969
16412127
16412153
16412267
16412525
16412539
16412561
16412581
16412635
16412641
16412647
16412983
16413361
16413593
16413709
16413919
16414057
16414307
16415017
16415257
16415259
16415593
16415609
16415639
16415661
16415697
16415903
16415965
16416215
16416285
16416317
16416389
16416399
16416401
16416405
16416711
16416765
16416795
16416961
16417113
16417197
16417321
16417379
16417533
16417595
16417631
16417701
16418087
16418147
16418507
16418571
16418587
16418951
16419063
16419071
16419335
16419413
16419499
16419789
16419805
16419927
16420331
16420391
16420543
16420893
16421033
16421053
16421185
16421233
16421315
16421325
16421327
16421377
16421451
16421643
16421887
16421943
16421947
16422397
16422473
16422499
16422687
16422781
16422857
16422991
16422993
16423105
16423123
16423135
16423365
16423531
16423581
16423635
16423669
16423935
16423957
16424101
16424337
16424343
16424519
16424603
16424895
16425029
16425079
16425121
16425137
16425269
16425485
16425519
16425673
16425737
16426043
16426163
16426249
16426429
16426459
16426675
16426769
16426817
16426849
16426917
16427117
16427633
16427855
16427895
16427927
16428001
16428011
16428183
16428275
16428287
16428415
16428609
16428683
16428693
16428787
16428927
16428939
16429027
16429101
16429159
16429245
16429349
16429645
16429747
16429835
16429905
16430287
16430815
16430845
16430853
16431427
16431837
16431885
16432157
16432207
16432261
16432449
16432475
16432783
16433015
16433113
16433361
16433601
16433701
16433955
16433997
16434045
16434253
16434437
16434497
16434505
16434517
16434881
16435295
16435387
16435421
16435445
16435837
16436123
16436151
16436171
16436387
16436529
16436571
16436607
16436653
16436707
16436841
16436887
16437191
16437427
16437537
16437789
16437817
16438197
16438261
16438333
16438349
16438429
16438497
16438499
16438515
16438649
16438941
16438963
16439023
16439171
16439337
16439371
16439409
16439445
16439645
16439661
16439733
16439803
16439897
16440183
16440341
16440343
16440657
16440669
16440857
16441359
16441437
16441959
16442073
16442387
16442397
16442605
16442651
16442935
16442975
16442993
16443077
16443369
16443919
16444029
16444093
16444149
16444277
16444635
16444851
16444965
16445187
16445303
16445345
16446071
16446075
16446235
16446259
16446415
16446471
16446795
16446825
16446841
16446887
16447121
16447353
16447409
16447433
16447435
16447711
16447793
16447981
16448339
16448385
16448603
16448691
16448779
16448867
16448921
16449029
16449125
16449219
16449253
16449275
16449439
16449731
16449841
16449977
16450017
16450299
16450413
16450543
16450971
16450981
16451217
16451219
16451293
16451641
16451649
16451657
16451761
16451787
16451849
16451955
16452447
16452563
16452725
16452807
16452843
16452865
16452871
16453071
16453187
16453297
16453447
16453461
16453505
16453583
16453785
16453929
16454557
16455397
16455435
16455437
16455769
16455781
16455831
16456095
16456109
16456133
16456161
16456225
16456253
16456321
16456331
16456337
16456779
16456807
16456809
16456921
16457269
16457313
16457345
16457471
16457563
16457627
16457927
16457933
16458145
16458159
16458319
16458425
16458505
16458577
16458679
16458869
16458927
16459247
16459261
16459499
16459671
16459759
16459809
16460097
16460221
16460889
16460993
16461243
16461583
16461607
16461715
16461825
16461931
16462193
16462277
16462295
16462365
16462649
16462683
16462785
16462791
16462793
16462991
16462993
16463151
16463205
16463599
16464207
16464593
16464717
16465019
16465201
16465357
16465793
16465835
16466031
16466175
16466189
16466253
16466259
16466313
16466501
16466597
16466605
16466897
16467019
16467043
16467173
16467291
16467299
16467913
16468117
16468139
16468149
16468335
16468543
16468727
16468937
16468961
16469003
16469009
16469049
16469069
16469295
16469369
16469383
16469395
16469407
16469505
16469541
16469739
16469903
16469975
16470099
16470327
16470671
16471073
16471129
16471159
16471243
16471435
16471787
16471841
16471937
16471949
16472553
16472625
16472633
16472691
16472797
16472921
16473029
16473081
16473241
16473545
16473663
16474247
16474389
16474503
16474635
16474735
16474789
16474871
16475071
16475143
16475173
16475189
16475491
16476065
16476419
16476485
16476605
16476611
16476853
16477015
16477125
16477205
16477209
16477283
16477391
16477413
16477499
16477613
16477711
16477863
16478037
16478469
16478549
16478597
16478835
16479095
16479721
16480751
16480757
16481111
16481363
16481675
16481917
16481949
16482265
16482417
16482471
16482495
16482601
16482681
16482745
16482823
16483067
16483229
16483359
16483383
16483403
16483413
16483567
16483601
16483661
16483729
16484017
16484051
16484105
16484107
16484619
16484743
16485015
16485141
16485567
16485729
16485755
16485817
16485893
16485915
16486237
16486425
16486499
16486625
16486739
16486849
16487157
16487389
16487457
16487529
16487627
16487727
16487739
16487767
16487769
16487829
16487849
16488143
16488185
16488201
16488213
16488359
16488385
16488581
16488761
16488915
16488991
16489101
16489229
16489349
16489453
16489585
16489867
16489927
16490307
16490805
16491069
16491349
16491647
16491767
16491803
16491931
16492061
16492231
16492329
16492333
16492357
16492699
16492873
16492881
16492983
16493023
16493161
16493285
16493653
16493703
16493729
16493739
16493835
16493997
16494005
16494075
16494317
16494411
16494589
16494607
16494779
16495217
16495533
16495631
16495785
16495795
16495887
16495901
16495927
16495983
16496177
16496239
16496543
16496583
16496633
16496689
16496745
16496977
16497201
16497257
16497529
16497609
16497625
16497685
16497705
16497855
16498389
16498605
16499225
16499249
16499299
16499367
16499399
16499493
16499577
16499789
16499951
16500123
16500239
16500283
16500835
16500873
16501263
16501317
16501355
16501495
16501833
16501979
16502231
16502481
16502505
16502531
16502665
16502907
16502929
16502967
16503013
16503151
16503215
16503409
16503533
16503631
16503943
16504035
16504405
16504477
16504933
16504969
16505005
16505531
16505567
16505885
16505955
16506107
16506349
16506451
16506569
16506717
16506747
16506829
16506887
16507031
16507051
16507063
16507159
16507273
16507313
16507375
16507517
16507621
16507649
16508077
16508099
16508295
16508859
16508897
16508913
16509193
16509329
16509381
16509405
16509541
16509671
16510435
16510505
16510587
16510671
16511085
16511471
16511533
16511717
16512107
16512131
16512339
16512621
16512785
16512891
16512965
16513005
16513135
16513159
16513187
16513353
16513435
16513543
16513845
16514097
16514497
16514621
16514717
16514907
16515417
16515629
16515789
16516223
16516387
16516409
16516723
16517067
16517199
16517335
16517371
16517455
16517461
16517703
16517755
16517855
16517901
16518039
16518143
16518377
16518405
16518467
16518671
16518677
16518715
16518755
16518761
16518803
16518829
16518961
16519111
16519337
16519505
16519595
16519805
16520013
16520149
16520219
16520267
16520421
16520611
16520631
16520657
16520967
16521001
16521015
16521033
16521155
16521181
16521203
16521401
16521403
16521793
16522015
16522167
16522205
16522521
16522567
16522629
16522825
16523071
16523327
16523429
16523689
16523997
16524397
16524405
16524413
16524473
16524581
16524843
16524943
16524967
16524987
16525031
16525037
16525045
16525245
16525275
16525499
16525733
16525743
16525863
16525883
16525947
16526001
16526231
16526327
16526439
16526533
16526701
16526719
16526767
16527123
16527173
16527195
16527389
16527409
16527663
16527747
16527763
16527941
16527969
16528075
16528201
16528227
16528343
16528991
16529081
16529287
16529347
16529501
16529549
16529671
16529781
16529785
16529905
16529997
16530015
16530111
16530125
16530245
16530255
16530299
16530661
16531005
16531305
16531411
16531495
16531803
16532009
16532163
16532195
16532317
16532639
16532655
16532705
16532751
16532913
16533899
16533907
16534441
16534637
16535515
16535709
16535923
16535939
16535993
16536031
16536363
16536399
16536433
16536567
16536695
16537005
16537119
16537221
16537381
16538063
16538109
16538211
16538529
16538735
16538845
16539083
16539127
16539129
16539185
16539499
16539829
16539857
16540197
16540537
16540545
16540679
16540897
16540995
16541053
16541161
16541589
16541765
16541847
16541965
16542013
16542093
16542169
16542529
16542843
16542883
16543013
16543295
16543443
16543597
16543853
16544207
16544575
16544687
16544863
16545005
16545063
16545627
16545809
16545827
16546259
16546279
16546421
16546459
16546669
16546935
16547071
16547251
16547327
16547343
16547511
16547665
16547769
16547793
16548057
16548573
16548651
16549241
16549367
16549547
16549787
16549809
16549847
16550265
16550267
16550523
16550575
16550793
16550861
16550891
16551045
16551047
16551301
16551629
16551643
16552373
16552393
16552735
16552831
16552839
16552947
16552959
16553039
16553271
16553633
16553731
16553779
16553969
16554261
16554577
16554737
16555001
16555101
16555343
16555617
16555697
16555699
16555759
16556141
16556145
16556433
16556479
16556495
16556701
16556949
16557089
16557103
16557537
16557725
16557887
16558569
16558891
16559117
16559263
16559309
16559497
16559689
16559793
16560009
16560095
16560357
16560507
16560715
16560993
16561377
16561487
16561561
16561633
16561691
16561747
16561785
16561799
16561865
16561951
16561981
16562229
16562365
16562615
16562649
16562729
16562875
16562929
16563009
16563329
16563477
16563695
16563697
16563939
16563979
16564215
16564529
16564695
16564731
16564749
16565003
16565109
16565127
16565237
16565321
16565411
16565421
16565585
16565599
16565643
16565653
16565807
16565835
16565965
16566117
16566713
16566783
16566983
16567177
16568069
16568121
16568233
16568301
16568375
16568473
16568561
16568713
16568745
16568853
16569007
16569467
16569497
16569797
16569999
16570037
16570285
16570431
16570577
16570637
16570741
16570885
16571199
16571251
16571393
16571473
16571521
16571531
16571585
16571659
16571733
16571821
16571933
16571951
16572065
16572341
16572383
16572801
16572895
16573017
16573033
16573109
16573149
16573271
16573289
16573315
16573817
16574111
16574113
16574221
16574235
16574373
16575347
16575393
16575455
16575529
16575671
16575693
16575721
16575743
16575763
16576001
16576049
16576079
16576167
16576495
16576733
16576811
16576939
16576945
16577047
16578067
16578093
16578145
16578213
16578237
16578265
16578307
16578361
16578399
16578453
16579169
16579189
16579569
16579715
16579717
16579895
16580253
16580303
16580409
16580563
16580853
16580985
16581195
16581359
16581399
16581551
16581599
16581635
16581639
16581781
16581797
16582015
16582559
16582615
16582637
16582727
16582807
16583053
16583139
16583185
16583209
16583443
16583691
16583775
16583783
16583845
16583911
16584021
16584089
16584337
16584541
16584807
16584809
16584875
16585309
16585809
16586019
16586161
16586175
16586177
16586189
16586235
16586245
16586257
16586353
16586579
16586929
16587861
16587885
16587969
16588155
16588593
16588597
16588711
16588793
16588803
16588851
16588883
16588973
16589219
16589725
16590101
16590137
16590171
16590177
16590275
16590407
16590483
16590511
16590537
16590583
16590821
16590859
16590913
16590937
16590957
16591303
16591637
16591703
16591749
16592633
16592653
16592957
16593109
16593217
16593261
16593411
16593723
16593755
16593915
16594109
16594205
16594215
16594347
16594375
16594495
16594577
16594989
16595069
16595137
16595575
16595825
16595833
16595887
16596097
16596135
16596317
16596819
16597001
16597091
16597125
16597291
16597325
16597749
16597759
16597789
16598393
16598401
16598427
16598445
16598643
16598649
16598829
16598913
16599107
16599137
16599179
16599379
16599415
16599781
16599821
16599833
16599839
16599989
16599995
16600123
16600607
16600849
16600859
16600921
16600947
16601041
16601051
16601139
16601479
16601537
16601671
16601891
16602305
16602401
16602627
16603065
16603093
16603261
16603627
16603711
16603717
16603735
16603883
16603937
16604217
16604313
16604461
16604511
16604673
16604737
16605455
16605491
16605537
16605625
16605657
16605667
16605695
16605723
16605843
16606165
16606171
16606685
16606723
16606757
16606853
16606859
16607031
16607341
16607487
16607861
16608143
16608265
16608349
16608381
16608587
16608661
16608701
16609457
16609473
16609575
16609761
16609791
16609835
16610051
16610129
16610669
16610789
16610945
16611131
16611169
16611191
16611269
16611313
16611363
16611765
16611851
16611961
16612117
16612125
16612167
16612389
16612479
16612729
16612975
16613007
16613445
16613487
16613845
16614009
16614307
16614601
16614657
16614813
16614853
16614887
16615313
16615373
16615577
16616139
16616203
16616643
16616837
16617137
16617219
16617479
16617555
16617765
16617873
16617949
16617987
16618041
16618051
16618071
16618305
16618481
16618499
16618511
16618937
16618959
16619221
16619321
16619601
16619777
16619803
16619827
16619987
16620065
16620411
16620489
16620651
16620711
16620753
16621065
16621083
16621315
16621527
16621607
16621655
16621727
16621987
16622101
16622169
16622207
16622401
16622427
16622575
16622759
16623041
16623153
16623187
16623403
16623611
16623731
16623965
16624125
16624127
16624189
16625719
16626095
16626163
16626367
16626373
16626413
16626567
16626727
16627109
16627135
16627187
16627283
16627601
16627615
16627657
16628223
16628443
16628493
16628885
16628965
16628983
16629249
16629409
16629473
16629521
16629635
16630091
16630161
16630575
16630689
16630729
16630877
16630965
16631131
16631179
16631271
16631519
16631605
16631757
16631811
16631871
16631985
16632205
16632299
16632517
16632627
16632807
16632895
16632915
16633203
16633399
16633405
16633457
16633657
16633707
16633747
16633751
16634311
16634449
16634531
16634669
16635071
16635201
16635347
16635451
16635511
16635585
16635609
16635743
16635763
16635833
16635859
16636031
16636033
16636329
16636547
16636607
16636695
16636891
16637231
16637331
16637367
16637509
16637773
16637865
16637981
16638699
16638931
16638939
16639029
16639071
16639081
16639107
16639393
16639525
16639689
16639693
16639705
16639747
16639765
16639873
16639989
16640479
16640551
16640599
16640645
16640661
16640825
16640849
16640977
16640997
16641269
16641315
16641757
16641849
16642027
16643841
16643971
16644449
16644537
16644711
16644807
16645269
16645273
16645663
16645687
16645699
16645713
16645785
16645863
16645939
16646157
16646475
16646871
16646901
16646931
16647001
16647025
16647223
16647417
16647809
16648077
16648107
16648119
16649089
16649155
16649335
16649423
16649641
16649867
16649939
16650041
16650247
16650383
16650711
16650897
16651351
16651569
16652235
16652239
16652259
16652469
16653011
16653557
16653707
16654011
16654071
16654205
16654273
16654465
16654785
16654857
16655305
16655383
16655441
16655657
16655859
16655925
16656171
16656407
16656531
16656571
16657111
16657179
16657281
16657349
16657505
16657591
16657655
16657753
16657883
16657913
16658141
16658143
16658147
16658443
16658785
16659081
16659203
16659263
16659561
16659605
16659853
16660053
16660147
16660205
16660237
16660255
16660277
16660367
16660607
16660719
16660899
16660903
16660941
16661115
16661251
16661307
16661461
16661483
16661597
16661855
16661913
16661933
16662453
16662541
16662873
16662997
16663009
16663111
16663309
16663417
16663511
16663627
16663643
16663665
16663937
16664345
16664435
16664553
16664567
16664711
16664741
16664845
16664901
16664961
16665007
16665595
16665745
16665785
16665919
16665989
16666085
16666173
16666299
16666359
16666479
16666551
16666641
16666781
16666793
16666887
16666919
16667049
16667237
16667315
16667557
16667913
16668089
16668207
16668273
16668345
16668353
16668447
16668589
16668823
16668893
16669047
16669051
16669079
16669147
16669151
16669159
16669243
16669281
16669287
16669451
16669693
16669897
16669985
16670015
16670553
16670599
16670645
16670691
16670709
16670851
16671135
16671295
16671511
16671539
16671823
16671999
16672017
16672279
16672503
16672589
16672621
16672663
16672745
16672839
16672857
16672993
16672997
16673073
16673195
16673271
16673307
16673329
16673339
16673751
16674119
16674293
16674315
16674443
16674493
16674503
16674633
16674711
16674739
16674819
16674863
16674923
16674997
16675049
16675139
16675155
16675381
16675421
16675449
16675601
16675987
16675995
16676301
16676557
16676871
16676893
16676993
16677135
16677137
16677403
16677531
16677537
16677611
16677961
16677963
16677975
16678015
16678539
16678561
16678597
16678657
16678817
16678877
16678891
16679537
16680377
16680399
16680411
16680467
16680935
16680941
16681227
16681599
16681615
16681739
16681757
16681769
16681891
16682233
16682473
16682527
16682615
16682837
16682961
16683269
16683397
16683471
16683563
16683631
16683673
16683795
16683851
16683963
16683995
16684055
16684081
16684467
16684575
16684757
16685185
16685213
16685291
16685573
16685647
16685963
16686069
16686317
16686445
16686453
16686477
16686635
16686849
16687087
16687117
16687377
16687381
16687445
16687485
16687503
16687575
16687593
16687691
16687881
16687887
16688193
16688315
16688451
16688509
16688531
16688595
16688733
16688767
16688877
16688911
16688981
16689419
16689679
16689819
16689867
16690203
16690231
16690271
16690303
16690407
16690583
16690969
16691045
16691407
16691641
16691739
16691783
16691949
16691983
16692125
16692275
16692327
16692347
16693039
16693185
16693349
16693369
16693383
16693645
16693651
16693955
16694175
16694251
16694259
16694433
16694477
16694803
16694887
16694911
16695127
16695207
16695431
16695459
16695591
16695787
16695797
16696053
16696085
16696349
16696371
16696407
16696445
16696523
16696685
16696707
16696919
16696937
16697049
16697147
16697157
16697219
16697565
16697647
16697747
16698087
16698193
16698475
16698697
16698901
16698921
16699263
16699383
16699745
16700045
16700097
16700119
16700413
16700445
16700751
16700779
16701185
16701465
16701501
16701585
16701957
16702109
16702311
16702365
16702373
16702417
16702563
16702897
16703237
16703395
16703441
16703443
16703475
16703505
16703579
16703921
16703955
16704107
16704153
16704385
16704479
16704631
16704723
16704737
16705317
16705507
16705543
16705797
16705857
16705913
16706105
16706137
16706449
16707189
16707295
16707827
16707857
16708185
16708285
16708315
16708757
16708759
16708973
16709303
16709317
16709345
16709389
16709417
16709505
16709599
16709903
16710259
16710439
16710869
16710903
16711017
16711135
16711317
16711345
16711511
16711553
16711637
16711809
16711813
16711861
16711871
16711927
16712209
16712451
16712465
16712495
16712529
16712561
16712889
16713105
16713251
16713629
16713641
16713781
16713827
16713841
16714433
16714621
16714837
16714863
16714957
16715341
16715603
16716279
16716545
16716843
16717129
16717209
16717281
16717351
16717423
16718031
16718357
16718775
16718803
16719049
16719371
16719505
16719541
16719575
16719761
16719911
16719923
16720089
16720139
16720289
16720413
16720563
16720609
16720907
16720937
16720965
16720999
16721589
16721911
16721949
16722033
16722233
16722333
16722361
16722377
16722447
16722483
16722763
16722833
16722899
16722957
16723067
16723213
16723343
16723397
16723441
16723553
16723607
16723659
16723705
16723735
16723763
16723811
16723837
16724337
16724617
16724623
16724771
16724879
16724899
16724987
16725659
16725797
16725941
16726327
16726537
16726717
16726931
16727145
16727301
16727501
16727699
16727921
16728051
16728291
16728473
16728905
16729069
16729133
16729247
16729297
16729363
16729595
16729905
16729915
16730079
16730147
16730179
16730211
16730219
16730249
16730257
16730501
16730555
16730573
16730581
16730967
16731395
16731421
16731513
16731653
16732117
16732259
16732307
16732699
16732737
16732899
16733047
16733373
16733441
16733507
16733687
16733709
16734281
16734359
16734547
16734591
16734889
16734903
16734969
16735385
16735433
16735509
16735991
16736093
16736147
16736173
16736197
16736311
16736573
16736913
16736965
16737015
16737017
16737025
16737181
16737197
16737655
16737717
16737813
16737827
16737847
16738145
16738545
16738781
16738839
16738927
16738953
16739071
16739429
16739503
16740049
16740509
16740531
16740737
16740755
16740873
16741057
16741333
16741463
16741615
16741689
16741769
16742113
16742319
16742425
16742549
16742601
16742787
16742799
16743321
16743465
16743577
16743741
16743889
16743967
16744583
16744679
16744829
16744925
16744957
16744959
16744985
16745425
16745537
16745575
16745599
16745735
16745741
16745797
16745993
16746055
16746101
16746151
16746199
16746239
16746615
16746969
16747135
16747255
16747331
16747351
16747565
16747615
16747769
16747921
16747939
16747949
16748071
16748101
16748107
16748179
16748277
16748393
16748445
16748547
16748719
16748951
16748971
16749129
16749211
16749393
16749403
16749457
16749617
16749767
16749805
16749915
16750233
16750361
16750427
16750619
16750659
16750829
16750859
16750881
16751035
16751121
16751183
16751195
16751205
16751279
16751357
16751369
16751435
16751505
16751519
16751659
16751901
16751913
16751967
16752213
16752425
16752703
16752731
16753149
16753179
16753331
16753583
16753601
16753615
16754173
16754285
16754361
16754613
16754637
16754713
16754911
16754923
16755075
16755311
16755359
16755479
16755487
16755815
16755977
16756091
16756199
16756245
16756261
16756307
16756515
16756713
16756855
16756967
16757015
16757339
16757415
16757587
16757693
16757789
16757867
16757885
16758113
16758117
16758343
16759153
16759439
16759651
16759729
16759735
16759889
16759895
16759949
16760073
16760125
16760143
16760311
16760383
16760433
16760869
16761051
16761135
16761169
16761171
16761225
16761251
16761523
16761591
16761597
16761903
16761949
16762075
16762359
16762515
16762633
16762957
16762979
16763051
16763403
16763445
16763613
16763673
16763745
16763849
16763903
16764253
16764319
16764757
16764815
16764825
16764897
16764941
16764953
16765223
16765365
16765515
16765703
16765711
16765873
16766065
16766145
16766793
16766907
16767009
16767375
16767517
16767663
16767677
16768271
16768277
16768319
16768403
16768499
16768653
16768793
16768815
16768945
16769083
16769153
16769623
16769817
16769827
16770203
16770237
16770539
16770665
16771025
16771259
16771683
16771719
16771769
16771827
16771903
16771971
16772067
16772195
16772379
16772701
16772981
16773025
16773101
16773449
16773463
16773893
16773969
16774359
16774591
16775097
16775107
16775179
16775385
16775421
16775511
16775597
16775627
16775699
16775749
16775863
16776265
16776661
16776787
16777511
16777749
16778007
16778107
16778231
16778593
16778647
16778651
16778701
16778775
16778853
16779013
16779025
16779379
16779613
16779915
16780269
16780329
16780587
16780773
16780959
16781127
16781403
16781413
16781527
16781571
16781743
16781917
16782337
16782531
16782565
16782723
16783131
16783133
16783153
16783185
16783275
16783357
16783443
16783507
16783553
16783573
16783605
16783793
16783893
16783925
16783983
16784515
16784539
16784729
16784741
16784763
16784845
16785751
16785831
16785945
16786309
16786555
16786693
16786735
16786745
16786763
16786923
16786933
16787079
16787221
16787231
16787359
16787459
16787683
16788149
16788155
16788239
16788289
16788449
16788609
16788851
16788973
16789129
16789281
16789375
16789435
16789719
16789741
16789817
16789899
16789915
16789923
16789969
16790053
16790073
16790107
16790281
16790983
16791185
16791215
16791233
16791295
16791371
16791497
16791657
16791747
16791853
16791869
16791913
16791915
16792005
16792019
16792029
16792117
16792241
16792303
16792361
16792379
16792535
16792973
16793079
16793089
16793273
16793473
16793795
16793991
16794335
16794437
16794797
16795063
16795557
16795615
16795673
16795783
16796169
16796237
16796363
16796377
16796741
16797023
16797153
16797157
16797223
16797297
16797327
16797673
16797763
16797837
16797863
16797955
16798241
16798407
16798549
16798565
16799023
16799155
16799165
16799245
16799255
16799729
16799853
16799935
16800135
16800267
16800387
16800541
16800673
16800697
16800807
16801029
16801203
16801429
16801471
16801507
16801695
16802093
16802403
16802571
16802663
16802991
16803023
16803103
16803205
16803231
16803335
16803397
16803445
16803493
16803537
16803541
16803701
16803733
16804299
16804349
16804829
16805385
16805471
16805497
16805989
16806213
16806355
16806379
16806625
16806711
16806717
16806857
16807127
16807133
16807295
16807457
16807477
16807547
16807561
16807751
16807821
16807941
16807985
16808059
16808139
16808141
16808187
16808235
16808559
16808739
16808865
16809077
16809249
16809533
16810241
16810407
16810475
16810723
16810733
16810833
16811131
16811209
16811217
16811401
16811411
16811461
16811481
16811717
16811775
16811891
16812055
16812093
16812161
16812433
16812447
16812611
16812919
16812935
16813079
16813129
16813187
16813279
16813397
16813497
16813503
16813605
16813831
16813939
16813953
16814037
16814083
16814233
16814393
16814655
16814791
16814863
16815053
16815187
16815319
16815483
16815509
16815649
16815663
16815751
16815903
16816409
16816525
16816591
16816679
16817155
16817253
16817489
16817551
16817805
16818097
16818173
16818369
16818529
16818885
16818967
16819253
16819615
16819621
16819713
16819865
16819913
16819997
16820141
16820451
16820467
16820663
16820869
16821011
16821391
16821631
16821705
16821853
16822003
16822061
16822089
16822105
16822335
16822343
16822577
16822753
16822883
16823421
16823741
16823749
16823813
16823871
16823895
16823941
16824581
16824711
16824775
16824901
16824967
16825105
16825161
16825273
16825405
16825507
16825795
16825949
16825961
16826047
16826277
16826285
16826533
16826747
16826873
16826915
16827123
16827327
16827619
16827713
16827901
16827903
16827971
16827999
16828007
16828339
16828769
16829207
16829431
16829477
16829713
16829739
16829787
16829893
16829965
16830177
16830187
16830453
16830529
16830543
16830601
16830703
16830751
16831597
16832047
16832143
16832351
16832393
16832643
16833129
16833143
16833317
16833603
16833715
16833781
16833823
16833831
16834187
16834395
16834641
16834685
16834837
16835251
16835309
16835447
16835451
16835511
16835513
16835683
16835843
16836153
16836231
16836327
16836457
16836551
16836553
16836655
16836725
16837211
16837269
16837325
16837521
16837527
16837643
16837645
16837861
16837945
16838043
16838087
16838219
16838231
16838383
16838921
16839047
16839137
16839169
16839523
16839527
16839617
16839781
16839913
16839961
16840129
16840191
16840279
16840411
16840587
16840597
16840945
16841051
16841231
16841347
16841491
16841547
16841549
16841697
16841755
16842291
16842343
16842359
16842419
16842555
16842585
16842923
16842931
16843163
16843273
16843373
16843653
16843679
16843721
16843935
16843951
16844173
16844291
16844501
16844561
16844623
16844699
16844885
16844917
16844929
16845317
16845347
16845573
16845721
16845873
16845915
16846263
16846357
16846511
16846605
16846615
16846809
16846911
16847113
16847287
16847419
16847485
16847849
16847883
16847893
16847913
16847941
16848007
16848119
16848249
16848449
16848495
16848533
16848763
16848947
16849087
16849281
16849519
16849563
16849739
16849957
16849995
16850193
16850331
16850349
16850661
16850911
16850979
16851581
16851667
16851807
16852221
16852281
16852327
16852501
16852593
16852631
16852715
16852743
16852761
16852967
16853087
16853357
16853457
16853459
16854085
16854129
16854203
16854227
16854523
16854839
16854841
16854871
16854931
16855017
16855141
16855233
16855267
16855359
16855931
16855963
16856053
16856173
16856207
16856433
16856499
16856509
16856647
16856695
16856945
16857069
16857141
16857173
16857181
16857317
16857367
16857397
16857515
16857545
16857901
16857969
16858089
16858133
16858315
16858349
16858367
16858435
16858807
16858841
16858985
16859103
16859143
16859219
16859731
16859829
16859835
16860209
16860501
16860763
16861187
16861511
16861631
16861823
16862235
16862355
16862413
16862701
16862733
16862965
16863115
16863161
16863223
16863453
16863671
16863723
16864201
16864475
16864523
16864699
16864841
16864925
16864991
16865027
16865327
16865341
16865377
16865513
16865881
16866159
16866167
16866169
16866479
16866705
16867233
16867661
16867807
16867839
16867911
16867957
16868065
16868131
16868263
16868459
16868601
16868749
16868891
16869281
16869301
16869307
16869601
16869631
16869677
16869801
16869937
16870315
16870403
16870509
16870613
16870795
16871527
16871727
16871757
16871777
16871869
16872231
16872311
16872507
16872749
16872823
16872849
16873053
16873237
16873731
16873867
16873971
16874093
16874269
16874309
16874321
16874331
16874431
16874489
16874537
16874557
16874753
16874759
16874771
16875359
16875365
16875699
16875767
16875775
16875779
16875827
16875837
16875965
16876021
16876199
16876283
16876369
16876753
16876949
16877005
16877145
16877243
16877357
16877559
16877579
16877611
16877829
16877853
16879093
16879219
16879227
16879479
16879587
16879601
16879755
16879895
16880149
16880277
16881011
16881349
16881669
16881733
16881837
16881873
16882123
16882649
16882699
16882811
16882845
16883067
16883075
16883101
16883231
16883357
16883375
16883405
16883547
16883657
16884045
16884161
16884357
16884455
16884513
16884705
16884749
16884867
16884957
16885267
16885369
16885431
16885441
16885707
16885723
16885937
16885961
16886193
16886199
16886709
16886765
16886923
16887159
16887161
16887249
16887319
16887555
16887607
16887675
16887765
16887865
16888063
16888143
16888211
16888235
16888275
16888497
16888501
16888519
16888867
16889137
16889265
16889497
16889541
16889615
16889703
16889823
16889965
16890021
16890089
16890125
16890433
16890497
16890567
16890573
16890845
16891213
16891539
16892113
16892125
16892389
16892463
16892565
16893071
16893121
16893317
16893397
16893411
16893433
16893435
16893877
16893881
16894521
16894605
16894931
16895079
16895513
16895601
16895939
16895945
16896115
16896251
16896315
16896577
16896707
16896873
16897077
16897127
16897345
16897441
16897477
16897615
16897725
16898033
16898087
16898265
16898491
16898505
16898529
16898533
16898815
16898841
16899187
16899445
16899691
16899965
16900001
16900597
16900813
16901001
16901025
16901369
16901645
16901779
16902011
16902183
16902345
16902599
16902863
16902931
16902933
16903009
16903127
16903131
16903143
16903229
16903437
16903987
16904033
16904175
16904319
16904565
16904789
16904797
16904801
16904937
16905163
16905435
16905457
16905559
16905589
16905693
16905745
16905807
16905853
16906459
16906607
16906613
16906793
16906961
16906977
16907165
16907365
16907593
16907657
16907829
16907961
16908003
16908059
16908129
16908135
16908177
16908335
16908525
16908805
16908921
16908933
16909013
16909141
16909497
16909521
16909613
16909707
16909857
16909863
16910211
16910583
16910685
16911115
16911253
16911353
16911355
16911373
16911513
16911655
16911915
16912235
16912631
16912721
16912771
16913071
16913183
16913671
16913923
16914073
16914297
16914393
16914629
16915185
16915227
16915631
16915661
16915719
16916223
16916251
16916427
16916813
16917545
16917599
16917645
16917659
16917937
16918103
16918171
16918343
16918423
16918621
16918969
16919161
16919179
16919339
16919553
16919993
16920411
16920495
16920499
16920525
16920621
16920637
16920679
16920825
16921023
16921079
16921269
16921667
16921763
16922237
16922483
16922651
16922785
16922801
16922821
16923075
16923199
16923513
16923521
16923569
16923627
16923657
16923693
16923913
16924057
16924211
16924227
16924307
16924381
16924421
16924717
16924745
16924773
16924943
16925005
16925057
16925485
16925687
16925837
16926075
16926097
16926103
16926351
16926503
16927307
16927753
16927767
16927789
16928083
16928471
16928675
16928691
16928857
16928947
16928949
16929045
16929077
16929365
16929575
16929617
16929633
16929797
16929845
16930161
16930273
16930299
16930331
16930637
16930799
16931073
16931225
16931453
16931521
16931809
16932293
16932319
16932443
16932743
16932763
16932847
16932975
16933151
16933171
16933303
16933735
16933999
16934051
16934151
16934477
16934583
16934843
16934959
16935425
16936085
16936337
16936553
16936599
16936681
16936715
16936851
16936945
16937057
16937119
16937239
16937357
16937535
16937783
16937801
16937859
16937885
16938043
16938059
16938149
16938177
16938221
16938255
16938653
16938975
16939049
16939421
16939441
16939755
16939859
16939903
16940173
16940355
16940475
16940673
16940719
16940785
16940877
16940929
16941103
16941285
16941547
16941773
16941885
16942047
16942111
16942113
16942161
16942227
16942327
16942447
16942483
16942631
16942799
16942819
16942867
16942929
16942953
16943059
16943143
16943355
16943377
16943413
16943629
16943639
16943641
16943733
16943831
16943967
16944111
16945081
16945437
16945515
16945719
16945865
16945889
16946103
16946303
16946625
16946701
16947221
16947539
16947569
16948151
16948229
16948337
16948583
16949037
16949041
16949063
16949073
16949165
16949235
16949497
16949879
16949951
16949987
16950089
16950499
16950513
16950627
16950633
16950723
16950873
16950911
16950955
16950957
16950981
16951167
16951405
16951631
16951821
16951905
16951917
16952151
16952557
16952573
16952651
16952979
16953233
16953861
16953883
16954101
16954205
16954297
16954469
16954819
16954873
16954919
16954987
16955285
16955287
16955361
16955457
16955623
16955651
16955795
16956057
16956151
16956189
16956291
16956521
16956595
16956643
16956771
16956789
16956841
16956929
16956985
16957023
16957259
16957285
16957297
16957367
16957503
16957593
16957703
16958003
16958119
16958689
16958733
16958913
16959141
16959143
16959227
16959305
16959483
16959505
16959513
16959691
16959761
16960003
16960095
16960437
16960987
16960991
16961361
16961637
16961665
16961829
16961949
16962025
16962039
16962053
16962063
16962125
16962245
16962305
16962457
16962569
16962619
16962877
16963517
16963595
16963759
16963847
16963991
16964161
16964205
16964257
16964319
16964381
16964507
16964657
16964747
16965213
16965607
16965687
16965755
16965969
16966109
16966253
16966295
16966405
16966807
16966867
16967243
16967381
16967577
16967583
16967681
16967703
16967807
16967897
16968063
16968253
16968335
16968345
16968383
16968569
16968625
16968715
16968785
16968787
16968919
16969467
16969553
16969605
16969845
16970215
16970343
16970353
16970431
16970735
16970817
16970845
16970899
16971131
16971309
16971467
16971479
16971501
16971831
16971845
16971951
16972183
16972337
16972341
16972641
16972695
16972855
16972903
16972919
16972929
16973043
16973585
16973593
16973615
16973819
16973863
16973899
16974291
16974381
16974591
16974643
16974669
16974787
16974891
16974897
16974933
16975163
16975327
16975345
16975505
16975573
16975647
16975743
16975835
16976081
16976417
16976471
16976521
16976583
16976713
16976847
16976909
16977245
16977609
16977671
16978113
16978125
16978319
16978447
16978473
16979093
16979603
16980139
16980251
16980311
16980449
16980529
16980641
16980687
16980819
16981325
16981619
16981849
16981977
16982091
16982135
16982229
16982277
16982311
16982675
16982837
16983075
16983087
16983751
16984107
16984217
16984259
16984291
16984325
16984463
16984687
16984797
16984999
16985127
16985167
16985183
16985287
16985323
16985491
16985561
16985709
16985743
16986129
16986299
16986427
16986477
16986565
16986589
16986645
16987033
16987085
16987635
16987721
16987759
16987805
16987903
16988195
16988245
16988311
16988323
16988741
16988969
16989187
16989887
16990079
16990319
16990477
16990607
16990623
16990683
16990839
16991071
16991211
16991291
16991445
16991549
16991719
16992101
16992201
16992293
16992311
16992411
16992475
16993033
16993289
16993339
16993455
16993729
16993837
16993923
16994215
16994239
16994245
16994523
16994589
16994711
16994759
16994833
16994945
16995001
16995321
16996223
16996383
16996447
16996527
16996687
16996789
16996961
16997105
16997181
16997613
16997821
16997839
16998155
16998303
16998435
16998585
16998593
16998689
16998709
16998847
16998895
16998951
16998989
16999085
16999233
16999293
16999775
16999901
16999923
