# proven primes: b with (b^32+1)/2 prime (aprcl), block [2000000,3000000)
2000255
2000303
2000447
2000497
2000787
2000827
2001161
2001429
2001489
2001641
2001999
2002021
2002289
2002569
2002587
2002647
2002761
2002791
2002873
2003061
2003187
2003279
2003555
2003723
2003847
2003933
2003943
2003997
2004011
2004081
2004117
2004177
2004291
2004417
2004739
2004853
2005063
2005069
2005211
2005219
2005647
2005785
2005935
2006149
2006261
2006289
2006593
2006611
2006693
2006719
2006839
2006949
2006953
2007093
2007261
2007475
2007501
2007887
2007905
2008215
2008291
2008361
2008837
2008929
2008939
2009037
2009125
2009233
2009273
2009285
2009811
2010037
2010147
2010471
2010511
2010521
2010633
2010801
2011121
2011203
2011229
2011239
2011369
2011649
2011991
2012003
2012015
2012025
2012029
2012169
2012293
2012413
2012595
2012971
2013201
2013235
2013281
2013377
2013435
2013559
2013719
2013765
2014297
2014303
2014625
2014745
2014995
2015125
2015347
2015349
2015527
2015529
2015611
2015833
2015923
2015967
2016059
2016153
2016613
2016623
2016655
2016783
2016909
2017211
2017673
2017813
2017861
2017911
2018157
2018187
2018241
2018293
2018553
2018929
2019053
2019085
2019413
2019649
2019743
2019747
2019915
2019933
2019957
2020019
2020077
2020247
2020333
2020505
2020603
2020845
2020877
2020985
2020989
2021049
2021203
2021301
2021413
2021563
2021577
2021827
2022031
2022145
2022561
2022573
2022665
2022725
2022851
2023079
2023225
2023367
2023387
2023467
2023515
2023579
2023849
2023861
2024005
2024101
2024123
2024269
2024311
2024585
2025151
2025421
2025525
2025527
2025577
2025583
2025807
2025899
2025919
2025931
2026243
2026317
2026347
2026469
2026551
2026671
2026693
2026791
2026793
2026835
2026969
2027119
2027241
2027345
2027369
2027493
2027497
2027501
2027545
2027557
2027703
2027709
2028147
2028189
2028215
2028929
2029127
2029227
2029285
2029287
2029293
2029309
2029359
2029477
2029613
2029619
2029795
2029837
2029991
2030069
2030239
2030281
2030507
2030875
2030953
2030971
2031041
2031081
2031375
2031383
2031545
2031679
2031697
2031713
2032061
2032195
2032217
2032331
2032487
2032741
2032915
2033293
2033355
2033551
2033759
2033841
2033855
2034019
2034123
2034145
2034303
2034333
2034341
2034365
2034449
2034863
2034929
2035061
2035151
2035199
2035267
2035569
2035579
2035601
2035705
2035709
2035763
2035987
2036007
2036219
2036291
2036561
2036645
2036651
2036659
2036663
2036741
2036793
2036841
2036979
2037001
2037109
2037143
2037213
2037317
2037339
2037557
2037571
2037791
2038101
2038211
2038411
2038415
2038449
2038783
2038937
2039009
2039163
2039315
2039391
2039403
2039615
2039825
2039951
2040015
2040037
2040065
2040091
2040171
2040549
2040595
2041145
2041149
2041169
2041235
2041313
2041413
2041417
2041431
2041445
2041829
2041895
2042093
2042105
2042271
2042273
2042305
2042715
2042895
2042945
2043061
2043121
2043241
2043243
2043355
2043419
2043447
2043619
2043789
2044065
2044073
2044119
2044121
2044237
2044395
2044643
2044889
2044907
2044951
2045227
2045235
2045405
2045413
2045623
2045645
2045691
2045725
2045915
2045987
2046237
2046669
2046813
2046875
2046893
2046915
2047005
2047253
2047381
2047713
2047721
2047727
2047861
2047901
2047905
2047985
2048053
2048165
2048211
2048287
2048323
2048367
2048393
2048399
2048439
2048453
2048499
2048561
2048595
2048665
2048833
2048841
2049019
2049145
2049161
2049225
2049411
2049463
2049511
2049819
2050189
2050331
2050563
2050705
2050803
2050915
2050921
2050957
2050959
2051055
2051093
2051261
2051537
2051549
2051797
2051917
2051929
2052007
2052315
2052427
2052597
2052609
2053021
2053299
2053359
2053375
2053761
2054125
2054161
2054215
2054387
2054395
2054483
2054663
2054675
2055109
2055121
2055283
2056057
2056069
2056129
2056343
2056385
2056711
2056835
2056899
2057211
2057317
2057421
2057749
2057905
2057915
2057951
2058159
2058345
2058415
2058479
2058507
2058621
2058667
2058741
2058855
2059929
2060037
2060059
2060149
2060165
2060463
2060469
2060739
2060877
2060915
2060985
2060995
2061085
2061137
2061155
2061157
2061369
2061399
2061529
2061657
2061807
2061829
2062007
2062015
2062211
2062289
2062313
2062401
2062549
2062605
2062989
2063015
2063039
2063273
2063301
2063355
2063373
2063773
2063919
2064017
2064099
2064169
2064215
2064269
2064377
2064449
2064583
2065015
2065023
2065249
2065389
2065539
2065639
2065793
2065807
2065849
2066331
2066529
2066591
2066597
2066665
2066863
2066921
2067115
2067355
2067409
2067947
2067993
2068001
2068145
2068179
2068181
2068261
2068363
2068495
2068543
2068765
2069017
2069117
2069877
2069971
2070143
2070145
2070303
2070333
2070467
2070481
2070541
2070711
2070953
2071065
2071253
2071509
2071551
2072113
2072117
2072129
2072197
2072205
2072393
2072631
2072641
2072689
2072691
2072923
2072967
2073345
2073619
2073693
2073713
2073719
2073849
2074341
2074383
2074487
2074587
2074635
2074813
2074933
2075079
2075245
2075333
2075343
2075351
2075395
2075693
2075723
2075801
2075899
2076147
2076151
2076159
2076287
2076289
2076321
2076723
2076843
2077043
2077047
2077135
2077217
2077317
2077331
2077459
2077689
2077707
2077939
2077965
2077983
2078013
2078201
2078221
2078407
2078657
2078723
2078737
2078779
2078825
2078991
2079463
2079485
2079551
2079707
2079709
2079833
2080197
2080747
2081003
2081077
2081141
2081387
2081395
2081451
2081597
2081655
2082167
2082233
2082479
2082749
2082799
2082813
2083039
2083083
2083087
2083239
2083251
2083351
2083525
2083551
2084067
2084111
2084785
2084877
2085145
2085363
2085491
2085557
2086177
2086249
2086467
2086481
2086485
2086661
2086673
2086753
2087163
2087215
2087353
2087357
2087397
2087825
2087883
2088011
2088069
2088075
2088077
2088097
2088099
2088243
2088327
2088341
2088387
2088549
2088573
2088625
2088749
2088805
2088959
2089055
2089225
2089261
2089265
2089449
2089881
2089985
2089999
2090023
2090061
2090215
2090271
2090367
2090417
2090479
2090631
2090911
2091015
2091037
2091133
2091179
2091257
2091289
2091389
2091421
2091565
2091683
2091841
2092111
2092169
2092247
2092425
2092475
2092953
2092961
2093049
2093293
2093401
2093535
2093553
2093759
2094093
2094243
2094521
2094961
2095021
2095031
2095139
2095419
2095439
2095549
2095639
2095677
2095779
2095799
2095913
2095933
2095955
2095971
2096313
2096559
2096581
2096625
2096645
2096737
2097165
2097507
2097547
2097569
2097813
2097861
2097915
2098109
2098139
2098145
2098165
2098237
2098293
2098343
2098375
2098425
2098817
2098833
2098891
2099005
2099677
2100059
2100305
2100557
2100615
2100627
2100679
2100907
2101001
2101077
2101119
2101235
2101325
2101385
2101439
2101477
2101507
2101795
2101881
2101905
2101989
2102207
2102431
2102515
2102597
2102791
2102937
2102949
2103073
2103091
2103223
2103333
2103381
2103445
2103537
2103569
2103625
2103627
2103643
2103651
2103715
2104043
2104155
2104269
2104313
2104315
2104469
2104473
2104609
2104731
2104761
2104827
2104909
2105001
2105083
2105351
2105359
2105707
2105771
2105877
2106213
2106225
2106247
2106333
2106353
2106591
2106945
2107101
2107223
2107425
2107447
2107503
2108021
2108447
2108489
2108533
2108577
2108767
2108853
2108925
2108963
2109125
2109349
2109517
2109709
2109795
2109929
2109957
2109997
2110061
2110075
2110125
2110195
2110231
2110409
2110621
2110743
2110825
2110899
2110939
2111243
2111281
2111471
2111541
2111749
2111843
2111873
2112151
2112303
2112313
2112401
2112463
2112499
2112679
2113093
2113191
2113193
2113271
2113323
2113417
2113521
2113735
2113935
2113939
2113981
2113983
2114175
2114259
2114279
2114701
2114829
2115117
2115283
2115371
2115449
2115607
2115711
2115715
2115775
2116099
2116193
2116213
2116259
2116267
2116287
2116361
2116363
2116899
2116933
2117013
2117081
2117195
2117209
2117213
2117357
2117393
2117529
2117805
2117817
2118237
2118963
2119307
2119425
2119473
2119573
2120279
2120371
2120407
2120539
2120589
2120635
2120785
2120917
2120967
2120979
2121069
2121215
2121515
2121651
2121801
2121897
2122277
2122325
2122483
2122487
2122771
2122925
2123067
2123127
2123207
2123363
2123539
2123755
2123993
2124345
2124535
2124619
2124685
2124737
2124845
2125007
2125139
2125395
2125473
2125525
2125825
2125901
2125913
2125937
2126041
2126227
2126245
2126633
2126783
2126953
2127161
2127193
2127293
2127361
2127491
2127673
2127815
2128159
2128273
2128293
2128613
2128675
2128813
2128873
2128997
2129133
2129177
2129207
2129303
2129311
2129557
2129741
2129863
2130191
2130285
2130329
2130431
2130483
2130497
2130871
2130951
2131061
2131147
2131189
2131817
2131853
2132041
2132101
2132103
2132149
2132205
2132305
2132311
2132321
2132439
2132485
2132847
2132945
2133035
2133163
2133431
2133469
2133535
2133629
2133655
2133807
2133957
2134059
2134081
2134109
2134189
2134423
2134441
2134919
2135063
2135123
2135293
2135309
2135427
2135529
2135707
2135739
2135761
2135811
2135815
2135877
2136147
2136167
2136361
2136501
2136547
2136697
2136705
2136939
2136945
2137143
2137301
2137435
2137465
2137523
2137721
2138113
2138155
2138271
2138303
2138355
2138463
2138531
2138969
2139137
2139381
2139439
2139469
2139829
2139873
2139909
2139915
2140075
2140091
2140303
2140311
2140539
2140661
2140673
2140675
2141077
2141371
2141377
2141587
2141655
2141691
2141707
2142015
2142067
2142105
2142245
2142337
2142427
2142499
2142607
2142827
2142857
2142893
2142903
2143091
2143153
2143241
2143337
2143421
2143613
2143625
2143763
2143767
2143797
2144019
2144093
2144101
2144155
2144769
2144837
2144875
2145093
2145117
2145333
2145851
2146051
2146093
2146221
2146245
2146287
2146669
2146879
2146953
2146969
2147097
2147135
2147139
2147215
2147313
2147441
2147495
2147871
2147977
2148021
2148105
2148293
2148635
2148739
2148879
2148927
2148931
2149077
2149491
2149497
2149699
2149853
2149855
2150065
2150133
2150165
2150593
2150837
2150887
2150949
2151251
2151505
2151611
2151673
2151719
2151935
2152015
2152177
2152295
2152335
2152373
2152527
2152739
2152787
2152945
2153403
2153421
2153545
2153569
2153717
2153743
2153947
2154157
2154327
2154731
2155103
2155133
2155205
2155231
2155245
2155373
2155407
2155493
2155699
2156005
2156155
2156317
2156423
2156683
2157013
2157133
2157297
2157323
2157403
2157551
2157571
2157575
2157721
2157757
2157759
2157787
2157955
2158181
2158211
2158549
2158615
2158761
2158849
2158977
2159365
2159745
2159749
2159915
2160209
2160641
2160689
2160701
2160771
2160785
2161023
2161035
2161071
2161215
2161409
2161425
2161485
2161507
2161541
2162003
2162223
2162321
2162389
2162485
2162579
2162601
2162689
2162865
2162921
2162969
2163267
2164001
2164111
2164261
2164277
2164361
2164399
2164423
2164511
2164523
2164579
2164633
2164695
2164881
2165097
2165227
2165379
2165417
2166225
2166603
2167073
2167125
2167339
2167591
2167623
2167801
2167825
2167861
2167899
2168027
2168719
2168787
2168959
2168997
2169121
2169311
2169347
2169503
2169641
2169679
2169743
2169949
2170111
2170141
2170193
2170433
2170593
2170879
2171009
2171245
2171641
2171655
2171683
2171693
2171965
2172013
2172343
2172835
2173009
2173017
2173039
2173053
2173085
2173161
2173367
2173905
2174079
2174135
2174175
2174317
2174379
2174509
2174529
2174873
2175045
2175085
2175169
2175219
2175383
2175389
2175441
2175649
2175677
2175745
2175929
2176421
2176545
2176807
2176829
2176879
2177107
2177195
2177235
2177283
2177379
2177409
2177451
2177603
2177689
2177953
2178177
2178199
2178305
2178457
2178603
2178719
2178721
2178905
2179211
2179283
2179419
2179611
2179999
2180005
2180065
2180267
2180283
2180343
2180545
2180723
2180869
2180897
2180917
2181059
2181165
2181289
2181295
2181461
2181501
2181751
2181773
2181955
2182221
2182471
2182541
2182651
2182719
2182781
2182815
2182887
2182931
2183013
2183191
2183239
2183317
2183425
2183981
2184129
2184225
2184239
2184577
2184651
2184889
2184907
2184951
2184977
2184999
2185099
2185103
2185349
2185387
2185401
2185483
2185913
2185949
2185955
2186417
2186479
2186693
2186797
2186983
2187009
2187023
2187247
2187255
2187383
2187519
2187537
2187779
2187787
2187805
2187811
2187993
2188141
2188197
2188275
2188387
2188397
2188455
2188507
2189081
2189223
2189447
2189537
2189583
2189719
2189869
2189921
2189933
2189953
2190053
2190107
2190321
2190507
2190533
2190623
2190701
2190725
2190997
2191021
2191039
2191093
2191153
2191179
2191391
2191463
2191649
2191761
2191767
2192001
2192119
2192161
2192309
2192547
2192571
2192685
2192773
2192947
2193029
2193247
2193283
2193381
2193411
2193413
2193445
2193601
2193711
2193849
2194183
2194269
2194319
2194461
2194507
2194565
2194907
2194911
2194997
2195045
2195167
2195289
2195325
2195543
2195659
2195771
2195779
2196393
2196617
2196829
2197173
2197567
2197613
2197641
2198115
2198491
2198945
2198957
2199275
2199319
2199345
2199449
2199507
2199623
2199713
2199739
2199811
2199979
2200035
2200119
2200341
2200343
2200351
2200381
2200479
2200591
2200665
2200813
2200931
2201025
2201107
2201195
2201411
2201455
2201647
2201907
2202003
2202007
2202023
2202205
2202225
2202387
2202433
2202461
2202517
2202683
2202745
2202767
2202781
2202849
2202851
2202885
2202929
2203051
2203073
2203319
2203511
2203579
2203735
2203781
2203811
2203923
2203977
2204239
2204621
2204681
2204909
2205741
2206069
2206093
2206131
2206403
2206561
2206575
2206605
2206619
2206757
2207225
2207229
2207243
2207375
2207851
2208301
2208329
2208359
2208453
2208617
2208807
2208843
2208855
2208965
2209103
2209611
2209865
2210143
2211149
2211213
2211259
2211425
2211543
2211561
2211585
2211735
2211773
2211803
2211921
2212003
2212251
2212527
2212763
2213007
2213033
2213091
2213099
2213105
2213483
2213539
2213575
2213637
2213793
2213805
2213867
2214399
2214409
2214755
2214819
2215367
2215415
2215471
2215533
2215733
2216063
2216289
2216413
2216817
2217023
2217053
2217075
2217287
2217353
2217425
2217549
2217617
2217713
2217775
2217889
2218113
2218227
2218251
2218317
2218449
2218723
2218737
2218925
2219155
2219319
2219343
2219671
2219757
2219795
2219961
2220263
2220593
2220643
2221047
2221071
2221147
2221291
2221457
2221475
2221477
2221765
2221907
2221959
2221991
2222001
2222245
2222303
2222313
2222333
2222437
2222447
2222551
2222651
2222889
2222917
2223041
2223127
2223143
2223319
2223427
2223457
2223819
2224135
2224155
2224217
2224631
2224741
2224749
2225065
2225137
2225235
2225327
2225611
2225695
2225713
2225753
2225803
2225985
2226309
2226473
2226577
2226687
2227055
2227069
2227075
2227205
2227351
2227475
2227497
2227503
2227649
2227747
2227849
2227895
2227927
2228115
2228657
2228745
2228763
2228845
2228875
2228979
2229011
2229073
2229353
2229529
2229543
2229587
2229593
2229679
2229729
2230073
2230255
2230265
2230517
2230519
2230535
2230625
2230635
2230803
2230851
2231127
2231249
2231305
2231653
2231675
2231699
2231789
2231979
2232035
2232141
2232175
2232573
2232599
2233305
2233329
2233619
2233797
2234337
2234375
2234617
2234747
2234839
2235049
2235243
2235271
2235309
2235341
2235437
2235505
2235615
2235863
2235943
2235977
2236093
2236699
2236775
2236809
2237059
2237165
2237247
2237353
2237513
2237805
2237873
2237897
2237961
2238137
2238159
2238521
2238891
2239167
2239411
2239469
2239493
2239837
2240321
2240359
2240401
2240839
2240865
2241143
2241421
2241485
2241495
2241509
2241709
2241737
2242055
2242243
2242249
2242273
2242315
2242321
2242331
2242409
2242425
2242455
2242553
2242719
2242733
2242737
2242869
2242911
2242961
2243225
2243247
2243391
2243477
2243523
2243533
2243583
2243969
2243983
2244151
2244199
2244399
2244675
2244903
2244953
2245221
2245399
2245493
2245913
2245917
2245955
2245991
2246127
2246231
2246245
2246445
2246457
2246925
2246989
2247049
2247059
2247177
2247201
2247233
2247309
2248173
2248493
2248519
2248883
2248903
2248979
2249083
2249143
2249215
2249361
2249449
2249471
2249691
2249817
2250109
2250473
2250537
2251015
2251511
2251517
2251691
2251709
2251785
2251851
2251861
2251867
2251949
2252341
2252407
2252737
2253359
2253683
2253743
2253775
2253807
2253811
2253991
2254025
2254083
2254503
2254545
2254581
2254631
2255089
2255233
2255239
2255253
2255305
2255389
2255521
2255837
2255853
2255881
2256079
2256229
2256409
2256441
2256581
2256947
2256987
2257225
2257313
2257411
2257435
2257571
2257579
2257695
2257717
2257777
2257867
2257951
2257955
2258005
2258107
2258159
2258307
2258365
2258389
2258981
2259161
2259175
2259249
2260015
2260083
2260301
2260611
2260735
2260893
2260931
2261161
2261919
2262171
2262233
2262337
2262499
2262565
2263203
2263247
2263397
2263479
2263519
2263523
2263555
2264379
2264387
2264411
2264437
2264447
2264503
2264817
2264823
2265129
2265497
2265577
2265827
2266139
2266405
2266415
2266565
2266601
2266871
2266875
2266969
2267121
2267415
2267437
2267477
2267747
2267811
2267895
2267905
2268119
2268195
2268721
2269005
2269021
2269157
2269165
2269273
2269347
2269491
2269741
2269869
2270109
2270247
2270343
2270497
2270519
2270599
2270611
2270623
2270699
2270745
2270789
2270987
2271269
2271707
2271893
2271901
2271913
2271933
2272107
2272141
2272161
2272187
2272307
2272317
2272433
2272627
2272847
2273131
2273147
2273175
2273205
2273315
2273321
2273621
2273791
2274029
2274173
2274181
2274371
2274495
2274743
2274827
2274923
2275007
2275273
2275283
2275357
2275375
2275791
2275941
2276081
2276235
2276251
2276339
2276427
2276441
2276655
2276831
2276907
2277177
2277263
2277331
2277343
2277509
2277587
2277765
2277785
2277809
2277831
2277939
2278001
2278075
2278245
2278265
2278563
2278741
2278951
2279137
2279163
2279393
2279405
2279675
2279693
2279799
2280187
2280301
2280461
2280833
2280947
2280981
2281281
2281307
2281355
2281357
2281437
2281475
2281569
2281621
2281631
2281655
2281901
2282001
2282013
2282017
2282063
2282133
2282333
2282425
2282689
2282959
2283127
2283171
2283355
2283389
2283561
2283573
2283583
2283599
2283811
2283839
2283879
2283899
2283941
2284255
2284269
2284345
2284425
2284611
2284655
2284815
2284849
2284905
2284967
2285065
2285397
2285421
2285491
2286001
2286039
2286407
2286447
2286567
2286595
2286721
2286795
2286879
2287231
2287293
2287483
2287671
2287677
2288011
2288019
2288023
2288039
2288193
2288491
2288715
2288765
2288889
2288971
2289131
2289197
2289501
2289513
2289545
2289673
2289771
2289813
2290365
2290541
2290651
2290749
2290837
2290901
2291147
2291159
2291357
2291371
2291709
2291725
2291837
2291839
2292001
2292127
2292257
2292261
2292353
2292381
2292411
2292601
2292699
2292949
2292963
2293001
2293117
2293163
2293291
2293295
2293727
2293861
2293983
2294083
2294185
2294201
2294369
2294381
2294387
2294571
2294629
2294677
2294729
2294763
2294997
2295207
2295309
2295335
2295427
2295459
2295843
2295931
2296171
2296455
2296657
2297037
2297213
2297273
2297429
2297479
2297523
2297601
2297631
2297701
2298115
2298247
2298285
2298375
2298403
2298445
2298565
2298771
2298845
2298877
2298881
2299209
2299231
2299341
2299343
2299371
2299477
2299487
2299693
2299723
2299837
2299865
2300071
2300327
2300439
2300491
2300939
2301037
2301179
2301355
2301463
2301475
2301589
2301845
2302013
2302129
2302431
2302497
2303035
2303083
2303107
2303151
2303311
2303553
2303605
2303779
2303833
2303937
2303971
2303993
2304119
2304281
2304505
2305705
2305765
2305819
2305851
2306055
2306215
2306253
2306381
2306513
2306739
2307055
2307269
2307337
2307351
2307745
2307809
2308151
2308449
2308471
2308775
2308873
2309035
2309145
2309261
2309385
2309435
2309629
2309649
2309683
2309715
2310067
2310133
2310269
2310369
2310551
2310589
2310621
2310651
2310873
2310875
2310987
2311007
2311133
2311227
2311277
2311345
2311375
2311567
2311915
2312145
2312191
2312209
2312217
2312457
2312929
2313079
2313113
2313435
2313489
2313855
2314033
2314181
2314251
2314297
2314379
2314477
2314585
2314587
2314625
2314741
2315249
2315587
2315721
2315763
2316057
2316245
2316365
2316395
2316729
2316751
2316799
2316979
2317225
2317251
2317683
2317783
2317847
2318223
2318293
2318301
2318407
2318431
2318611
2318659
2318695
2318717
2319093
2319129
2319171
2319621
2320109
2320111
2320225
2320429
2321273
2321513
2321769
2322561
2322841
2322929
2323071
2323145
2323173
2323219
2323237
2323415
2323693
2323997
2324123
2324201
2324447
2324551
2324583
2324659
2324733
2325019
2325061
2325285
2325441
2325641
2325643
2325735
2325971
2325991
2326215
2326453
2326485
2326537
2326729
2326891
2326967
2327063
2327543
2327621
2327665
2327689
2327965
2328111
2328167
2328223
2328245
2328285
2328367
2328377
2328399
2328467
2328527
2328529
2328561
2328599
2328743
2328849
2328875
2328943
2329105
2329205
2329327
2329347
2329527
2329733
2330019
2330039
2330041
2330103
2330153
2330329
2330595
2330743
2331497
2331525
2331541
2331635
2331827
2331867
2332021
2332077
2332189
2332339
2332383
2332435
2332449
2332507
2332577
2332825
2333037
2333149
2333277
2333307
2333355
2333363
2333463
2333695
2333867
2334161
2334463
2334593
2334613
2334629
2334685
2334831
2335193
2335559
2335741
2335815
2335835
2335871
2335893
2335995
2336027
2336157
2336215
2336251
2336271
2336327
2336619
2336657
2336823
2336941
2337025
2337155
2337261
2337467
2337543
2337567
2337579
2337875
2337909
2337917
2338077
2338333
2338341
2338565
2338759
2338837
2338905
2339057
2339117
2339291
2339335
2339527
2339561
2339569
2339599
2339711
2339773
2339835
2339975
2339997
2340099
2340217
2340269
2340727
2340771
2340817
2340849
2340899
2340977
2341031
2341113
2341131
2341137
2341219
2341409
2342043
2342103
2342443
2342719
2342765
2342851
2343065
2343409
2343601
2343719
2343749
2343867
2344007
2344037
2344083
2344175
2344223
2344359
2344387
2344443
2344533
2344957
2344981
2345009
2345027
2345109
2345443
2345523
2345747
2345753
2345767
2345781
2345789
2345859
2345943
2345955
2346017
2346171
2346193
2346211
2346217
2346371
2346641
2347223
2347307
2347423
2347767
2347875
2347897
2348097
2348145
2348193
2348317
2348375
2348641
2349033
2349101
2349311
2349319
2349367
2349709
2349731
2350011
2350013
2350033
2350107
2350189
2350307
2350531
2350693
2350979
2351019
2351237
2351283
2351287
2351447
2351453
2351563
2351795
2351823
2352093
2352109
2352215
2352399
2352451
2352519
2352623
2352671
2352715
2352763
2352807
2352863
2353339
2353473
2353589
2353649
2353733
2353759
2354075
2354151
2354261
2354455
2354463
2354709
2354777
2354949
2355033
2355095
2355291
2355331
2355431
2355775
2356113
2356119
2356319
2356439
2356683
2356793
2356873
2357121
2357229
2357365
2357519
2357627
2357633
2357639
2358013
2358667
2358895
2359159
2359167
2359285
2359375
2359417
2359481
2359661
2359747
2360297
2360313
2360337
2360389
2360537
2360715
2360777
2360905
2361101
2361137
2361171
2361187
2361731
2361889
2362101
2362125
2362401
2362615
2362625
2362749
2363041
2363117
2363123
2363253
2363367
2363401
2363679
2363701
2363925
2364645
2364737
2365153
2365211
2365297
2365353
2365425
2365433
2365461
2365667
2365815
2365885
2365901
2365941
2366057
2366121
2366185
2366261
2366283
2366317
2366429
2366485
2366499
2366603
2366629
2366747
2366761
2366767
2366789
2366983
2367153
2367167
2367201
2367255
2367487
2367831
2367865
2368047
2368151
2368285
2368373
2368411
2368521
2368649
2368743
2368807
2369217
2369241
2369433
2369573
2369659
2369715
2369739
2369909
2370095
2370101
2370245
2370257
2370287
2370411
2370523
2370657
2370843
2371281
2371353
2371609
2371627
2371645
2371769
2371921
2372063
2372129
2372383
2372585
2372795
2372805
2372817
2372877
2372901
2372963
2373075
2373323
2373559
2373651
2374413
2374699
2374957
2375063
2375273
2375349
2375659
2375681
2375777
2375887
2376025
2376197
2376217
2376331
2376675
2376773
2376941
2377355
2377451
2377707
2377821
2377835
2377851
2377911
2378393
2378625
2379111
2379177
2379191
2379219
2379365
2379675
2379741
2379955
2380139
2380205
2380231
2380717
2381285
2381301
2381343
2381593
2381619
2381629
2381667
2381731
2381743
2381801
2381981
2382145
2382153
2382393
2382419
2382853
2382857
2383211
2383219
2383311
2383391
2383409
2383797
2383977
2383979
2384039
2384057
2384077
2384183
2384193
2384303
2384327
2384417
2384471
2384573
2384643
2384709
2384715
2384857
2384985
2384987
2385145
2385295
2385397
2385633
2385689
2385737
2385757
2386029
2386169
2386417
2386427
2386497
2386557
2386631
2387167
2387191
2387349
2387389
2387393
2387455
2387797
2387821
2387959
2388019
2388023
2388039
2388129
2388311
2388359
2388417
2388619
2388709
2388963
2389209
2389231
2389343
2389355
2389757
2390095
2390197
2390247
2390315
2390739
2390803
2390821
2391671
2391895
2391949
2392051
2392079
2392431
2392563
2392645
2393045
2393087
2393589
2393645
2394079
2394125
2394141
2394195
2394295
2394385
2394679
2395047
2395127
2395193
2395241
2395461
2395651
2395703
2395735
2395997
2396315
2396329
2396565
2396757
2396781
2397069
2397195
2397633
2397671
2397835
2397897
2398083
2398177
2398237
2398269
2398299
2398327
2398433
2398461
2398731
2399013
2399193
2399319
2399339
2399457
2399499
2399703
2399809
2399921
2400245
2400249
2400335
2400451
2400539
2401051
2401149
2401449
2401581
2401695
2401697
2401771
2401913
2402025
2402061
2402127
2402169
2402371
2402613
2402659
2402859
2402907
2403317
2403485
2403617
2404137
2404185
2404685
2404697
2404719
2404797
2405393
2405479
2405889
2405893
2405959
2406103
2406271
2406293
2406315
2406469
2406483
2406501
2406503
2406541
2406599
2406729
2406959
2407291
2407305
2407319
2407529
2407653
2407685
2407759
2407869
2407923
2408091
2408189
2408271
2408321
2408413
2408599
2409245
2409271
2409685
2409929
2410049
2410057
2410099
2410143
2410295
2410325
2410427
2410431
2410443
2410529
2410665
2410813
2410849
2410947
2411187
2411323
2411349
2411423
2411449
2411635
2411725
2411759
2411803
2412013
2412067
2412069
2412195
2412271
2412277
2412407
2412627
2412737
2412887
2413049
2413103
2413191
2413521
2413543
2413545
2413803
2413943
2413947
2414065
2414229
2414435
2414733
2414769
2414973
2414993
2415039
2415245
2415287
2415369
2415407
2415427
2415511
2415605
2415625
2415647
2415779
2415871
2416049
2416095
2416209
2416231
2416239
2416267
2416453
2416471
2417147
2417195
2417715
2417717
2417909
2417959
2417997
2418095
2418281
2418431
2418457
2418743
2419157
2419177
2419197
2419209
2419623
2419625
2420223
2420351
2420423
2420821
2420843
2421131
2421173
2421415
2421653
2421925
2421973
2422039
2422095
2422125
2422127
2422207
2422373
2422671
2422777
2423115
2423227
2423507
2423539
2423713
2423985
2424031
2424063
2424073
2424079
2424297
2424311
2424435
2424697
2424739
2424769
2424783
2424999
2425307
2425423
2425599
2425853
2425907
2425933
2425965
2426251
2426323
2426387
2426635
2426827
2426927
2427281
2427347
2427375
2427399
2427495
2427649
2427985
2428085
2428433
2428455
2428491
2428507
2428651
2428719
2429001
2429051
2429095
2429123
2429205
2429295
2429363
2429437
2429645
2429677
2429811
2429985
2430045
2430279
2430443
2430709
2430751
2431131
2431187
2431335
2431365
2431383
2431497
2431589
2431655
2432165
2432171
2432241
2432263
2432293
2432599
2432637
2432803
2432937
2433009
2433013
2433103
2433179
2433473
2433531
2433553
2433589
2433601
2433733
2433793
2433837
2434133
2434349
2434455
2434623
2434713
2434741
2434793
2434861
2434915
2434981
2435009
2435089
2435111
2435323
2435375
2435387
2435483
2435769
2435851
2435855
2436029
2436115
2436227
2436247
2436451
2436659
2436675
2436733
2436737
2436975
2436993
2437035
2437631
2437633
2437761
2437787
2437907
2438085
2438145
2438171
2438377
2438399
2438465
2438509
2438741
2438943
2439051
2439075
2439281
2439357
2439383
2439739
2439743
2439825
2439855
2439909
2439955
2440117
2440439
2440477
2440577
2440597
2440623
2440737
2440757
2440759
2441033
2441315
2441323
2441497
2441543
2441565
2441789
2441997
2442101
2442159
2442181
2442281
2442559
2442591
2442607
2442675
2442681
2442737
2442945
2443199
2443295
2443455
2443463
2443711
2443879
2443919
2444029
2444259
2444297
2444303
2444377
2444767
2444849
2444877
2444909
2445071
2445341
2445599
2445681
2445793
2446017
2446213
2446421
2446525
2446565
2446909
2446917
2446999
2447149
2447287
2447297
2447307
2447361
2447477
2447699
2447747
2447755
2447795
2447847
2447859
2447865
2447933
2448549
2448987
2449117
2449703
2449829
2449961
2450495
2450559
2450953
2451041
2451681
2451957
2452161
2452257
2452387
2452433
2452757
2452783
2452935
2452965
2453141
2453171
2453191
2453301
2453421
2453453
2453565
2453747
2453995
2454109
2454147
2454323
2454479
2455377
2455443
2455579
2455593
2455885
2455923
2455929
2455967
2456005
2456113
2456627
2456643
2456681
2456749
2456763
2456937
2456953
2457051
2457105
2457173
2457225
2457291
2457397
2457403
2457793
2457917
2458099
2458101
2458269
2458311
2458425
2458513
2458531
2458589
2458665
2458773
2458775
2458969
2459079
2459635
2459787
2460041
2460147
2460249
2460267
2460281
2460501
2460691
2460745
2460977
2460995
2461085
2461249
2461427
2461713
2462023
2462187
2462349
2462473
2462499
2462663
2463025
2463089
2463397
2463477
2463843
2464265
2464307
2464451
2464473
2464543
2464573
2464583
2464771
2464781
2464785
2464837
2464945
2464947
2464987
2465003
2465135
2465177
2465259
2465315
2465457
2465465
2465603
2465835
2465889
2466071
2466133
2466219
2466269
2466791
2466905
2466975
2467001
2467027
2467069
2467175
2467333
2467537
2467643
2468455
2468461
2468773
2468855
2469199
2469371
2469545
2469567
2469587
2469809
2469863
2469877
2469987
2470067
2470153
2470309
2470437
2470467
2471233
2471303
2471371
2471671
2471757
2471781
2471833
2471945
2472331
2472361
2472371
2472431
2472547
2472633
2472893
2473637
2473663
2473681
2473879
2473921
2473987
2474045
2474157
2474175
2474201
2474403
2474423
2475051
2475083
2475093
2475373
2475469
2475567
2475831
2475991
2476153
2476375
2476453
2476545
2476751
2476785
2476823
2476921
2477003
2477065
2477151
2477195
2477301
2477317
2477449
2477657
2477955
2478063
2478079
2478377
2478445
2479157
2479321
2479673
2479683
2480055
2480287
2480451
2480487
2480989
2481353
2481437
2481465
2481617
2481973
2482165
2482477
2482651
2482771
2483439
2483457
2483591
2483651
2484061
2484155
2484245
2484339
2484451
2484579
2484751
2484825
2485085
2485143
2485409
2485501
2485503
2485607
2485663
2485711
2485749
2485763
2486025
2486075
2486105
2486421
2486527
2486585
2486655
2486797
2486923
2486925
2486979
2486989
2487067
2487073
2487551
2487755
2487899
2487939
2488095
2488213
2488225
2488541
2488791
2488845
2488871
2489157
2489391
2489473
2489511
2489727
2489801
2489903
2489931
2489975
2490251
2490343
2490611
2490985
2490995
2491133
2491135
2491461
2491521
2491605
2491697
2491771
2491815
2491915
2491943
2492039
2492073
2492093
2492215
2492251
2492309
2492327
2492385
2492387
2492577
2492843
2492963
2493005
2493093
2493127
2493173
2493223
2493225
2493339
2493503
2494083
2494189
2494237
2494281
2494291
2494363
2494719
2494737
2494761
2494885
2495129
2495231
2495533
2496357
2496383
2496409
2496633
2496887
2496897
2497087
2497265
2497311
2497521
2497579
2497661
2497663
2497747
2497809
2497847
2497933
2498007
2498031
2498169
2498353
2498435
2498499
2498553
2498557
2498559
2498585
2498753
2498809
2498871
2499313
2499435
2499577
2499589
2499609
2499711
2500145
2500313
2500317
2500351
2500353
2500439
2500673
2500897
2501045
2501277
2501669
2501689
2501869
2502851
2503257
2503279
2503461
2503723
2504469
2505109
2505207
2505591
2505997
2506069
2506653
2506689
2506725
2506735
2506787
2507009
2507101
2507405
2507447
2507459
2507465
2507623
2507715
2507719
2507745
2507805
2507819
2508031
2508063
2508547
2508551
2508609
2508639
2509051
2509063
2509159
2509333
2509367
2509665
2509919
2510313
2510319
2510391
2510665
2510697
2510883
2511123
2511209
2511295
2511709
2511721
2511739
2511745
2511763
2511865
2511877
2511887
2512085
2512173
2512333
2512423
2512571
2512575
2512613
2512627
2512665
2512833
2512941
2513047
2513091
2513103
2513191
2513383
2513601
2513685
2513741
2513783
2514001
2514025
2514111
2514147
2514159
2514163
2514325
2514339
2514787
2514793
2515431
2515439
2515447
2516009
2516091
2516329
2516335
2516505
2516763
2516869
2517091
2517229
2517331
2517413
2517523
2517629
2517633
2517715
2517827
2517941
2518223
2518233
2518421
2518425
2518763
2518793
2518867
2518979
2518983
2518995
2519485
2519599
2519699
2519729
2519911
2520051
2520081
2520175
2520341
2521199
2521279
2521315
2521421
2521671
2521929
2521943
2522001
2522083
2522143
2522201
2522869
2522917
2522943
2523005
2523239
2523355
2523425
2523471
2523823
2523993
2524007
2524121
2524361
2524459
2524503
2524661
2524697
2524767
2524833
2524847
2525041
2525109
2525313
2525335
2525739
2525853
2525923
2526133
2526223
2526493
2526549
2526675
2526831
2526903
2526937
2526957
2526965
2526967
2527123
2527601
2527721
2527911
2527973
2528133
2528135
2528189
2528435
2528487
2528591
2528783
2528987
2528989
2529023
2529055
2529127
2529295
2529407
2529439
2529551
2529767
2529863
2529959
2530005
2530051
2530089
2530099
2530135
2530285
2530325
2530419
2530513
2530617
2530671
2531079
2531335
2531585
2531889
2532565
2532603
2532605
2532809
2532891
2532905
2532923
2532995
2533139
2533149
2533431
2533577
2533707
2533907
2533975
2534481
2534627
2534727
2535141
2535229
2535239
2535317
2535449
2535589
2535619
2535689
2535741
2535793
2535817
2535967
2536239
2536291
2536623
2536697
2537087
2537105
2537173
2537225
2537257
2537307
2537313
2537365
2537425
2537429
2537433
2537511
2537977
2538033
2538117
2538381
2538473
2538503
2538639
2538743
2538829
2538871
2539167
2539305
2539317
2539385
2539403
2539429
2539585
2539889
2539945
2540033
2540137
2540207
2540539
2540695
2540731
2540745
2540857
2540995
2541043
2541179
2541229
2541277
2541509
2541535
2541621
2541675
2541773
2541805
2541871
2542041
2542439
2542471
2542773
2542877
2542953
2543119
2543683
2543835
2543905
2544273
2544281
2544343
2544615
2544681
2544683
2544867
2544923
2545085
2545397
2545449
2545483
2545527
2545559
2545767
2545869
2546019
2546135
2546137
2546319
2546495
2546499
2546581
2546631
2546791
2546877
2546967
2547213
2547269
2547283
2547409
2547469
2547491
2547515
2547551
2547765
2547815
2547931
2547945
2548037
2548107
2548265
2548517
2548919
2549273
2549369
2549393
2549395
2549419
2549545
2549983
2550131
2550139
2550207
2550221
2550631
2550749
2550765
2550841
2550939
2551127
2551157
2551205
2551219
2551459
2551587
2551605
2551821
2552023
2552081
2552093
2552117
2552301
2552415
2552417
2552459
2552561
2552601
2552677
2552867
2553115
2553181
2553195
2553289
2553555
2553623
2553629
2553653
2553725
2553871
2553941
2553951
2553969
2553997
2554011
2554035
2554207
2554321
2554339
2554491
2554625
2554669
2554683
2554811
2555043
2555145
2555149
2555277
2555411
2555537
2555827
2555857
2555885
2555963
2556023
2556571
2556721
2556743
2556755
2556783
2556819
2556841
2556857
2556885
2556891
2556973
2557395
2557567
2557711
2557717
2557751
2558149
2558217
2558315
2558401
2558449
2558615
2558633
2558771
2559057
2559077
2559293
2559381
2559591
2559611
2559623
2559771
2559799
2559935
2560037
2560105
2560189
2560259
2560391
2560449
2560503
2560575
2560649
2560747
2560975
2561083
2561245
2561403
2561433
2561515
2561635
2561723
2561805
2562025
2562043
2562159
2562349
2562645
2562777
2562977
2563135
2563185
2563491
2563493
2563837
2564139
2564193
2564239
2564501
2564509
2564637
2564803
2564965
2565311
2565403
2565641
2565987
2566085
2566311
2566319
2566557
2566611
2566645
2566773
2566797
2566817
2566855
2566993
2567049
2567065
2567071
2567183
2567301
2567529
2567559
2567745
2567905
2567937
2567977
2568079
2568111
2568217
2568273
2568295
2568393
2568395
2568443
2568683
2569191
2569395
2569415
2569557
2569577
2569797
2569821
2569879
2570101
2570319
2570357
2570365
2570395
2570497
2570545
2570875
2570925
2571201
2571351
2571361
2571491
2571581
2571591
2571655
2571823
2572085
2572387
2572513
2572531
2572771
2572895
2572999
2573055
2573213
2573281
2573309
2573371
2573545
2573637
2573741
2574189
2574513
2574695
2574801
2575021
2575141
2575289
2575315
2575407
2575433
2575447
2575623
2575651
2575949
2576015
2576025
2576137
2576287
2576309
2576345
2576411
2576435
2576681
2576697
2576813
2576841
2577343
2577461
2577967
2577987
2578215
2578273
2578333
2578369
2578397
2578563
2578689
2578739
2578829
2578919
2578931
2579033
2579183
2579329
2579335
2579435
2579445
2579593
2579691
2579941
2580021
2580077
2580233
2580299
2580369
2580465
2580597
2580631
2580821
2581229
2581393
2581531
2581537
2581563
2581663
2581681
2581885
2581973
2582131
2582159
2582231
2582317
2582377
2582467
2582491
2582631
2582871
2582905
2583001
2583029
2583301
2583333
2583429
2583621
2583675
2583825
2584185
2584447
2584639
2584697
2585509
2585569
2585583
2585837
2585909
2586013
2586019
2586089
2586351
2586379
2586533
2586537
2587037
2587559
2587607
2587617
2587801
2588015
2588027
2588083
2588231
2588665
2588713
2588721
2588845
2589051
2589067
2589447
2589503
2589751
2589843
2589931
2589983
2589995
2590367
2590483
2590777
2590857
2591259
2591399
2591415
2591551
2591671
2591949
2592041
2592437
2592473
2592515
2592553
2592685
2592755
2592947
2593091
2593139
2593175
2593185
2593285
2593369
2593823
2593915
2593961
2594381
2594419
2594689
2594777
2594943
2595275
2595317
2595409
2595541
2595579
2595957
2595993
2596025
2596167
2596231
2596235
2596315
2596357
2596455
2596457
2596703
2596737
2596829
2597069
2597115
2597371
2597757
2597807
2597883
2597983
2598109
2598187
2598229
2598243
2598475
2598613
2598817
2598939
2598987
2599047
2599077
2599341
2599545
2599941
2600035
2600169
2600895
2601485
2601505
2601573
2601775
2601829
2601877
2601905
2601913
2601983
2602123
2602141
2602225
2602365
2602407
2602771
2602865
2602997
2603075
2603165
2603225
2603281
2603351
2603587
2604139
2604185
2604349
2604553
2604573
2604593
2604713
2604749
2604877
2604933
2604939
2605093
2605189
2605211
2605499
2605621
2605895
2606057
2606245
2606269
2606347
2606369
2606437
2606491
2606597
2606721
2606877
2606981
2607295
2607621
2607653
2607703
2607707
2607901
2607983
2608121
2608367
2608441
2608485
2608563
2608647
2608689
2608747
2608811
2608897
2608967
2609139
2609151
2609265
2609423
2609481
2609583
2609937
2609941
2610091
2610117
2610253
2610577
2610789
2610935
2611119
2611431
2611459
2612111
2612231
2612405
2612457
2613135
2613183
2613239
2613323
2613397
2613671
2613719
2613833
2614151
2614179
2614183
2614203
2614235
2614499
2614679
2614743
2614825
2615101
2615453
2615931
2616033
2616467
2616509
2616625
2616637
2616713
2616805
2616887
2616933
2616957
2617297
2617337
2617389
2617559
2617605
2617643
2617795
2618197
2618291
2618399
2618579
2618621
2618627
2618681
2618863
2618991
2619013
2619019
2619243
2619413
2619511
2619517
2619589
2619607
2619827
2619937
2620527
2620599
2620669
2620855
2620861
2621019
2621311
2621437
2621719
2621757
2621943
2622061
2622141
2622297
2622553
2622623
2622635
2622637
2622923
2622985
2623091
2623247
2623265
2623779
2624033
2624285
2624431
2624599
2624641
2624643
2624665
2624929
2625007
2625029
2625051
2625287
2625589
2625595
2625617
2625899
2626153
2626515
2626527
2626883
2626945
2627095
2627247
2627293
2627327
2627359
2627559
2627595
2627885
2628031
2628109
2628127
2628227
2628459
2628645
2628813
2628853
2628937
2629107
2629115
2629723
2629743
2630009
2630159
2630247
2630267
2630333
2630375
2630401
2630499
2630527
2630699
2630807
2630935
2631007
2631113
2631147
2631165
2631365
2631413
2631415
2631459
2631501
2631773
2631875
2631949
2632115
2632211
2632325
2632457
2632547
2632601
2632797
2632829
2632843
2633027
2633077
2633207
2633475
2633481
2633537
2633555
2633637
2633781
2633967
2634041
2634055
2634145
2634431
2634449
2634487
2634643
2634657
2634795
2634841
2634873
2634911
2635115
2635217
2635263
2635397
2635433
2635543
2635563
2635705
2636037
2636445
2636573
2636589
2636631
2636657
2636947
2636951
2637025
2637301
2637461
2637673
2637705
2638463
2638487
2638569
2638747
2639173
2639263
2639271
2639807
2639877
2639885
2639899
2640057
2640165
2640303
2640369
2640687
2640701
2640709
2640789
2640823
2641157
2641193
2641537
2641545
2641565
2641847
2641941
2642111
2642539
2642671
2642737
2642749
2642755
2642829
2643191
2643285
2643303
2643373
2643431
2643477
2643565
2643919
2643977
2644271
2644329
2644339
2644431
2644483
2644493
2644599
2644737
2644789
2644853
2644973
2645073
2645105
2645217
2645251
2645575
2645765
2645797
2646201
2646273
2646353
2646359
2646587
2646593
2646819
2646827
2646969
2647429
2647467
2647721
2647733
2647745
2647769
2648035
2648243
2648321
2649065
2649215
2649241
2649311
2649327
2649521
2649557
2649687
2649713
2649829
2650025
2650091
2650095
2650115
2650145
2650285
2650317
2650431
2650445
2650451
2650473
2650677
2650703
2650899
2650951
2651123
2651155
2651179
2651255
2651291
2651341
2651407
2651613
2651671
2651805
2651875
2651963
2652253
2652271
2652397
2652417
2652491
2652683
2652749
2652793
2652913
2653253
2653327
2653427
2653457
2653557
2653579
2653723
2653845
2654007
2654025
2654501
2654527
2654795
2654831
2654911
2655003
2655011
2655015
2655269
2655685
2655723
2655731
2655807
2655915
2656021
2656345
2656389
2656515
2656643
2656685
2656695
2656779
2657093
2657095
2657245
2657289
2657321
2657637
2657723
2658051
2658125
2658357
2658459
2658495
2658937
2659059
2659199
2659237
2659311
2659353
2659377
2659475
2659863
2660029
2660083
2660237
2660293
2660541
2660621
2660653
2660667
2660921
2661039
2661065
2661079
2661121
2661193
2661451
2661491
2661639
2661647
2661773
2661953
2662077
2662177
2662247
2662261
2662297
2662389
2662463
2662621
2663185
2663271
2663811
2663879
2664265
2664351
2664813
2664831
2664981
2665139
2665245
2665293
2665349
2665471
2665489
2665515
2665527
2665659
2665767
2665879
2665993
2666341
2666653
2666733
2667149
2667159
2667511
2667573
2667585
2667591
2667655
2667761
2667839
2668211
2668237
2668335
2668897
2668943
2669093
2669251
2669395
2669603
2669899
2669979
2670217
2670275
2670373
2670477
2670845
2670945
2671391
2671431
2671575
2671671
2671689
2671723
2672157
2672301
2672323
2672373
2672375
2672511
2672927
2672941
2673141
2673159
2673429
2673497
2673529
2673671
2673729
2673891
2673933
2674011
2674139
2674291
2674391
2674685
2674773
2674805
2675037
2675147
2675175
2675187
2675239
2675537
2675543
2675705
2676297
2676395
2676401
2676447
2676599
2676607
2676669
2676719
2676721
2676829
2676977
2677245
2677321
2677501
2677513
2677631
2677697
2677789
2677813
2677897
2678075
2678083
2678099
2678163
2678171
2678301
2678313
2678391
2678407
2678457
2678625
2678921
2678983
2679233
2679273
2679609
2679633
2679749
2679779
2679939
2680485
2680655
2680909
2681407
2681657
2681787
2682305
2682703
2682809
2683031
2683037
2683165
2683453
2683541
2683703
2683791
2683831
2683903
2684289
2684427
2684491
2684647
2684661
2684913
2684969
2685177
2685239
2685353
2685381
2685483
2685607
2685829
2685871
2685963
2685981
2686255
2686495
2686501
2686629
2686727
2686735
2687021
2687497
2687627
2687697
2687795
2688029
2688181
2688269
2688281
2688395
2688463
2688549
2688629
2688671
2688731
2689021
2689253
2689345
2689537
2689555
2689627
2689647
2689691
2689729
2689807
2690003
2690243
2690263
2690415
2690705
2690963
2691011
2691017
2691137
2691219
2691331
2691435
2691699
2691755
2692213
2692529
2692613
2692845
2693049
2693179
2693219
2693481
2693875
2693891
2693939
2693943
2693949
2694187
2694347
2694395
2694521
2694747
2695551
2695693
2696133
2696157
2696213
2696219
2696419
2696639
2696649
2696751
2696845
2696999
2697561
2697619
2697805
2697901
2698361
2698459
2698677
2698737
2698851
2698889
2699101
2699145
2699325
2699419
2699449
2699973
2700029
2700039
2700097
2700371
2700383
2700407
2700647
2700741
2700815
2700919
2701227
2701285
2701331
2701541
2701605
2701785
2701839
2701909
2701963
2702097
2702255
2702499
2702725
2702831
2702995
2703049
2703179
2703231
2703307
2703401
2703601
2703981
2703997
2704023
2704051
2704075
2704163
2704373
2704803
2704889
2705007
2705023
2705227
2705241
2705245
2705307
2705521
2705525
2705845
2705927
2706043
2706411
2706565
2706587
2706653
2706699
2707347
2707479
2707495
2707543
2707547
2707883
2708083
2708085
2708235
2708307
2708373
2708811
2709085
2709147
2709243
2709575
2709765
2709927
2709939
2710271
2710317
2710323
2710507
2710517
2710607
2710647
2710701
2711033
2711053
2711209
2711511
2711575
2711879
2712013
2712397
2712407
2712449
2712715
2712745
2713135
2713439
2713519
2713681
2713779
2713845
2714295
2714711
2714907
2714939
2715119
2715317
2715479
2715511
2715601
2715899
2715923
2715927
2715971
2716123
2716139
2716151
2716203
2716257
2716333
2716431
2716437
2716445
2716453
2716705
2716863
2717097
2717257
2717319
2717381
2717491
2717995
2718007
2718019
2718063
2718415
2718457
2718655
2718661
2718969
2719059
2719423
2719567
2719779
2719995
2720049
2720073
2720139
2720463
2720537
2720853
2720945
2721069
2721089
2721257
2721279
2721361
2721467
2721961
2722123
2722279
2722819
2722865
2723083
2723177
2723417
2723615
2723637
2723699
2723813
2723817
2723831
2724157
2724537
2724979
2725167
2725177
2725273
2725505
2725591
2725725
2726159
2726177
2726497
2726645
2726657
2726721
2726777
2727175
2727339
2727527
2727669
2727907
2727983
2728015
2728163
2728227
2728449
2728585
2728713
2728775
2729083
2729131
2729203
2729243
2729291
2729399
2729479
2729483
2729669
2729887
2730231
2730271
2730371
2730503
2730645
2730667
2730701
2730743
2730811
2731077
2731473
2731767
2731961
2731963
2732065
2732573
2732759
2733025
2733079
2733089
2733455
2733673
2733965
2734075
2734181
2734219
2734221
2734225
2734321
2734493
2734567
2734643
2734701
2734747
2734811
2734851
2735031
2735119
2735129
2735415
2736047
2736081
2736185
2736375
2736381
2736573
2736599
2736809
2737089
2737239
2737293
2737345
2737649
2737903
2737949
2738115
2738231
2738351
2738513
2738679
2738711
2738781
2738855
2738879
2738945
2739379
2739447
2739635
2739645
2739659
2739777
2740113
2740141
2740211
2740263
2740365
2740385
2740453
2740605
2740673
2740783
2740849
2740857
2740879
2741079
2741107
2741171
2741773
2741843
2741939
2741963
2742347
2742365
2742549
2742769
2742825
2742941
2743097
2743189
2743439
2743763
2743873
2743925
2743965
2744105
2744413
2744675
2744701
2744819
2744861
2744981
2745025
2745137
2745429
2745563
2745617
2745649
2745825
2745867
2745959
2745961
2746421
2746533
2746575
2746829
2747039
2747071
2747101
2747221
2747253
2747283
2747409
2747687
2747769
2747871
2747881
2747891
2748077
2748131
2748269
2748343
2748377
2748551
2748583
2748657
2748801
2749479
2749609
2749633
2750109
2750147
2750157
2750191
2750269
2750477
2750589
2750641
2750687
2750703
2750781
2750885
2751199
2751517
2751589
2751699
2751785
2751895
2752319
2752491
2752591
2752859
2752931
2753031
2753049
2753055
2753215
2753345
2753383
2753503
2753617
2754007
2754101
2754231
2754263
2754267
2754417
2754659
2754799
2754841
2755035
2755161
2755171
2755469
2755573
2755599
2755631
2755803
2755929
2756211
2756297
2756409
2756607
2756653
2756767
2756827
2756889
2756953
2757143
2757295
2757347
2757357
2757447
2757539
2757559
2757835
2758053
2758177
2758373
2758439
2758567
2758685
2758947
2758979
2759013
2759151
2759255
2759267
2759289
2759449
2759663
2759961
2760071
2760123
2760133
2760165
2760179
2760311
2760347
2760361
2760477
2760511
2760783
2760815
2761213
2761251
2761285
2761347
2761537
2761739
2761799
2761939
2762031
2762065
2762069
2762179
2762257
2762329
2762337
2762409
2762519
2762541
2762617
2762619
2762753
2762771
2762791
2762913
2762945
2763103
2763133
2763167
2763237
2763325
2763515
2763597
2763815
2763917
2763921
2763999
2764019
2764163
2764547
2764555
2764605
2764775
2764891
2764919
2765161
2765193
2765231
2765255
2765653
2765663
2766019
2766239
2766245
2766297
2766977
2767007
2767167
2767373
2767403
2767551
2767651
2767699
2767701
2767751
2767777
2767863
2768023
2768079
2768129
2768195
2768221
2768237
2768307
2768343
2768577
2768761
2768769
2768963
2769307
2769329
2769405
2769721
2770119
2770185
2770213
2770507
2770661
2770759
2771057
2771109
2771111
2771329
2771369
2771481
2771835
2771919
2772045
2772129
2772311
2772439
2772503
2772579
2772595
2772647
2772713
2772715
2772719
2772765
2772777
2772827
2772853
2772855
2772863
2772983
2773249
2773251
2773349
2773359
2773595
2773749
2773849
2773857
2773879
2774015
2774117
2774233
2774343
2774885
2774935
2774957
2775163
2775773
2776293
2776361
2776391
2776513
2776601
2776789
2776909
2776951
2777067
2777317
2777459
2777587
2777665
2777731
2777803
2777837
2777895
2777951
2777963
2778105
2778343
2778481
2778541
2778771
2778829
2778891
2779013
2779019
2779051
2779237
2779427
2779567
2779569
2779743
2779895
2780327
2780405
2780509
2781037
2781127
2781179
2781205
2781305
2781449
2781455
2781819
2782225
2782311
2782357
2782427
2782467
2782489
2782643
2782695
2782719
2782769
2782783
2782809
2783055
2783175
2783253
2783367
2783389
2783445
2783509
2783697
2783773
2783829
2783909
2784123
2784155
2784213
2784293
2784397
2784547
2784553
2784583
2784929
2785071
2785117
2785129
2785223
2785321
2785479
2785511
2785959
2786441
2786855
2786861
2787083
2787165
2787437
2787775
2787829
2787903
2787985
2787987
2787993
2788471
2788483
2788607
2788697
2788859
2789143
2789153
2789327
2789415
2789459
2789461
2789599
2789683
2789725
2789961
2790167
2790211
2790251
2790339
2790399
2790431
2790461
2790569
2790699
2790843
2790927
2791103
2791329
2791559
2791631
2791777
2791911
2792015
2792019
2792039
2792109
2792113
2792391
2792533
2792753
2792779
2792833
2792945
2793013
2793027
2793203
2793339
2793531
2793597
2793667
2793675
2793753
2794013
2794027
2794049
2794107
2794233
2794239
2794385
2794441
2794559
2794575
2794913
2795053
2795119
2795305
2795813
2795835
2795893
2796071
2796131
2796153
2796561
2796673
2796727
2796829
2796919
2796939
2796987
2796997
2797013
2797193
2797315
2797587
2797789
2798057
2798065
2798107
2798133
2798141
2798261
2798933
2798999
2799077
2799363
2799373
2799427
2799707
2800071
2800505
2800577
2800689
2800815
2800937
2801111
2801229
2801445
2801461
2801515
2801715
2801727
2802207
2802225
2802461
2802517
2802605
2802625
2804115
2804143
2804155
2804313
2804445
2805017
2805121
2805155
2805255
2805279
2805293
2805741
2805759
2805851
2805899
2805943
2806285
2806409
2806425
2806771
2806901
2806917
2806967
2806987
2807309
2807325
2807517
2807755
2807767
2808227
2808795
2808825
2808923
2809079
2809151
2809475
2809573
2809587
2809797
2810173
2810235
2810287
2810693
2810749
2810771
2810857
2810869
2810973
2811013
2811079
2811193
2811471
2811605
2811673
2811835
2812225
2812313
2812991
2813113
2813251
2813685
2813729
2813803
2813921
2814021
2814133
2814433
2814489
2814511
2814717
2814881
2814915
2814947
2815017
2815175
2815181
2815243
2815691
2815729
2816187
2816321
2816423
2816435
2816497
2816583
2816705
2816737
2816771
2816973
2817059
2817205
2817231
2817321
2817491
2817593
2817611
2817679
2817743
2817799
2817803
2817827
2818039
2818233
2818333
2818423
2818549
2819633
2819675
2819711
2819715
2819857
2820035
2820137
2820167
2820219
2820225
2820265
2820319
2820349
2820681
2820829
2821461
2821545
2821629
2821665
2821997
2822037
2822287
2822297
2822671
2822711
2822717
2822739
2822803
2823223
2823347
2823547
2823569
2823575
2823649
2823773
2823959
2824035
2824221
2824239
2824369
2824517
2824519
2824531
2824581
2825699
2825743
2825909
2826179
2826365
2826373
2826601
2826807
2826841
2827027
2827175
2827385
2827399
2827657
2827673
2828019
2828083
2828161
2828369
2828385
2828397
2828501
2828993
2829121
2829279
2829315
2829427
2829907
2829925
2829969
2830001
2830485
2830669
2830745
2831067
2831119
2831125
2831131
2831203
2831593
2831673
2831723
2831875
2831885
2831931
2832003
2832135
2832385
2832391
2832493
2832613
2832851
2832919
2832937
2833173
2833197
2833455
2833535
2833997
2834043
2834049
2834179
2834351
2834633
2834735
2834757
2834869
2834937
2834967
2835133
2835361
2835473
2835511
2835583
2836169
2836279
2836305
2836349
2836431
2836717
2836763
2836855
2836939
2837019
2837181
2837203
2837389
2837395
2837503
2837815
2837869
2837965
2838115
2838323
2838393
2838435
2838535
2838687
2838697
2838739
2838771
2838891
2839179
2839239
2839355
2839369
2839499
2839531
2839559
2839799
2839803
2839843
2839845
2840005
2840141
2840225
2840427
2840435
2840473
2840885
2840909
2840911
2840941
2841187
2841197
2841253
2841329
2841413
2841477
2841499
2841841
2841969
2842365
2842673
2842751
2842789
2842953
2843101
2843245
2843455
2843581
2843713
2843813
2843863
2843905
2844123
2844143
2844155
2844231
2844367
2844407
2844413
2844475
2844665
2844747
2844951
2844963
2845303
2845583
2845755
2845797
2845827
2845869
2845903
2846189
2846207
2846381
2846387
2847087
2847139
2847191
2847401
2847827
2847865
2847945
2847973
2847985
2848107
2848245
2848701
2848923
2848945
2849025
2849179
2849285
2849311
2849435
2849715
2849789
2849837
2849973
2850201
2850401
2850481
2850851
2850853
2850973
2851127
2851139
2851267
2851583
2851589
2851765
2851791
2851921
2852223
2852515
2852557
2852879
2853065
2853137
2853177
2854141
2854211
2854237
2854473
2854665
2854847
2855145
2855181
2855333
2855395
2855803
2855945
2856081
2856237
2856239
2856781
2856869
2856889
2856897
2856943
2857099
2857145
2857151
2857197
2857355
2857475
2857747
2857751
2857775
2858071
2858133
2858529
2858607
2858671
2858847
2859105
2859123
2859203
2859285
2859345
2859495
2859583
2859609
2859627
2859651
2859791
2859813
2860403
2860431
2860563
2860589
2860719
2860847
2860869
2860893
2860937
2860973
2861303
2861541
2861569
2861579
2861621
2861915
2862251
2862271
2862703
2862773
2862791
2862911
2862931
2862971
2863143
2863183
2863199
2863227
2863563
2863571
2863649
2863725
2864057
2864099
2864163
2864235
2864393
2864569
2864669
2864783
2864789
2865115
2865295
2865355
2866445
2866503
2866669
2866801
2866877
2867033
2867135
2867245
2867309
2867603
2867635
2867651
2867781
2867809
2868071
2868101
2868183
2868245
2868417
2868595
2868779
2868805
2868875
2868915
2869251
2869295
2869395
2869433
2869443
2869523
2869633
2869955
2870253
2870443
2870483
2870529
2870917
2871045
2871099
2871141
2871427
2871817
2872029
2872077
2872083
2872177
2872295
2872543
2872545
2872593
2872707
2872763
2872835
2872923
2872955
2872979
2873441
2873905
2873921
2873967
2874109
2874153
2874211
2874263
2874625
2874725
2874827
2875131
2875239
2875589
2875727
2875887
2875901
2876007
2876307
2876377
2876463
2876469
2876627
2876637
2877029
2877147
2877169
2877397
2877523
2877635
2877745
2877767
2877787
2877985
2878123
2878323
2878345
2878447
2878639
2878643
2878747
2879065
2879557
2879717
2879737
2879795
2879855
2880043
2880355
2880469
2880763
2880781
2881127
2881151
2881213
2881667
2881877
2882103
2882199
2882329
2882455
2882459
2882671
2882809
2882889
2883057
2883253
2883265
2883307
2883357
2883425
2883953
2884283
2884441
2884647
2884777
2884857
2884907
2884911
2885187
2885371
2885491
2885511
2885565
2885797
2885827
2885863
2885985
2886427
2886577
2886753
2886765
2886833
2886891
2886899
2887515
2887845
2887867
2887925
2888109
2888127
2888173
2888533
2888575
2888577
2888695
2888713
2888749
2888885
2888901
2888933
2889001
2889079
2889169
2889341
2889447
2889677
2889777
2889917
2890005
2890043
2890065
2890109
2890135
2890499
2890587
2890677
2890895
2890903
2891033
2891255
2891399
2891573
2891785
2891853
2892207
2892519
2892863
2893121
2893299
2893627
2893637
2893707
2893965
2894047
2894287
2894455
2894523
2894693
2894735
2894947
2894969
2895055
2895169
2895177
2895249
2895259
2895523
2895569
2895603
2895747
2895787
2895875
2895929
2896093
2896519
2896587
2896655
2896997
2897083
2897119
2897219
2897331
2897423
2897471
2897633
2897639
2897727
2897733
2897995
2898023
2898103
2898157
2898287
2898431
2898471
2898479
2898629
2898787
2899177
2900019
2900021
2900855
2901063
2901231
2901441
2901447
2901865
2901905
2902177
2902259
2902261
2902283
2902361
2902445
2902513
2902555
2902627
2902913
2902943
2903023
2903055
2903255
2903467
2903595
2903627
2903777
2903833
2903881
2903883
2903933
2903969
2904271
2904343
2904553
2904575
2904781
2904913
2905199
2905439
2905449
2905499
2905605
2905695
2905875
2906199
2906277
2906337
2906395
2906539
2906987
2907147
2907215
2907249
2907377
2907401
2907465
2907741
2907763
2907841
2907905
2907937
2908109
2908183
2908259
2908363
2908687
2908727
2908881
2908991
2909073
2909215
2909277
2909421
2909461
2909795
2909799
2910075
2910191
2910487
2910523
2910667
2910713
2910825
2910987
2911081
2911159
2911453
2911533
2911553
2911781
2911783
2912305
2912453
2912491
2912569
2912697
2912735
2912753
2912807
2912853
2913123
2913137
2913523
2913553
2913937
2913969
2914009
2914055
2914067
2914109
2914151
2914361
2914365
2914537
2914585
2914733
2914747
2914779
2914847
2914903
2914927
2915053
2915069
2915361
2915647
2915767
2916107
2916123
2916155
2916251
2916261
2916323
2916351
2916371
2916429
2916719
2916751
2916807
2916817
2916843
2916867
2917033
2917053
2917207
2917585
2917903
2918077
2918129
2918215
2918395
2918407
2918433
2918789
2918801
2918849
2918863
2919061
2919103
2919473
2919511
2919551
2919609
2919611
2919623
2919695
2919697
2919861
2919895
2920071
2920139
2920187
2920235
2920241
2920323
2920325
2920385
2920397
2920461
2920477
2920519
2920685
2920711
2920749
2920801
2920917
2921147
2921181
2921189
2921291
2921487
2921527
2921607
2922027
2922063
2922103
2922161
2922209
2922221
2922245
2922251
2922591
2922595
2923181
2923377
2923451
2923519
2923971
2923995
2924105
2924125
2924573
2924591
2924639
2924675
2924893
2924953
2924955
2924977
2925039
2925117
2925471
2925559
2925751
2925835
2925937
2925959
2926201
2926375
2926501
2926761
2926793
2926945
2927313
2927425
2927515
2927715
2927763
2927847
2927875
2927901
2927961
2928115
2928201
2928439
2928515
2928573
2928813
2928903
2928913
2928947
2928977
2929029
2929105
2929225
2929279
2929377
2929501
2929547
2929801
2929863
2929919
2929921
2929937
2929943
2929955
2930177
2930365
2930369
2930445
2930509
2930701
2931079
2931303
2931341
2931595
2931617
2931753
2932055
2932197
2932249
2932467
2932579
2932641
2933025
2933251
2933337
2933673
2933715
2933727
2933741
2933903
2933945
2933991
2934145
2934217
2934409
2934413
2934417
2934431
2934607
2934699
2934717
2934885
2934895
2934987
2935081
2935095
2935299
2935341
2935415
2936265
2936303
2936385
2936715
2936989
2937333
2937491
2937529
2937685
2937827
2938173
2938297
2938333
2938437
2938467
2938853
2939053
2939391
2939463
2939723
2939769
2939825
2939939
2940159
2940163
2940349
2940447
2940573
2940645
2941001
2941003
2941091
2941145
2941383
2941485
2941827
2941983
2942029
2942237
2942357
2942377
2942457
2942477
2942641
2942987
2943005
2943431
2943439
2943469
2943687
2944107
2944365
2944777
2944845
2944847
2944989
2945121
2945359
2945413
2945503
2945697
2946087
2946333
2946393
2946741
2946867
2946953
2946967
2947647
2947703
2947771
2947781
2947905
2947989
2948021
2948033
2948133
2948189
2948201
2948203
2948363
2948423
2948669
2948801
2948977
2949109
2949123
2949407
2949755
2949817
2950103
2950201
2950505
2950819
2950945
2951021
2951259
2951639
2951645
2951923
2952119
2952213
2952295
2952367
2952399
2952487
2952505
2952589
2952777
2953051
2953057
2953219
2953235
2953667
2953775
2953785
2953839
2953945
2954223
2954379
2954647
2954691
2954763
2955013
2955375
2955439
2955529
2955575
2955677
2955813
2955835
2956051
2956443
2956467
2956701
2956709
2956765
2956787
2957361
2957463
2957675
2957677
2957691
2957701
2958277
2958475
2958487
2958589
2958615
2958625
2958633
2958833
2959013
2959021
2959153
2959159
2959895
2960183
2960409
2960451
2960461
2960493
2960583
2960689
2960741
2960949
2961033
2961107
2961459
2961465
2961537
2961677
2961805
2961915
2962245
2962541
2962603
2962757
2962759
2962805
2962829
2962911
2963135
2963145
2963617
2963777
2963877
2964019
2964039
2964135
2964205
2964253
2964285
2964923
2964931
2965051
2965187
2965269
2965283
2965329
2965331
2965607
2965797
2965819
2965881
2965973
2966075
2966163
2966301
2966331
2966349
2966729
2966873
2966957
2966985
2967015
2967225
2967547
2967653
2967731
2967773
2967789
2967823
2968159
2968187
2968245
2968523
2968605
2968787
2969149
2969181
2969227
2969301
2969357
2969385
2969431
2969639
2970203
2970239
2970251
2970589
2970595
2970921
2971041
2971083
2971187
2971243
2971277
2971609
2971851
2971917
2971923
2971963
2971991
2972201
2972263
2972521
2972975
2973041
2973133
2973155
2973231
2973293
2973495
2973529
2973991
2974199
2974269
2974463
2974699
2974747
2974759
2974767
2974905
2975225
2975227
2975231
2975353
2975455
2975457
2975477
2975573
2975633
2976197
2976251
2976383
2976591
2976593
2976615
2976851
2976859
2976897
2976939
2976981
2977023
2977051
2977069
2977265
2977277
2977787
2977931
2978111
2978353
2978439
2978903
2978919
2979003
2979157
2979325
2979479
2979627
2979675
2979705
2979935
2979945
2980021
2980027
2980081
2980213
2980353
2980363
2980461
2980469
2980585
2980737
2981121
2981155
2981181
2981191
2981303
2981315
2981449
2981485
2981797
2981841
2981849
2982219
2982299
2982527
2982543
2982615
2982801
2982985
2983035
2983063
2983201
2983353
2983543
2983755
2983797
2983909
2983967
2984011
2984075
2984843
2985273
2985369
2985439
2986031
2986045
2986073
2986143
2986249
2986405
2986519
2986529
2986757
2986923
2987069
2987147
2987285
2987339
2987509
2987529
2987791
2988121
2988601
2988613
2988725
2988893
2989047
2989089
2989125
2989263
2989421
2989571
2989649
2989691
2989735
2989741
2989763
2989817
2989909
2989965
2990047
2990113
2990175
2990343
2990347
2990407
2990697
2990887
2990939
2990973
2991199
2991321
2991359
2991403
2991659
2991719
2991785
2991929
2992101
2992177
2992395
2992417
2992439
2992467
2992565
2992805
2992875
2992967
2993285
2993675
2993947
2994081
2994359
2994417
2994473
2994509
2994743
2994789
2994833
2995253
2995383
2995411
2995455
2995539
2995663
2995731
2995961
2996339
2996481
2996649
2996665
2996713
2997107
2997287
2997667
2997723
2997867
2998453
2998611
2998645
2998833
2999139
2999265
2999267
2999449
2999651
2999675
2999741
2999909
