# proven primes: b with (b^32+1)/2 prime (aprcl), block [3000000,4000000)
3000115
3000153
3000419
3000569
3000587
3000687
3000727
3000811
3000865
3000929
3001119
3001365
3001557
3001615
3001645
3001689
3001901
3002185
3002243
3002335
3002493
3002593
3002679
3002735
3002887
3002995
3003057
3003061
3003193
3003283
3003507
3003631
3003671
3003729
3003845
3003931
3004035
3004539
3004815
3005027
3005059
3005175
3005187
3005387
3005499
3005509
3005537
3005563
3005727
3006369
3006379
3006711
3006931
3007139
3007225
3007265
3007385
3007657
3007689
3007729
3007779
3007807
3007841
3007913
3008283
3008291
3008547
3008631
3008705
3008911
3008929
3009081
3009737
3009739
3009745
3009785
3009811
3009963
3009971
3010451
3010553
3010605
3010633
3010803
3010805
3010815
3010831
3011071
3011083
3011545
3011613
3011771
3012097
3012145
3012261
3012429
3012493
3013107
3013109
3013159
3013251
3013341
3013353
3013495
3013527
3013703
3013757
3013765
3013785
3014003
3014381
3014467
3014531
3014551
3014617
3014803
3014811
3014843
3015095
3015355
3015377
3015495
3015609
3015695
3015841
3016025
3016111
3016153
3016207
3016333
3016809
3016849
3017017
3017025
3017389
3017497
3017843
3018241
3018527
3018689
3018813
3018913
3019021
3019047
3019059
3019165
3019433
3019565
3019569
3019679
3019737
3019897
3020255
3020281
3020405
3020423
3020471
3021021
3021179
3021195
3021329
3021439
3021585
3021651
3021763
3021793
3021855
3022003
3022009
3022219
3022403
3022547
3022583
3022651
3023077
3023297
3023347
3023633
3023639
3023763
3023861
3024091
3024159
3024169
3024403
3024681
3024981
3025195
3025219
3025425
3025509
3025603
3025607
3025653
3025671
3025773
3025847
3025861
3025873
3025963
3025977
3026019
3026021
3026103
3026125
3026301
3026371
3026465
3026771
3026775
3026833
3026847
3027205
3027277
3027319
3027339
3027521
3027585
3027827
3028061
3028263
3028307
3028487
3028503
3028513
3028671
3028685
3028887
3029039
3029087
3029133
3029143
3029193
3029217
3029249
3029343
3029547
3029563
3029659
3029841
3029851
3029875
3029971
3029997
3030049
3030403
3030493
3030751
3030809
3030867
3030875
3030919
3030955
3031117
3031415
3031885
3032239
3032313
3032319
3032529
3032929
3033251
3033263
3033271
3033569
3033643
3033737
3033913
3034091
3034111
3034189
3034407
3034481
3034483
3034581
3034731
3034855
3034955
3035033
3035043
3035477
3035487
3035503
3035873
3036047
3036555
3036681
3036837
3037101
3037289
3037311
3037443
3037455
3037597
3037745
3037755
3038057
3038099
3038121
3038179
3038337
3038653
3038669
3038739
3038747
3038769
3038819
3039021
3039225
3039421
3039657
3039741
3039765
3039857
3039887
3039987
3039993
3039995
3040023
3040073
3040109
3040375
3040467
3040709
3040839
3040907
3040963
3041105
3041335
3041337
3041357
3041475
3041491
3041587
3041615
3041689
3041711
3041727
3041739
3042265
3042305
3042339
3042471
3042549
3042583
3042655
3042677
3042811
3042823
3043029
3043319
3043445
3043501
3043741
3044081
3044229
3044443
3044641
3044687
3044805
3045199
3045207
3045477
3045679
3045901
3046271
3046395
3046511
3047025
3047273
3047359
3047409
3047463
3047725
3047791
3047951
3048067
3048325
3048623
3048799
3048827
3048869
3048941
3049055
3049063
3049607
3049639
3049649
3049659
3049689
3049989
3050225
3050395
3050457
3050537
3050573
3050743
3051491
3051747
3052057
3052139
3052361
3052423
3052747
3053055
3053201
3053261
3053263
3053281
3053421
3053501
3053665
3053715
3053897
3054047
3054197
3054225
3054257
3054335
3054509
3054521
3054615
3054637
3054645
3054853
3054887
3054955
3055273
3055373
3055383
3055869
3055913
3056059
3056131
3056307
3056345
3056507
3056555
3056731
3056911
3056951
3057083
3057259
3057579
3057673
3057717
3057783
3057807
3058039
3058295
3058343
3058499
3058581
3058607
3058813
3058863
3058871
3058955
3059087
3059213
3059529
3059653
3059707
3059713
3059759
3059799
3059841
3059935
3060193
3060357
3060417
3061061
3061899
3061915
3062135
3062283
3062417
3062499
3062531
3062547
3062587
3062617
3062701
3062729
3062989
3063217
3063245
3063269
3063353
3063519
3063633
3063739
3063779
3063849
3063911
3064045
3064297
3064673
3064697
3064727
3064761
3064961
3064997
3065069
3065231
3065631
3065657
3065725
3065743
3065757
3066129
3066241
3066249
3066377
3066393
3066447
3066613
3066811
3066837
3066883
3066975
3067075
3067163
3067283
3067357
3067461
3067573
3067645
3067859
3068039
3068115
3068247
3068631
3068633
3068677
3068851
3068885
3068951
3069151
3069331
3069415
3069463
3069905
3069965
3070081
3070503
3070545
3070623
3070793
3070825
3070971
3071165
3071211
3071345
3071347
3071403
3071537
3071613
3071619
3071839
3071901
3072003
3072047
3072195
3072397
3072421
3072437
3072897
3072901
3072997
3073341
3073397
3073677
3073869
3073973
3074105
3074337
3074439
3074459
3074499
3074633
3074651
3074671
3075037
3075067
3075193
3075299
3075553
3075573
3075585
3075657
3075789
3075807
3075943
3076177
3076211
3076225
3076749
3076803
3076955
3076977
3077047
3077051
3077119
3077187
3077337
3077497
3077625
3077719
3077747
3077917
3078075
3078173
3078195
3078465
3078529
3078607
3078683
3078881
3078897
3078905
3079063
3079077
3079117
3079145
3079343
3079345
3079553
3079573
3079787
3080043
3080239
3080333
3080599
3080667
3080929
3080991
3081175
3081559
3081681
3081745
3081825
3081947
3082107
3082153
3082735
3082813
3082847
3082897
3082951
3082973
3082977
3083041
3083149
3083271
3083423
3083691
3083693
3083823
3084091
3084199
3084253
3084377
3084641
3084697
3084705
3084871
3085121
3085383
3085569
3085825
3085921
3085969
3086017
3086213
3086277
3086297
3086319
3086479
3086597
3086789
3087035
3087367
3087457
3087555
3087711
3087743
3088055
3088311
3088481
3088921
3089359
3089849
3089993
3090009
3090297
3090531
3090677
3090899
3090997
3091003
3091169
3091229
3091479
3091619
3091641
3091763
3092049
3092061
3092083
3092251
3092349
3092385
3092427
3092439
3092563
3092723
3092725
3092797
3092883
3093015
3093387
3093721
3093727
3093897
3093989
3094155
3094255
3094363
3094503
3094547
3094691
3094763
3094925
3095173
3095399
3095447
3095457
3095497
3095525
3095715
3095815
3095883
3095935
3096011
3096021
3096127
3096221
3096273
3096641
3096647
3096715
3096831
3096841
3096939
3097053
3097055
3097233
3097359
3097555
3097569
3097589
3097641
3097731
3097773
3098037
3098045
3098191
3098551
3098707
3098853
3098863
3099027
3099057
3099081
3099125
3099277
3099451
3099777
3099875
3100039
3100115
3100199
3100203
3100603
3100611
3100687
3100689
3100905
3101139
3101155
3101727
3101731
3101751
3102185
3102359
3102501
3102683
3102829
3102871
3102899
3103133
3103167
3103371
3103493
3103547
3103603
3103845
3103993
3104017
3104073
3104103
3104369
3104629
3104753
3104765
3104785
3105037
3105115
3105139
3105367
3105449
3105509
3105701
3105787
3105807
3105869
3106063
3106089
3106117
3106173
3106729
3107137
3107173
3107273
3107643
3107915
3108089
3108475
3108553
3108659
3108863
3108865
3108929
3108941
3109051
3109087
3109103
3109199
3109239
3109277
3109367
3109697
3110021
3110025
3110363
3110419
3110799
3110871
3111103
3111375
3111695
3111705
3111933
3112039
3112045
3112089
3112167
3112485
3112645
3113091
3113183
3113315
3113325
3113451
3113621
3113673
3113943
3113945
3114039
3114081
3114417
3114435
3114451
3114657
3114735
3115089
3115105
3115175
3115177
3115437
3115591
3115971
3116049
3116237
3116255
3116629
3116849
3116859
3116933
3117057
3117087
3117115
3117125
3117141
3117243
3117269
3117541
3117545
3117565
3117567
3117607
3117661
3117963
3118007
3118017
3118061
3118215
3118605
3118821
3119035
3119401
3119629
3119729
3120195
3120323
3120565
3120643
3120923
3120955
3120965
3121085
3121171
3121325
3121741
3121875
3121899
3122029
3122307
3122369
3122517
3122975
3123185
3123191
3123193
3123325
3123333
3123363
3123757
3123817
3123847
3123855
3124131
3124175
3124549
3124563
3124801
3124839
3124859
3124947
3124953
3125121
3125303
3125667
3125779
3125879
3126059
3126073
3126801
3126821
3126865
3126933
3127167
3127397
3127523
3127561
3127619
3127821
3127895
3127913
3127919
3127947
3127977
3128337
3128383
3128471
3128515
3128599
3128693
3128733
3128777
3128875
3129001
3129107
3129477
3129509
3129527
3129619
3129999
3130229
3130407
3130555
3130603
3130831
3131105
3131209
3131279
3131333
3131341
3131423
3131527
3131749
3131769
3132325
3132463
3132755
3132831
3132983
3132985
3133053
3133069
3133087
3133089
3133255
3133315
3133377
3133391
3133597
3133709
3133859
3133877
3133955
3134415
3134433
3134515
3134755
3134757
3134761
3134913
3134917
3134935
3135177
3135199
3135223
3135609
3135659
3135665
3135671
3135743
3135881
3136033
3136061
3136167
3136169
3136315
3136371
3136591
3136689
3136887
3137087
3137167
3137297
3137331
3137599
3137957
3137997
3138079
3138105
3138173
3138233
3138385
3138391
3138427
3138571
3138593
3138781
3138789
3138817
3138823
3138883
3139127
3139133
3139339
3139447
3139483
3139545
3139641
3140043
3140069
3140203
3140359
3140789
3140901
3140907
3141039
3141161
3141395
3141945
3141999
3142097
3142451
3142589
3142613
3142683
3142995
3143077
3143193
3143313
3143393
3143517
3143525
3143535
3143771
3143885
3143963
3144123
3144273
3144459
3144477
3144515
3144549
3144935
3145007
3145271
3145291
3145627
3145785
3145877
3145947
3146009
3146143
3146293
3146569
3146605
3146763
3146837
3146893
3146951
3147005
3147039
3147203
3147351
3147371
3147633
3147763
3147779
3147899
3148107
3148299
3148363
3148521
3148765
3148807
3148989
3149187
3149189
3149423
3149497
3149531
3149589
3149777
3150051
3150067
3150285
3150369
3150611
3150749
3150881
3150897
3150941
3151021
3151093
3151245
3151331
3151453
3151501
3151793
3151819
3151999
3152053
3152255
3152271
3152509
3152789
3153049
3153183
3153417
3153431
3153455
3153569
3153627
3153677
3153713
3153943
3153953
3154135
3154285
3154409
3154649
3154685
3154799
3154833
3154923
3155011
3155083
3155149
3155385
3155495
3155743
3155985
3156087
3156461
3156519
3156533
3156851
3157137
3157151
3157235
3157387
3157527
3158035
3158065
3158145
3158173
3158297
3158437
3158439
3158497
3158623
3158669
3158697
3158715
3159029
3159303
3159453
3159557
3160081
3160349
3160371
3160405
3160465
3161185
3161239
3161333
3161345
3161531
3161685
3161735
3161909
3161919
3162131
3162313
3162351
3162355
3162471
3162501
3162523
3162555
3162605
3162907
3163025
3163099
3163175
3163233
3163293
3163351
3163449
3163729
3163739
3163903
3164023
3164047
3164233
3164639
3164731
3164789
3164895
3165061
3165369
3165693
3165925
3165981
3166033
3166055
3166065
3166197
3166261
3166285
3166473
3166653
3166691
3167021
3167375
3167393
3167751
3167775
3167807
3168649
3168683
3168759
3168861
3169003
3169067
3169311
3169677
3169717
3169781
3169837
3169863
3169879
3170291
3170355
3170439
3170823
3171131
3171217
3171507
3171531
3171869
3171955
3172021
3172145
3172151
3172395
3172635
3172867
3173153
3173227
3173287
3173309
3173421
3173475
3173669
3173879
3173889
3173917
3174141
3174273
3174303
3174529
3174567
3174665
3174701
3174941
3175167
3175501
3175549
3175567
3175605
3175683
3175823
3176191
3176335
3176459
3176533
3176889
3176941
3177301
3177699
3177731
3177829
3177871
3177881
3178099
3178147
3178281
3178379
3178563
3178573
3178575
3178695
3178893
3178983
3179249
3179455
3179665
3179759
3179783
3179799
3179811
3179837
3179849
3179935
3180039
3180297
3180619
3180691
3180775
3180817
3180999
3181153
3181301
3181369
3181415
3182327
3182707
3182809
3182997
3183105
3183119
3183229
3183235
3183451
3183669
3183733
3183737
3183765
3183805
3183915
3184083
3184139
3184215
3184301
3184313
3184445
3184731
3184763
3184783
3184801
3184863
3185033
3185413
3186013
3186345
3186375
3186515
3186557
3186593
3186773
3186985
3187091
3187117
3187159
3187165
3187185
3187221
3187429
3187899
3187949
3188037
3188047
3188267
3188357
3188565
3188673
3188921
3188947
3189149
3189181
3189285
3189291
3189323
3189341
3189495
3189537
3189603
3189695
3190073
3190085
3190109
3190235
3190293
3190695
3190859
3190891
3190955
3191041
3191141
3191259
3191443
3191445
3191495
3191779
3191955
3192099
3192391
3192399
3192457
3192563
3192615
3192735
3192837
3192883
3192943
3193065
3193093
3193127
3193373
3193743
3193899
3193913
3194097
3194169
3194879
3194937
3194967
3195063
3195181
3195229
3195253
3195479
3195645
3195893
3196099
3196177
3196313
3196621
3196729
3196775
3196829
3196859
3196907
3197159
3197223
3197317
3197457
3197551
3197979
3198063
3198069
3198095
3198351
3198375
3198427
3198635
3198709
3198757
3198781
3198909
3199037
3199289
3199363
3199491
3199699
3199753
3199825
3199897
3200181
3200321
3200617
3200653
3200715
3200761
3200767
3201093
3201115
3201199
3201209
3201269
3201463
3201535
3201805
3201847
3201979
3202107
3202265
3202323
3202395
3202415
3202425
3202689
3202971
3203373
3203545
3203685
3203807
3204055
3204259
3204345
3204419
3204479
3204795
3204879
3205007
3205071
3205169
3205543
3205575
3205587
3205845
3205917
3205921
3206179
3206373
3206439
3206639
3206805
3206965
3207009
3207181
3207387
3207437
3207475
3207499
3207643
3207891
3208387
3208653
3208665
3208799
3208927
3209355
3209639
3209735
3209853
3209911
3209991
3210019
3210057
3210067
3210091
3210471
3210501
3210697
3210861
3210919
3211291
3211661
3212147
3212163
3212165
3212453
3212469
3212493
3212547
3212625
3212663
3212677
3212731
3212873
3212955
3212987
3213245
3213633
3213701
3213725
3214075
3214129
3214181
3214191
3214217
3214473
3214501
3214581
3214593
3214723
3214867
3214941
3214963
3215157
3215317
3215757
3215765
3215825
3215859
3216099
3216143
3216291
3216293
3216411
3216445
3216465
3216677
3217017
3217201
3217247
3217287
3217377
3217513
3217633
3217739
3217867
3217921
3218015
3218193
3218465
3218515
3218549
3218579
3218805
3218853
3218909
3218991
3219139
3219197
3219237
3219437
3219595
3219643
3219761
3219903
3219929
3219953
3220121
3220147
3220193
3220197
3220287
3220329
3220351
3220415
3220973
3220979
3221093
3221119
3221167
3221235
3221297
3221381
3221461
3221477
3221483
3221513
3221759
3221785
3221839
3221923
3221983
3222011
3222023
3222073
3222261
3222303
3223091
3223105
3223249
3223295
3223571
3223615
3223625
3223629
3223677
3223709
3223813
3223825
3224365
3224635
3225079
3225375
3225735
3225759
3226289
3226405
3226453
3226499
3226851
3227769
3227899
3227989
3228053
3228091
3228259
3228319
3228579
3228649
3228659
3228957
3229097
3229385
3229777
3229907
3230095
3230205
3230259
3230625
3230629
3230711
3230755
3231161
3231303
3231453
3231587
3231779
3231871
3231901
3232227
3232315
3232369
3232503
3232793
3232833
3233173
3233285
3233531
3233729
3233933
3234017
3234173
3234245
3234371
3234431
3234487
3234543
3234687
3234989
3235149
3235187
3235379
3235453
3235483
3235515
3235529
3235793
3236097
3236457
3236613
3236689
3236953
3237021
3237279
3237427
3237789
3237905
3238135
3238159
3238163
3238321
3238359
3238463
3238481
3238489
3238495
3238929
3238977
3238999
3239189
3239209
3239247
3239513
3239569
3239633
3239811
3240301
3240489
3240813
3241853
3241941
3241959
3242073
3242095
3242197
3242409
3242571
3242663
3242737
3242793
3243119
3243195
3243341
3243405
3243871
3243913
3243985
3244029
3244097
3244119
3244311
3244371
3244405
3244413
3244473
3244489
3244775
3244837
3245001
3245039
3245143
3245211
3245259
3245395
3245811
3245877
3246093
3246177
3246223
3246283
3246399
3246631
3246807
3246823
3246989
3247183
3247267
3247295
3247327
3247419
3247623
3247625
3247825
3247959
3248139
3248215
3248257
3248395
3248687
3248723
3248745
3248773
3248939
3249143
3249285
3249401
3249415
3249439
3249515
3249607
3249641
3249755
3249829
3250007
3250051
3250195
3250289
3250361
3250397
3250409
3250449
3250645
3250667
3250867
3250877
3250985
3251049
3251143
3251361
3251413
3251489
3251493
3251549
3251583
3251639
3251745
3251755
3251805
3251971
3252033
3252141
3252143
3252199
3252345
3252375
3252667
3252829
3252853
3253047
3253261
3253397
3253399
3253427
3253485
3253541
3253599
3253803
3253985
3254033
3254047
3254071
3254343
3254387
3254679
3254727
3254757
3254845
3254931
3255015
3255063
3255071
3255713
3255735
3255741
3255755
3255937
3256019
3256187
3256195
3256205
3256353
3256437
3256533
3256665
3256745
3256839
3256853
3256903
3256955
3256965
3257089
3257269
3257391
3257923
3257953
3257987
3258083
3258279
3258393
3258425
3258621
3258721
3258831
3259149
3259205
3259457
3259631
3259655
3259813
3259829
3259965
3260003
3260335
3260355
3260379
3260511
3260983
3261097
3261173
3261193
3261233
3261905
3262149
3262609
3262679
3262763
3262925
3262971
3262981
3263015
3263133
3263325
3263327
3263529
3263569
3263765
3263861
3264191
3264243
3264307
3264447
3264577
3264673
3265239
3265243
3265563
3265709
3265741
3265781
3265807
3265837
3265923
3266275
3266385
3266409
3266427
3266509
3266511
3266569
3266897
3267183
3267275
3267547
3267599
3267919
3268029
3268055
3268287
3268347
3268557
3268787
3269179
3269243
3269267
3269345
3269397
3269413
3269435
3269663
3269807
3269935
3269997
3270113
3270455
3270469
3270707
3270819
3271101
3271115
3271135
3271197
3271401
3271477
3271561
3271711
3271813
3271815
3271819
3271931
3271953
3271991
3272129
3272315
3272551
3272593
3272657
3272671
3272989
3273333
3273375
3273779
3273973
3274089
3274201
3274347
3274491
3274801
3274815
3274951
3275003
3275227
3275305
3275321
3275365
3275411
3275555
3275735
3275871
3275981
3276057
3276073
3276097
3276179
3276187
3276207
3276241
3276261
3276375
3276445
3276569
3276591
3276809
3276829
3277089
3277109
3277195
3277415
3277531
3277535
3277581
3277833
3277869
3278033
3278231
3278279
3278439
3278583
3278721
3278761
3278827
3279097
3279487
3279541
3279729
3279759
3279867
3280065
3280085
3280121
3280277
3280397
3280405
3280455
3280569
3280631
3280829
3280849
3280853
3280855
3280993
3281115
3281145
3281381
3281429
3281463
3281561
3281597
3281619
3281687
3281917
3281951
3282023
3282031
3282107
3282603
3282799
3283039
3283205
3283887
3284155
3284245
3284427
3284531
3284875
3285103
3285571
3285635
3285871
3285909
3285923
3286201
3286263
3286459
3286545
3286571
3286647
3286725
3287009
3287115
3287197
3287225
3288059
3288077
3288259
3288331
3288409
3288419
3288443
3288599
3288637
3288765
3288801
3289105
3289149
3289285
3289315
3289355
3289465
3289495
3289511
3289855
3290029
3290043
3290085
3290157
3290161
3290317
3290473
3290513
3290671
3290787
3290963
3290985
3291159
3291199
3291299
3291463
3291563
3291579
3291597
3292417
3292427
3293027
3293261
3293395
3293921
3294045
3294637
3294679
3295129
3295397
3295721
3295729
3295761
3295831
3295847
3295853
3295867
3295871
3296073
3296243
3296485
3296563
3296601
3296843
3296867
3296883
3297171
3297207
3297327
3297529
3297641
3297649
3297759
3298007
3298077
3298233
3298387
3298605
3298801
3299059
3299061
3299081
3299257
3299309
3299337
3299379
3299609
3299687
3299697
3299719
3299751
3299859
3299983
3300021
3300153
3300861
3300905
3301041
3301093
3301213
3301229
3301321
3301435
3301613
3301619
3301637
3301647
3301683
3301693
3301695
3301703
3302005
3302135
3302165
3302325
3302457
3302495
3302837
3303003
3303131
3303445
3303509
3303525
3303537
3303677
3303765
3303825
3304075
3304097
3304135
3304143
3304391
3304621
3304713
3304743
3304975
3305151
3305345
3305363
3305529
3305589
3305659
3305683
3305735
3305773
3305933
3306151
3306501
3306705
3306835
3306929
3307081
3307105
3307139
3307269
3307397
3307811
3307859
3307955
3308201
3308321
3308549
3308591
3308655
3308745
3308845
3308939
3309147
3309239
3309467
3309505
3309583
3309699
3309781
3309805
3309903
3310147
3310179
3310363
3310513
3311017
3311059
3311249
3311337
3311349
3311453
3311519
3311815
3311959
3312069
3312229
3312375
3312477
3312731
3312763
3312893
3312903
3313117
3313203
3313487
3313643
3313759
3314171
3314273
3314293
3314343
3314545
3314689
3314711
3314789
3314829
3314975
3314977
3314987
3315163
3315713
3315739
3315831
3315945
3316005
3316487
3316683
3316861
3317157
3317461
3317549
3317665
3317715
3317913
3317961
3318139
3318239
3318351
3318629
3318955
3319505
3319525
3319665
3320013
3320395
3320415
3320427
3320697
3320801
3320879
3320889
3320999
3321241
3321297
3321325
3321621
3321745
3321899
3322155
3322181
3322221
3322321
3322603
3322639
3322697
3322735
3322761
3323099
3323125
3323205
3323669
3324057
3324065
3324087
3324391
3324635
3324679
3324747
3324849
3324889
3324963
3324979
3325007
3325227
3325307
3325339
3325473
3325493
3325623
3325683
3326193
3326359
3326523
3326709
3326755
3326813
3326943
3327143
3327235
3327279
3327663
3327711
3328019
3328037
3328107
3328365
3328555
3328605
3328891
3329767
3329811
3330107
3330187
3330271
3330299
3330331
3330543
3330569
3330591
3330595
3330643
3330873
3330879
3331113
3331201
3331217
3331295
3331427
3331591
3331957
3332131
3332175
3332265
3332363
3332387
3332535
3332705
3332743
3332851
3332889
3332917
3332981
3333317
3333513
3333537
3333549
3333887
3334035
3334277
3334501
3334599
3334785
3334819
3335015
3335061
3335193
3335313
3335319
3335383
3335475
3335517
3335573
3335709
3335763
3336019
3336103
3336129
3336245
3336299
3336481
3336681
3336885
3337131
3337249
3337593
3337975
3338067
3338193
3338285
3338461
3338477
3338615
3338799
3339013
3339191
3339213
3339369
3339387
3339433
3339495
3339613
3340001
3340037
3340111
3340161
3340297
3340307
3340387
3340407
3340693
3340803
3340829
3341445
3341521
3341675
3341839
3342037
3342173
3342351
3342383
3342395
3342585
3342595
3342679
3342681
3342691
3342825
3342899
3342923
3343009
3343089
3343197
3343439
3343467
3343633
3343635
3343741
3343999
3344121
3344193
3344239
3344425
3344559
3344629
3344649
3344663
3344731
3344775
3344871
3344933
3345203
3345293
3345671
3345685
3345725
3345779
3346125
3346153
3346295
3346357
3346417
3346595
3346747
3346857
3346893
3346909
3346929
3347341
3347531
3347651
3348035
3348055
3348133
3348233
3348243
3348275
3348331
3348495
3349405
3349451
3349471
3349629
3349677
3349731
3349791
3349935
3350117
3350195
3350389
3350675
3350683
3351137
3351203
3351433
3351443
3351553
3351693
3351705
3351913
3351999
3352093
3352565
3352619
3352747
3353521
3353759
3353817
3353825
3354007
3354047
3354095
3354257
3354669
3354707
3354735
3354785
3354881
3355055
3355547
3355625
3355641
3355703
3355791
3355927
3355999
3356111
3356225
3356273
3356317
3356363
3356445
3356479
3356619
3356637
3356947
3357011
3357047
3357091
3357139
3357593
3357721
3357757
3357859
3357955
3358157
3358215
3358275
3358293
3358457
3358535
3358579
3358931
3359029
3359121
3359337
3359499
3359729
3359927
3359987
3359991
3360033
3360553
3360691
3361013
3361037
3361085
3361167
3361213
3361297
3361353
3361427
3361445
3361551
3361751
3361829
3361867
3361969
3362639
3362693
3362759
3363097
3363355
3363463
3363619
3363939
3364083
3364177
3364233
3364383
3364403
3364449
3364511
3364567
3364671
3364837
3364949
3365057
3365233
3365319
3365421
3365511
3365581
3365603
3365635
3365655
3365805
3365863
3366005
3366147
3366203
3366251
3366363
3366525
3366893
3366917
3366933
3367055
3367849
3367867
3368041
3368671
3368753
3368847
3368863
3368911
3368993
3369031
3369045
3369151
3369169
3369183
3369223
3369447
3369533
3369633
3369975
3370413
3370445
3370473
3370549
3370887
3370895
3370941
3371197
3371425
3371447
3371499
3371523
3371631
3371637
3371779
3371811
3371927
3371943
3371965
3372161
3372171
3372413
3372563
3372605
3372843
3372971
3373189
3373205
3373609
3373911
3374043
3374069
3374073
3374167
3374657
3374963
3374983
3375023
3375187
3375239
3375633
3375655
3375753
3375757
3375903
3375911
3375915
3375951
3376175
3376245
3376267
3376319
3376425
3376445
3376525
3376735
3376897
3376959
3377005
3377225
3377309
3377359
3377485
3377689
3378091
3378161
3378381
3378453
3378707
3378751
3379265
3379281
3379373
3379405
3379533
3379557
3379619
3379693
3379725
3379735
3379759
3379859
3380135
3380317
3380405
3380795
3380949
3381163
3381315
3381353
3381445
3381507
3381561
3382797
3382947
3383129
3383205
3383223
3383659
3383681
3383811
3383913
3383921
3383969
3384019
3384041
3384145
3384191
3384545
3385247
3385431
3385485
3385581
3385643
3385815
3386107
3386303
3386325
3386369
3386745
3386833
3387037
3387245
3387265
3387297
3387315
3387321
3387349
3387379
3387385
3387435
3387477
3387759
3387905
3388043
3388051
3388079
3388377
3388527
3388557
3388619
3388713
3388943
3389003
3389223
3389637
3389751
3389825
3389919
3390201
3390567
3390787
3390817
3391007
3391319
3391353
3391547
3391707
3391833
3391879
3392067
3392391
3392501
3392877
3392895
3393093
3393141
3393437
3393665
3393715
3393909
3394299
3394427
3394677
3394773
3394809
3394845
3395231
3395371
3395467
3395573
3395745
3395821
3395841
3395883
3395945
3395959
3396229
3396333
3396493
3396615
3396617
3396843
3396879
3397129
3397345
3397463
3397713
3398007
3398233
3398271
3398369
3398593
3398623
3399229
3399347
3399557
3399609
3400069
3400081
3400143
3400255
3400257
3400453
3400469
3400549
3400653
3400891
3401107
3402035
3402061
3402209
3402213
3402281
3402305
3402733
3402881
3402955
3402961
3403017
3403249
3403321
3403371
3403419
3403601
3403689
3403693
3403753
3403757
3403805
3403885
3403973
3403975
3404061
3404201
3404213
3404511
3404647
3404723
3404775
3404881
3404931
3405171
3405211
3405309
3405315
3405423
3405721
3405877
3406105
3406125
3406127
3406229
3406285
3406287
3406303
3406477
3406707
3406721
3407743
3407921
3407999
3408129
3408153
3408163
3408173
3408231
3408285
3408389
3408403
3408535
3408537
3408551
3408555
3408867
3408919
3408949
3409021
3409051
3409355
3409363
3409411
3409589
3409591
3409713
3409849
3409989
3409997
3410053
3410061
3410253
3410329
3410347
3410353
3410403
3410529
3410541
3410583
3410673
3410745
3410867
3411239
3411571
3411627
3411647
3411715
3411773
3412037
3412173
3412265
3412343
3412397
3412491
3412523
3412641
3412729
3412869
3412959
3413081
3413141
3413199
3413481
3413493
3413711
3413839
3413923
3413973
3414039
3414279
3414317
3414325
3414535
3414787
3414859
3415187
3415335
3415511
3415613
3415733
3415763
3415993
3416041
3416179
3416307
3416327
3416597
3416713
3416965
3416967
3416987
3417109
3417295
3417389
3417395
3417509
3417779
3417811
3417981
3418103
3418175
3418249
3418651
3418657
3418911
3418985
3419181
3419591
3420063
3420171
3420177
3420197
3420431
3420477
3420555
3420649
3420961
3421135
3421335
3421551
3421667
3421705
3421845
3421875
3421963
3421975
3421981
3422013
3422071
3422121
3422125
3422275
3422621
3422879
3423337
3423459
3423515
3423951
3423975
3424401
3424539
3424585
3424629
3424803
3424821
3425311
3425443
3425477
3425765
3425899
3426093
3426259
3426317
3426327
3426363
3426569
3427079
3427163
3427677
3427681
3427695
3427803
3427835
3427911
3428151
3428283
3428495
3428649
3428735
3428763
3429007
3429023
3429043
3429151
3429267
3429305
3429453
3429469
3429869
3430259
3430331
3430539
3430565
3430583
3430613
3430863
3431075
3431301
3431513
3431689
3431799
3431853
3431879
3432021
3432053
3432443
3432591
3432729
3432853
3432969
3433109
3433367
3433373
3433401
3433471
3433507
3433533
3433635
3433791
3433815
3433855
3434315
3434709
3434793
3434843
3434845
3434899
3434999
3435031
3435063
3435239
3435259
3435345
3435381
3435479
3435551
3435569
3435585
3435845
3435965
3436059
3436071
3436107
3436969
3437125
3437479
3437563
3437971
3438005
3438057
3438087
3438167
3438185
3438583
3438687
3438719
3438739
3438761
3438781
3438931
3439077
3439207
3439253
3439341
3439423
3439441
3439499
3439561
3439629
3439753
3440009
3440127
3440251
3440465
3440561
3440975
3441079
3441159
3441249
3441337
3441343
3441455
3441519
3441585
3441639
3441805
3441841
3441911
3442039
3442109
3442317
3442543
3442679
3442697
3442775
3442835
3442963
3443093
3443115
3443269
3443289
3443399
3443763
3443939
3444341
3444477
3444603
3444637
3444671
3444941
3444955
3445023
3445105
3445157
3445301
3445389
3445421
3445487
3445537
3445539
3445679
3446001
3446113
3446435
3446485
3446661
3446701
3446779
3446839
3446929
3447083
3447205
3447307
3447349
3447419
3447655
3447705
3447835
3447957
3448057
3448071
3448145
3448201
3448383
3448445
3448723
3448761
3449369
3449439
3449487
3449511
3449747
3449829
3449869
3450131
3450237
3450315
3450519
3450533
3450591
3450613
3450683
3450757
3450791
3450937
3451043
3451179
3451435
3451471
3451485
3451603
3451979
3452071
3452073
3452129
3452359
3452437
3452487
3452641
3452695
3452717
3452753
3452775
3452819
3452821
3452997
3453219
3453309
3453517
3453625
3453827
3454011
3454021
3454119
3454237
3454655
3454785
3454949
3455619
3455669
3455705
3455909
3455931
3456105
3456121
3456137
3456165
3456355
3456381
3456395
3456571
3456623
3456733
3456805
3457101
3457117
3457551
3457565
3457607
3457715
3457879
3457885
3457903
3458109
3458189
3458217
3458255
3458351
3458355
3458543
3458803
3458889
3458897
3459023
3459039
3459049
3459151
3459179
3459225
3459335
3459549
3459559
3459871
3459981
3459991
3460021
3460059
3460517
3460643
3460811
3460851
3461427
3461647
3461831
3461943
3461967
3462177
3462219
3462253
3462255
3462575
3462769
3462951
3463081
3463107
3463621
3463753
3463937
3464115
3464397
3464691
3464719
3464755
3464887
3465047
3465149
3465249
3465305
3465319
3465471
3465619
3465803
3465903
3465935
3466041
3466083
3466153
3466295
3466357
3466477
3466481
3466575
3466587
3466599
3466639
3466649
3466867
3466939
3467061
3467093
3467113
3467259
3467497
3467801
3467833
3467967
3468083
3468149
3468151
3468263
3468301
3468655
3468831
3469201
3469215
3469317
3469393
3469549
3469625
3469729
3469747
3469877
3469999
3470083
3470149
3470235
3470355
3470357
3470589
3470895
3471027
3471075
3471625
3471703
3471735
3471737
3471805
3472019
3472117
3472211
3472307
3472375
3472383
3472501
3472577
3472601
3472741
3472839
3473185
3473403
3473655
3473687
3473753
3473791
3473795
3473811
3474017
3474113
3474135
3474177
3474331
3474417
3474497
3474581
3474741
3474867
3475055
3475079
3475097
3475241
3475335
3475743
3475907
3476057
3476127
3476265
3476385
3476391
3476397
3476717
3476825
3476903
3477109
3477219
3477577
3477587
3477603
3477635
3478103
3478263
3478309
3478337
3478421
3478447
3478689
3478867
3479859
3479887
3479901
3479921
3479961
3479999
3480121
3480155
3480229
3480401
3480461
3480465
3480841
3480901
3480991
3481175
3481193
3481207
3481401
3481407
3481481
3481517
3481609
3481619
3481643
3481669
3481705
3481925
3482391
3482415
3482541
3482721
3482921
3482923
3483237
3483713
3483759
3483853
3483887
3484011
3484119
3484225
3484485
3484949
3485091
3485251
3485379
3485441
3485465
3485517
3485585
3485767
3485935
3486575
3486717
3486801
3487027
3487161
3487281
3487315
3487519
3488053
3488065
3488089
3488531
3488561
3488621
3488749
3488999
3489051
3489059
3489225
3489337
3489449
3489481
3489577
3489621
3489789
3489883
3489887
3489977
3489985
3490069
3490077
3490105
3490149
3490207
3490249
3490367
3490521
3490557
3490635
3490883
3490903
3490909
3490929
3491149
3491187
3491255
3491375
3491397
3491401
3491523
3491581
3491803
3491833
3492073
3492179
3492205
3492277
3492381
3492385
3492399
3492505
3492597
3493025
3493131
3493367
3493441
3493807
3493877
3493921
3493929
3494955
3495039
3495051
3495233
3495271
3495401
3495415
3495509
3495525
3495613
3495731
3496115
3496797
3496997
3497019
3497179
3497287
3497361
3497561
3497705
3497933
3498045
3498069
3498215
3498373
3498445
3498637
3498727
3498801
3499007
3499133
3499183
3499403
3499501
3499571
3499597
3499633
3500087
3500747
3501073
3501079
3501085
3501407
3501589
3501651
3501715
3501767
3501927
3501943
3501951
3502115
3502131
3502175
3502243
3502319
3502327
3502341
3502433
3502613
3502713
3502721
3502785
3502951
3503029
3503103
3503267
3503321
3503341
3503345
3503647
3503663
3503713
3503893
3503923
3504025
3504093
3504247
3504249
3504365
3504669
3504673
3504693
3504923
3505115
3505247
3505339
3505373
3505393
3505441
3505587
3505605
3505673
3505911
3505989
3506065
3506287
3506455
3506501
3506547
3506627
3507047
3507297
3507471
3507489
3507789
3508183
3508403
3508455
3508679
3508803
3508841
3509085
3509237
3509239
3509267
3509433
3509517
3509535
3509767
3509771
3509883
3509993
3510077
3510109
3510175
3510237
3510393
3510723
3510805
3510849
3510859
3511327
3511597
3511651
3511673
3511755
3511825
3512307
3512453
3512479
3512661
3512663
3512701
3512891
3513227
3513299
3513357
3513375
3513387
3513397
3513475
3513647
3514009
3514209
3514327
3514433
3514723
3514779
3514935
3515025
3515117
3515301
3515307
3515311
3515505
3515753
3515803
3515979
3516057
3516229
3516511
3516635
3516687
3516705
3516735
3516983
3517005
3517103
3517129
3517373
3517557
3517663
3518019
3518041
3518349
3518501
3518503
3518589
3518621
3518637
3519155
3519157
3519275
3519377
3519787
3519925
3519935
3519959
3520055
3520271
3520475
3520487
3520517
3520629
3520711
3520723
3520773
3520837
3521027
3521039
3521193
3521543
3521685
3521701
3521807
3521827
3522029
3522113
3522395
3522475
3522505
3522609
3522785
3523045
3523185
3523295
3523465
3523561
3523665
3523699
3523703
3523951
3524135
3524185
3524255
3524363
3524401
3524453
3524473
3524513
3524643
3524697
3524907
3525365
3525401
3525631
3525693
3525749
3525863
3525887
3526053
3526083
3526137
3526187
3526429
3526631
3526643
3526735
3526759
3526975
3527247
3527253
3527495
3527675
3527863
3528035
3528347
3528359
3528709
3528813
3529039
3529215
3529225
3529389
3529443
3529753
3529817
3529885
3530093
3530149
3530157
3530211
3530341
3530645
3530745
3530825
3530849
3530913
3530963
3530985
3531213
3531325
3531737
3531897
3532079
3532119
3532177
3532201
3532355
3532393
3532693
3532731
3532807
3532897
3532981
3533053
3533111
3533165
3533305
3533437
3533605
3533663
3533871
3533887
3533941
3533951
3534023
3534135
3534189
3534233
3534367
3534455
3534537
3534913
3535171
3535289
3535431
3535907
3536171
3536523
3536601
3536661
3536685
3537071
3537213
3537303
3537399
3537817
3537949
3537993
3538021
3538099
3538153
3538225
3538279
3538469
3538629
3538657
3538891
3539241
3539863
3539945
3540061
3540809
3540881
3540905
3541037
3541145
3541187
3541311
3541317
3541329
3541381
3541459
3541697
3541719
3541815
3541959
3542015
3542071
3542501
3542559
3542687
3542755
3542915
3542965
3543591
3543661
3543671
3543705
3543825
3543989
3544003
3544011
3544205
3544293
3544315
3544423
3544805
3545003
3545219
3545357
3545585
3545611
3545717
3545849
3545943
3546015
3546033
3546233
3546257
3546311
3546473
3546537
3546549
3546591
3546629
3546725
3546749
3546809
3546887
3547001
3547023
3547065
3547069
3547363
3547585
3547729
3547781
3548037
3548121
3548197
3548371
3548565
3548775
3548907
3549093
3549117
3549325
3549659
3549805
3549837
3549975
3550073
3550107
3550165
3550189
3550423
3551143
3551219
3551383
3551417
3551445
3551725
3551737
3551777
3551841
3551903
3552309
3552351
3552379
3552405
3552439
3552459
3552523
3552545
3552661
3552699
3552813
3552851
3552899
3552969
3552987
3553137
3553295
3553611
3553823
3553883
3554105
3554119
3554133
3554281
3554305
3554331
3554623
3555015
3555249
3555255
3555323
3555651
3555675
3555795
3555893
3555939
3555997
3556137
3556141
3556169
3556429
3556441
3556453
3556549
3556843
3556985
3557065
3557219
3557431
3557689
3557763
3558039
3558315
3558439
3558481
3558685
3558751
3558765
3558969
3558981
3559023
3559309
3559397
3559625
3559697
3560327
3560419
3560543
3560945
3560987
3561379
3561775
3561991
3562265
3562387
3562457
3562551
3562563
3562611
3562641
3562801
3563209
3563413
3563449
3563569
3563699
3563705
3564011
3564617
3564945
3565039
3565073
3565079
3565225
3565249
3565369
3565627
3565871
3565911
3565961
3566013
3566061
3566115
3566405
3566407
3566659
3566749
3566809
3566905
3567177
3567285
3567289
3567345
3567437
3567805
3568007
3568231
3568233
3568249
3568293
3568333
3568403
3568425
3568493
3568683
3569031
3569211
3569265
3569439
3569905
3569945
3569967
3570053
3570269
3570549
3570835
3570855
3570871
3570965
3571141
3571257
3571365
3571579
3571631
3571641
3571869
3572071
3572151
3572263
3572333
3572369
3572483
3572605
3572695
3572773
3572843
3572873
3572893
3572917
3572997
3573033
3573139
3573249
3573311
3573349
3573373
3573387
3573523
3573529
3573691
3573823
3573907
3574131
3574151
3574179
3574269
3574339
3574443
3574507
3574603
3574763
3574765
3574787
3574923
3574929
3574961
3575077
3575079
3575307
3575461
3575533
3575565
3575581
3575647
3575677
3575745
3575847
3576043
3576263
3576269
3576465
3576779
3576911
3576927
3577217
3577261
3577393
3577411
3577671
3578359
3578443
3578513
3578629
3578659
3578787
3578969
3579075
3579269
3579329
3579431
3579489
3579537
3579599
3579811
3580007
3580399
3580423
3580483
3580677
3580681
3580745
3580757
3581029
3581113
3581349
3581399
3581453
3581499
3581627
3581635
3581737
3581759
3581791
3581835
3581841
3581885
3581887
3582143
3582343
3582449
3582589
3582789
3583007
3583291
3583377
3583461
3583759
3583969
3583983
3584015
3584377
3584473
3584517
3585001
3585109
3585117
3585165
3585195
3585375
3585517
3585779
3586157
3586249
3586285
3586461
3586521
3586543
3586599
3586637
3586719
3586855
3586859
3586991
3587029
3587081
3587227
3587281
3587387
3587545
3587593
3588235
3588339
3588425
3588545
3588635
3588649
3588745
3588931
3589053
3589271
3589341
3589367
3589481
3589487
3589613
3589635
3589687
3589745
3589781
3589803
3589821
3589903
3590005
3590025
3590183
3590293
3590309
3590429
3590663
3590669
3590743
3590803
3590845
3590867
3590953
3591073
3591111
3591133
3591157
3591313
3591319
3591617
3591627
3591725
3591775
3592303
3592343
3592465
3592617
3592707
3592745
3593015
3593297
3593521
3593559
3593811
3593895
3593925
3594265
3594371
3594389
3594401
3594689
3595527
3595567
3595631
3595655
3595703
3595755
3595899
3595991
3596267
3596367
3596387
3596443
3596457
3596473
3596475
3596501
3596505
3596577
3596633
3596977
3597021
3597043
3597081
3597499
3597641
3597669
3597675
3597681
3597717
3597749
3597803
3597837
3597985
3598045
3598217
3598737
3598741
3598743
3598865
3599273
3599441
3599515
3599617
3599673
3599897
3600109
3600185
3600375
3600385
3600493
3600773
3600819
3600925
3600927
3601381
3601461
3601491
3601507
3601687
3602029
3602057
3602107
3602197
3602631
3602639
3602735
3602745
3602821
3602925
3602973
3603115
3603157
3603265
3603391
3603479
3603791
3603839
3604139
3604149
3604211
3604225
3604527
3604605
3604831
3605081
3605095
3605223
3605243
3605281
3605287
3605289
3605297
3605331
3605377
3605477
3605585
3605667
3605707
3605903
3605995
3606451
3606555
3606637
3606929
3607161
3607255
3607279
3607701
3607867
3607875
3607999
3608147
3608177
3608227
3608335
3608459
3608485
3608571
3608775
3608841
3608897
3609245
3609311
3609485
3609819
3610027
3610099
3610285
3610335
3610343
3610659
3610671
3610747
3610819
3611103
3611207
3611281
3611635
3611721
3611787
3611817
3611823
3612111
3612135
3612309
3612591
3613351
3613401
3613491
3613875
3613925
3614021
3614271
3614707
3614809
3614943
3615075
3615129
3615463
3615891
3615897
3616295
3616313
3616389
3616415
3616761
3616773
3617125
3617203
3617237
3617251
3617279
3617377
3617507
3617549
3617771
3617849
3617885
3618003
3618015
3618041
3618253
3618381
3618421
3618457
3618585
3618735
3618879
3618899
3618925
3619161
3619193
3619291
3619355
3619457
3619595
3619601
3619607
3619633
3619737
3619827
3620101
3620115
3620193
3620589
3620837
3621045
3621493
3621603
3621935
3621979
3622021
3622121
3622273
3622411
3622567
3622585
3622691
3622889
3623141
3623261
3623367
3623435
3623497
3623579
3623617
3623621
3623761
3623895
3624171
3624195
3624439
3624549
3624667
3624687
3625003
3625097
3625395
3625553
3625631
3626237
3626331
3626537
3626585
3626747
3626815
3626863
3627173
3627245
3627561
3627683
3627687
3627693
3627735
3627809
3627951
3627955
3627993
3628293
3628577
3628625
3628683
3628867
3628987
3628995
3629121
3629461
3629509
3629625
3629671
3629719
3629747
3629841
3629971
3630115
3630199
3630229
3630379
3630407
3630565
3630571
3630641
3630723
3630953
3631047
3631247
3631373
3631691
3631933
3631953
3632101
3632115
3632193
3632593
3632703
3632705
3632773
3632831
3633179
3633239
3633251
3634165
3634187
3634293
3634339
3634825
3635201
3635317
3635325
3635339
3635343
3635505
3635771
3635827
3635915
3635933
3635981
3636009
3636221
3636379
3636485
3636549
3637213
3637353
3637389
3637447
3637495
3637581
3637745
3637759
3637771
3637827
3637899
3637935
3638145
3638197
3638409
3638651
3638739
3638755
3639209
3639373
3639595
3639667
3640087
3640297
3640669
3640703
3640767
3640927
3640959
3641139
3641395
3641483
3641583
3641621
3641639
3641661
3641703
3641817
3641913
3642023
3642231
3642339
3642371
3642681
3642911
3642947
3642967
3643049
3643153
3643183
3643379
3643393
3643431
3643477
3643591
3643649
3643669
3643717
3643791
3643825
3643891
3643979
3644029
3644301
3644419
3644421
3644695
3644765
3645081
3645129
3645283
3645599
3646139
3646197
3646567
3646601
3646689
3646825
3646905
3647339
3647503
3647607
3647609
3647695
3647843
3648021
3648133
3648215
3648303
3648487
3649039
3649191
3649335
3649407
3649501
3649821
3649827
3649943
3649957
3650063
3650459
3650461
3650467
3650621
3650677
3650687
3650841
3651233
3651391
3651415
3651585
3651597
3651843
3651851
3651941
3651955
3651965
3651999
3652125
3652317
3652587
3652675
3652715
3652717
3652749
3652801
3653031
3653049
3653287
3653293
3653551
3653811
3653979
3654167
3654247
3654749
3654783
3654793
3654849
3654879
3655081
3656419
3656559
3656981
3657039
3657073
3657253
3657515
3657597
3657639
3657651
3657679
3657787
3657883
3657887
3657921
3657977
3658047
3658123
3658281
3658299
3658467
3658659
3658691
3658735
3658755
3658879
3658995
3659087
3659187
3659487
3659717
3659835
3659917
3660001
3660101
3660103
3660133
3660259
3660337
3660435
3660821
3660829
3660939
3661029
3661033
3661147
3661227
3661359
3661379
3661493
3661753
3661891
3661927
3662369
3662387
3662495
3662531
3662593
3662631
3662643
3662839
3662993
3663095
3663405
3663429
3663633
3663721
3663735
3663905
3663933
3664079
3664129
3664133
3664291
3664685
3664827
3665085
3665145
3665207
3665441
3665471
3665577
3665609
3665675
3665919
3665979
3666407
3666493
3667233
3667431
3667441
3667557
3667605
3667747
3667833
3667921
3668501
3668723
3668773
3668935
3669251
3669397
3669429
3669769
3669961
3670085
3670185
3670345
3670365
3670413
3670857
3670935
3671101
3671501
3671611
3671755
3671795
3671819
3671967
3672011
3672035
3672093
3672141
3672197
3672217
3672451
3672587
3672623
3672759
3672827
3673013
3673169
3673497
3673677
3673827
3673923
3674113
3674133
3674199
3674357
3674383
3674729
3674905
3674917
3674923
3674941
3674975
3675537
3675605
3675671
3675701
3675857
3675923
3676395
3676409
3676417
3676505
3677031
3677051
3677059
3677077
3677103
3677129
3677195
3677275
3677291
3677319
3677361
3677599
3677655
3677733
3677805
3678167
3678241
3678247
3678261
3678291
3678445
3678495
3678513
3678791
3679031
3679059
3679115
3679197
3679205
3679395
3679429
3679431
3679463
3679537
3679823
3679839
3680269
3680355
3680533
3680579
3680787
3680847
3680917
3681301
3681329
3681377
3681431
3681443
3681469
3681575
3681699
3681731
3681961
3682023
3682077
3682243
3682441
3682521
3682585
3682643
3682885
3682909
3683129
3683259
3683323
3683341
3683545
3683573
3683739
3683853
3684087
3684173
3684303
3684315
3684553
3684617
3684621
3684821
3684867
3684905
3685271
3685335
3685381
3685571
3685655
3685709
3685877
3685955
3685981
3686145
3686451
3686677
3686991
3687007
3687123
3687439
3687657
3687829
3688151
3688233
3688285
3688489
3688817
3688937
3688941
3689163
3689207
3689429
3689773
3689869
3690075
3690161
3690471
3690483
3690641
3690683
3690781
3691039
3691043
3691097
3691131
3691187
3691273
3691479
3691535
3691589
3691601
3691725
3691819
3692065
3692089
3692113
3692121
3692167
3692175
3692607
3692711
3692723
3692805
3693041
3693087
3693097
3693189
3693199
3693311
3693359
3693789
3693819
3693913
3694013
3694093
3694237
3694285
3694501
3694547
3694653
3694669
3694731
3695093
3695153
3695279
3695291
3695327
3695389
3695801
3695811
3695813
3696003
3696041
3696099
3696353
3696511
3696685
3696883
3697189
3697433
3697531
3697803
3697923
3698011
3698367
3698513
3698561
3698573
3699081
3699635
3699695
3699709
3699725
3699827
3700135
3700333
3700433
3700537
3700639
3700731
3700797
3700887
3700931
3701031
3701147
3701163
3701245
3701331
3701763
3701929
3702175
3702203
3702355
3702449
3702757
3702881
3702989
3703079
3703139
3703385
3703433
3703607
3703611
3703651
3703713
3704009
3704553
3705343
3705399
3705445
3705625
3705631
3705643
3705715
3705789
3705981
3706055
3706259
3706651
3707209
3707373
3707479
3707683
3707759
3708117
3708139
3708181
3708369
3708597
3708971
3709181
3709243
3709379
3709383
3709433
3709461
3709463
3709467
3709525
3709551
3709863
3709937
3710005
3710095
3710211
3710527
3710537
3710557
3710559
3710695
3710719
3710859
3711079
3711433
3711435
3711627
3711751
3711905
3712083
3712183
3712247
3712311
3712317
3712365
3712447
3712759
3712891
3712983
3713219
3713479
3713517
3714241
3714299
3714837
3715067
3715109
3715115
3715171
3715191
3715347
3715459
3715799
3715877
3715971
3716049
3716087
3716245
3716649
3716687
3716717
3716779
3716825
3717097
3717205
3717211
3717245
3717265
3717445
3717455
3717457
3717765
3717783
3717883
3717911
3717947
3717967
3718007
3718015
3718139
3718273
3718353
3718397
3718411
3718429
3718719
3718921
3719185
3719267
3719419
3719711
3720039
3720071
3720077
3720087
3720137
3720195
3720263
3720273
3720361
3720381
3720699
3720949
3721021
3721175
3721411
3721511
3721533
3721587
3721609
3721753
3721817
3721973
3722067
3722103
3722961
3723021
3723049
3723079
3723081
3723435
3723663
3723687
3723825
3723947
3724211
3724289
3724317
3724579
3724595
3724623
3724755
3724893
3724995
3725085
3725151
3725191
3725371
3725381
3725485
3725511
3725575
3725829
3725851
3725907
3726195
3726217
3726425
3726695
3726799
3726837
3727039
3727123
3727195
3727733
3727767
3727933
3728063
3728261
3728429
3728553
3728603
3728941
3729119
3729247
3729267
3729347
3729401
3729611
3729647
3729963
3730069
3730117
3730301
3730331
3730579
3730613
3730737
3730775
3730917
3731401
3731685
3731689
3731739
3731923
3732049
3732283
3732335
3732371
3732413
3732475
3732505
3732757
3732819
3733021
3733027
3733051
3733197
3733301
3733397
3733413
3733475
3733751
3733983
3734009
3734053
3734173
3734273
3734295
3734587
3734733
3734757
3735327
3735547
3735823
3735855
3736229
3736241
3736403
3736729
3736785
3736885
3736947
3737019
3737103
3737131
3737343
3737489
3737821
3738431
3738531
3738597
3739013
3739265
3739311
3739313
3739455
3739595
3739679
3739765
3739815
3739889
3739979
3739999
3740005
3740037
3740137
3740279
3740493
3740503
3740541
3740721
3740883
3741097
3741419
3741471
3741577
3741605
3741653
3741681
3741683
3741749
3741879
3742087
3742193
3742213
3742419
3742777
3743017
3743347
3744009
3744109
3744139
3744175
3744465
3744743
3745273
3745279
3745769
3745881
3746035
3746683
3746747
3746753
3747233
3747263
3747475
3747605
3747629
3747737
3747801
3747949
3748309
3748317
3748335
3748393
3748851
3748923
3748991
3749123
3749145
3749273
3749331
3749459
3749473
3749759
3749771
3749899
3749907
3749981
3750279
3750301
3750381
3750783
3751121
3751153
3751355
3751655
3751673
3751705
3751763
3751827
3751983
3752689
3752899
3753019
3753169
3753515
3753681
3753943
3753959
3754053
3754321
3754359
3754603
3755215
3755297
3755653
3755701
3755759
3755887
3755903
3755965
3755987
3755991
3756035
3756055
3756059
3756225
3756383
3756461
3756483
3756533
3756713
3756781
3756787
3757097
3757157
3757255
3757519
3757615
3757663
3757729
3757761
3757847
3757853
3757911
3757951
3758101
3758153
3758255
3758931
3758969
3759203
3759307
3759311
3759527
3759533
3759599
3759923
3760053
3760281
3760361
3760485
3760493
3760579
3760793
3760907
3761071
3761073
3761123
3761395
3761407
3761511
3761679
3761761
3761771
3762259
3762443
3762643
3762711
3762779
3762903
3763189
3763223
3763329
3763393
3763493
3763637
3763643
3763759
3763773
3763837
3764287
3764291
3764521
3764637
3764799
3765081
3765321
3765423
3765477
3765597
3766061
3766217
3766219
3766223
3766267
3766465
3766741
3766823
3766865
3767035
3767041
3767067
3767069
3767119
3767153
3767167
3767505
3767645
3767691
3768315
3768417
3768495
3768685
3768701
3768709
3768777
3768953
3769063
3769295
3769467
3769575
3769683
3769755
3769779
3769851
3770157
3770183
3770433
3770509
3770793
3770871
3771125
3771135
3771165
3771613
3771747
3771853
3772377
3772473
3772563
3772609
3772673
3772829
3772985
3773013
3773075
3773089
3773099
3773145
3773421
3773427
3773563
3773815
3773973
3774381
3774673
3775063
3775125
3775135
3775159
3775259
3775265
3775275
3775449
3775561
3775783
3775949
3776191
3776213
3776443
3776483
3776817
3776821
3776949
3776965
3777009
3777123
3777207
3777389
3777623
3777635
3777775
3777979
3777983
3778067
3778091
3778409
3778453
3778491
3778787
3778803
3778899
3779429
3779619
3779691
3779703
3779843
3780117
3780521
3780671
3780863
3780875
3780925
3780997
3781001
3781215
3781379
3781483
3781589
3781751
3781841
3781983
3782155
3782311
3782353
3782483
3782555
3782981
3783231
3783263
3783325
3783377
3783411
3783479
3783525
3783581
3783709
3783715
3783849
3784071
3784195
3784269
3784529
3784535
3784551
3784761
3784837
3784917
3785019
3785039
3785091
3785209
3785253
3785303
3785563
3785581
3785681
3785781
3785807
3786319
3786477
3786763
3786853
3786895
3786931
3787049
3787113
3787241
3787281
3787639
3787757
3787795
3787799
3787903
3788173
3788375
3788433
3788437
3788517
3788533
3788559
3788589
3788617
3789089
3789483
3789545
3789559
3789753
3790013
3790083
3790175
3790383
3790457
3790565
3790615
3790617
3790775
3790827
3790837
3790839
3790899
3790981
3791479
3791619
3791771
3791999
3792115
3792445
3792493
3792603
3792983
3793069
3793077
3793087
3793379
3793473
3793551
3793585
3793615
3794085
3794189
3794305
3794427
3794437
3794457
3794991
3795077
3795301
3795401
3795403
3795473
3795689
3795705
3795733
3795737
3795797
3795919
3795951
3796039
3796145
3796165
3796355
3796361
3796405
3796447
3796531
3796547
3796575
3796681
3796691
3796711
3796787
3797107
3797157
3797191
3797367
3797581
3797607
3797631
3797705
3797811
3797827
3797965
3798137
3798173
3798319
3798403
3798517
3798621
3798927
3798959
3798991
3799297
3799349
3799581
3799603
3799687
3799743
3799849
3799919
3800031
3800061
3800077
3800107
3800217
3800503
3800631
3800691
3800805
3800859
3800999
3801177
3801181
3801249
3801489
3801689
3801695
3802005
3802097
3802105
3802117
3802183
3802379
3802409
3802421
3802723
3802809
3802831
3802845
3803007
3803113
3803123
3803249
3803339
3803583
3803639
3803659
3803663
3803803
3803921
3804213
3804375
3804675
3804903
3805151
3805713
3805823
3806023
3806035
3806095
3806179
3806303
3806813
3806869
3806971
3807073
3807359
3807561
3807657
3807705
3807719
3807721
3807897
3807941
3807971
3808041
3808603
3808871
3808889
3809005
3809141
3809291
3809295
3809493
3809697
3809799
3809913
3810043
3810151
3810549
3810571
3810969
3811019
3811213
3811303
3811805
3811937
3812067
3812177
3812217
3812237
3812623
3812759
3812795
3812953
3813023
3813101
3813105
3813113
3813119
3813193
3813263
3813269
3813511
3813557
3813655
3813683
3814039
3814177
3814421
3814723
3814769
3814887
3814891
3815241
3815407
3815627
3815837
3815951
3816037
3816455
3816467
3816667
3817003
3817269
3817333
3817531
3817649
3817771
3817797
3817825
3817835
3817883
3817947
3818137
3818349
3818381
3818863
3818913
3819023
3819041
3819089
3819637
3819647
3819729
3819783
3819833
3820075
3820113
3820193
3820677
3820691
3820701
3820869
3820963
3821011
3821179
3821233
3821279
3821357
3821585
3821711
3821781
3821977
3822117
3822381
3822391
3822485
3822491
3822567
3822743
3822815
3822913
3822937
3823141
3823277
3823527
3823691
3823753
3823905
3824381
3824471
3824625
3824705
3824895
3825241
3825243
3825417
3825693
3825753
3825823
3825919
3825959
3826027
3826077
3826487
3826501
3826511
3827141
3827327
3827393
3827661
3827717
3827795
3828089
3828425
3828457
3828509
3828549
3828697
3828771
3829011
3829029
3829255
3829355
3829421
3829633
3829651
3829661
3829669
3829797
3829823
3829861
3829965
3830063
3830107
3830183
3830187
3830343
3830389
3830455
3830519
3830821
3830847
3831589
3831791
3831843
3831873
3832061
3832225
3832343
3832383
3832503
3832613
3833107
3833223
3833297
3833475
3833855
3833887
3834017
3834841
3834879
3834979
3835109
3835251
3835785
3835999
3836149
3836253
3836263
3836427
3836533
3836593
3836603
3836689
3836791
3836817
3837009
3837063
3837195
3837267
3837649
3837707
3837749
3837757
3837901
3838017
3838083
3838145
3838213
3838491
3838843
3838973
3839087
3839267
3839573
3839727
3839831
3839861
3839981
3839991
3840377
3840423
3840427
3840467
3840673
3840827
3840979
3841045
3841105
3841237
3841453
3841553
3841557
3841663
3841701
3841795
3841813
3841883
3842105
3842325
3842375
3843095
3843207
3843789
3843863
3843969
3843989
3844215
3844257
3844453
3844519
3845429
3845511
3845531
3845543
3845587
3845595
3845621
3845623
3845715
3845723
3845899
3846187
3846361
3846569
3847035
3847305
3847409
3847667
3847713
3847819
3847857
3847941
3848013
3848165
3848323
3848465
3848987
3849003
3849041
3849053
3849083
3849537
3849957
3849991
3850049
3850141
3850207
3850219
3850291
3850403
3850411
3850463
3850505
3850533
3850763
3850813
3850851
3851081
3851347
3851407
3851439
3851515
3851575
3851611
3851899
3851959
3852157
3852197
3852355
3852673
3852721
3852723
3853189
3853231
3853307
3853311
3853455
3853733
3853773
3853777
3853847
3854063
3854173
3854201
3854211
3854271
3854395
3854449
3854719
3854725
3855025
3855603
3855777
3855835
3855883
3856223
3856281
3856347
3856435
3856457
3856489
3856499
3856607
3856749
3856965
3857313
3857341
3857531
3857821
3857841
3857847
3858055
3858393
3858603
3858849
3858851
3859029
3859037
3859221
3859227
3859251
3859259
3859369
3859393
3859715
3859773
3859775
3859923
3859957
3859959
3860393
3860495
3860691
3860919
3860977
3861007
3861017
3861061
3861099
3861189
3861335
3861405
3861523
3861535
3861567
3861675
3861827
3862051
3862423
3862445
3862503
3862785
3862895
3862913
3862927
3862961
3863223
3863279
3863539
3863751
3863765
3863791
3863829
3864009
3864203
3864223
3864329
3864429
3864503
3864823
3864891
3865129
3865237
3865367
3865411
3865505
3865569
3865653
3865741
3865787
3865849
3865973
3866053
3866493
3866723
3866947
3867199
3867397
3867573
3867823
3868417
3868733
3868819
3868921
3868937
3869055
3869067
3869255
3869261
3869457
3869773
3869817
3870021
3870061
3870261
3870273
3870489
3870513
3870851
3870951
3870983
3870989
3871175
3871305
3871385
3871537
3871595
3871657
3871733
3871871
3871959
3872245
3872333
3872337
3872389
3872523
3872591
3872637
3872723
3872941
3873131
3873139
3873449
3873459
3873525
3873553
3873593
3873927
3873997
3874139
3874385
3874489
3874591
3874623
3874777
3874851
3874903
3874943
3875139
3875379
3875489
3875521
3875581
3875705
3876083
3876367
3876721
3876803
3876833
3877039
3877093
3877133
3877201
3877291
3877979
3877981
3878101
3878309
3878313
3878339
3878377
3879095
3879703
3879863
3879943
3880089
3880381
3880637
3880657
3880841
3880859
3880919
3880965
3880987
3881561
3882137
3882287
3882511
3882855
3882895
3882965
3882993
3883115
3883237
3883591
3883803
3884025
3884261
3884349
3884361
3884503
3884513
3884607
3884687
3884839
3884905
3885167
3885183
3885235
3885283
3885311
3885411
3885557
3885631
3885679
3885899
3885929
3885939
3885989
3885997
3886125
3886305
3886407
3886425
3886491
3886557
3886587
3886653
3886851
3886977
3887401
3887411
3887483
3887641
3887771
3887883
3888113
3888151
3888393
3888413
3888441
3888499
3888895
3889115
3889401
3889843
3889881
3889945
3889977
3890155
3890193
3890199
3890211
3890295
3890315
3890347
3890495
3890687
3890801
3891083
3891181
3891273
3891477
3891693
3892207
3892417
3892907
3892933
3893041
3893083
3893129
3893319
3893333
3893717
3893791
3893847
3894065
3894173
3894243
3894303
3894311
3894435
3894681
3895005
3895147
3895179
3895269
3895357
3895383
3895625
3895825
3895903
3895919
3896299
3896341
3896519
3896737
3896809
3896963
3897001
3897237
3897417
3897519
3898045
3898099
3898195
3898317
3898509
3898553
3899013
3899133
3899241
3899451
3899533
3899713
3899815
3899933
3899937
3900099
3900301
3900633
3900701
3900963
3901357
3901369
3901387
3901417
3901493
3901513
3901559
3901565
3901673
3901753
3901761
3901803
3901845
3901983
3902001
3902359
3902387
3902487
3902545
3902575
3903237
3903307
3903929
3903943
3904027
3904155
3904223
3904375
3904421
3904445
3904631
3904685
3904703
3904773
3904829
3904871
3905157
3905329
3905655
3905685
3905705
3906031
3906089
3906271
3906417
3906553
3906555
3906757
3906853
3907177
3907207
3907251
3907341
3907385
3907633
3907635
3907649
3907681
3907683
3907913
3907917
3907947
3907959
3908139
3908427
3908431
3908615
3908663
3908991
3909129
3909445
3909515
3909735
3909757
3909801
3909837
3909843
3909985
3909995
3910073
3910137
3910217
3910235
3910245
3910303
3910363
3910483
3910621
3910727
3911265
3911285
3911413
3911589
3911681
3911755
3911869
3911875
3912001
3912141
3912329
3912421
3912471
3912553
3912711
3912751
3912877
3913013
3913053
3913061
3913859
3913883
3914161
3914203
3914259
3914365
3914631
3914763
3914795
3915143
3915279
3915319
3915419
3915423
3915447
3915721
3915767
3915825
3915977
3916109
3916411
3916419
3916641
3916717
3916749
3916769
3916789
3917195
3917421
3917567
3917741
3917853
3917957
3918083
3918135
3918209
3918341
3918557
3918819
3918875
3918893
3919061
3919119
3919165
3919251
3919305
3919333
3919347
3919465
3919681
3919829
3919847
3920007
3920087
3921307
3921343
3921355
3921365
3921579
3921741
3922087
3922115
3922171
3922533
3922633
3922643
3922773
3922783
3923203
3923303
3923347
3923357
3923377
3923447
3923491
3923583
3923621
3923647
3923649
3923799
3924025
3924121
3924269
3924313
3924335
3924993
3925051
3925123
3925175
3925177
3925357
3925433
3925493
3925671
3926189
3926239
3926393
3926493
3926601
3926677
3927019
3927097
3927255
3927343
3927349
3927533
3927603
3927863
3928045
3928143
3928285
3928425
3928523
3928539
3928763
3928839
3928857
3928907
3929113
3929137
3929157
3929161
3929293
3929311
3929411
3929735
3929773
3930029
3930075
3930203
3930333
3930545
3930663
3930893
3930957
3931085
3931441
3931855
3931957
3932003
3932025
3932041
3932051
3932125
3932255
3932471
3932577
3932669
3932773
3932877
3932885
3932905
3933183
3933419
3933463
3933599
3933827
3933913
3934173
3934359
3934931
3935215
3935527
3935701
3935723
3935845
3936115
3936209
3936229
3936483
3936655
3936693
3936723
3936855
3936999
3937001
3937097
3937127
3937399
3937559
3937927
3938023
3938125
3938181
3938525
3938527
3938555
3938579
3938589
3938713
3939037
3939231
3939353
3939625
3939671
3939773
3940043
3940057
3940127
3940583
3940711
3940717
3940959
3940991
3941029
3941111
3941157
3941353
3941371
3941373
3941603
3941677
3941777
3942037
3942281
3942627
3943177
3943293
3943425
3943441
3943471
3943599
3943603
3943713
3943747
3943771
3943823
3944403
3944443
3944485
3944741
3944775
3945051
3945077
3945079
3945249
3945417
3945515
3945529
3945665
3945947
3946163
3946175
3946333
3946383
3946571
3946601
3946787
3946943
3947205
3947375
3947387
3947391
3947433
3947441
3947479
3947629
3947789
3947813
3947935
3947965
3948009
3948103
3948215
3948311
3948521
3948599
3948609
3948961
3949101
3949369
3949719
3949835
3949857
3949989
3950149
3950525
3950703
3950887
3951133
3951171
3951247
3951275
3951417
3951741
3951919
3952095
3952097
3952119
3952261
3952503
3952617
3952689
3952701
3953177
3953189
3953535
3953877
3953913
3954261
3954365
3954387
3954615
3954653
3954771
3954919
3954941
3955159
3955201
3955525
3955743
3955781
3955877
3955991
3956637
3956821
3957211
3957633
3957657
3957709
3957837
3957971
3958091
3958283
3958385
3958449
3958673
3958723
3959047
3959141
3959383
3959389
3959531
3959715
3960019
3960059
3960225
3960721
3960753
3960967
3961195
3961581
3961797
3962075
3962153
3962269
3962547
3962755
3963209
3963385
3963397
3963523
3963639
3963669
3963749
3963775
3963855
3963899
3963925
3963935
3963965
3963973
3964107
3964129
3964175
3964195
3964257
3964321
3964759
3964773
3964855
3964919
3964997
3965115
3965507
3965629
3965635
3965673
3965709
3965905
3965963
3965973
3966463
3966785
3966899
3966931
3967185
3967389
3967533
3967597
3967745
3967757
3967875
3967933
3968297
3968777
3968851
3968859
3969033
3969293
3969389
3969759
3969821
3969895
3969973
3970017
3970313
3970525
3970651
3970905
3971073
3971409
3971577
3971681
3971721
3971725
3971729
3971739
3971799
3971961
3972133
3972645
3972743
3973335
3973503
3973707
3973983
3974241
3974635
3974725
3974781
3974851
3975093
3975097
3975225
3975439
3975633
3975725
3975877
3975921
3976101
3976289
3976433
3976437
3976531
3976629
3976777
3976937
3977135
3977149
3977185
3977369
3977429
3977487
3977539
3977721
3977767
3977805
3977909
3977915
3978053
3978139
3978217
3978867
3978983
3979045
3979163
3979357
3979417
3979617
3979725
3979797
3980167
3980191
3980275
3980373
3980423
3980515
3980543
3980705
3980745
3980839
3980867
3980961
3980985
3981005
3981017
3981821
3981861
3981901
3982027
3982203
3982223
3982619
3982655
3982703
3982795
3982983
3983143
3983345
3983365
3983379
3983385
3983679
3984113
3984337
3984511
3984543
3984875
3985005
3985149
3985173
3985273
3985377
3985499
3985627
3985895
3985903
3985963
3985977
3986099
3986145
3986417
3986531
3986583
3986631
3986735
3987217
3987271
3987519
3987615
3987699
3988205
3988299
3988333
3988679
3989061
3989077
3989167
3989213
3989259
3989267
3989325
3989407
3989413
3989441
3989561
3989643
3989919
3989927
3990031
3990267
3990269
3990325
3990487
3990715
3990859
3990923
3990929
3990935
3990945
3991191
3991351
3991561
3991575
3991645
3991965
3992097
3992357
3992613
3992627
3992777
3992973
3993195
3993787
3993849
3993915
3993959
3994025
3994139
3994219
3994441
3994543
3994637
3994671
3994737
3994921
3995031
3995253
3995343
3995437
3995635
3995799
3995873
3996017
3996543
3996559
3996759
3996895
3996949
3997027
3997481
3997527
3997617
3997649
3998047
3998133
3998363
3998373
3998515
3998599
3998615
3998701
3998737
3998869
3998977
3999233
3999283
3999297
3999571
3999635
3999817
3999935
