# proven primes: b with (b^32+1)/2 prime (aprcl), block [4000000,5000000)
4000145
4000245
4000287
4000373
4000665
4000703
4000725
4001611
4001689
4001717
4002069
4002179
4002259
4002299
4002371
4002449
4002957
4003151
4003207
4003209
4003351
4003417
4003449
4003517
4003721
4003789
4003951
4004001
4004047
4004115
4004289
4004575
4004777
4004805
4004859
4005085
4005119
4005139
4005469
4005515
4005605
4005653
4005843
4006055
4006179
4006545
4006731
4006789
4006981
4007289
4007337
4007479
4007707
4007801
4008021
4008039
4008347
4008429
4008507
4008567
4008611
4008849
4008977
4009011
4009237
4009275
4009473
4009687
4009965
4010003
4010085
4010269
4010473
4010513
4010535
4010587
4010693
4011209
4011289
4011307
4011795
4012165
4012299
4012341
4012443
4012521
4012537
4012577
4012685
4012779
4012791
4013045
4013191
4013409
4014011
4014063
4014137
4014199
4014201
4014325
4014395
4014441
4014523
4014577
4014627
4014655
4014881
4015279
4015687
4015879
4016057
4016153
4016199
4016327
4016383
4016533
4016567
4016601
4016819
4016927
4017129
4017247
4017279
4017289
4017337
4017699
4017969
4018111
4018253
4018317
4018321
4018469
4018495
4018535
4018781
4019017
4019129
4019167
4019337
4019607
4019741
4019745
4019849
4020023
4020055
4020083
4020165
4020199
4020401
4020421
4020761
4021017
4021385
4021433
4021527
4021611
4021627
4021651
4021841
4021943
4021979
4022099
4022177
4022301
4022415
4022431
4022661
4022889
4022901
4022915
4023073
4023305
4023387
4023455
4023621
4023641
4023759
4023967
4024007
4024253
4024619
4024813
4024877
4024903
4024917
4024953
4025093
4025231
4025375
4025499
4025601
4025635
4025823
4025979
4026117
4026305
4026329
4026381
4026555
4026945
4026989
4027075
4027121
4027131
4027183
4027217
4027249
4027473
4027523
4028041
4028217
4028251
4028281
4028343
4028529
4028713
4028777
4028833
4028941
4029089
4029161
4029213
4029253
4029409
4029497
4029583
4029669
4029797
4029967
4030413
4030637
4030695
4030801
4031403
4031571
4031657
4032579
4032589
4032705
4032711
4032859
4032865
4032931
4033111
4033293
4033355
4033483
4033553
4033621
4033627
4033897
4033931
4033933
4033935
4034033
4034189
4034197
4034691
4034719
4034939
4034965
4035309
4035777
4035807
4035881
4036011
4036265
4036341
4036455
4036497
4036511
4036695
4037081
4037381
4037407
4037429
4037465
4037477
4037765
4037785
4037871
4037879
4038047
4038203
4038471
4038743
4038767
4039183
4039189
4039295
4039731
4039819
4039957
4040059
4040315
4040453
4040563
4040745
4040763
4040817
4040831
4040967
4041011
4041327
4041439
4041671
4041815
4041919
4042199
4042215
4042293
4042303
4042403
4042741
4042873
4042909
4043141
4043173
4043499
4043591
4043601
4044315
4044441
4044609
4044697
4044871
4044873
4044889
4045119
4045167
4045445
4045535
4045639
4045813
4045819
4045889
4045897
4045943
4046165
4046241
4046475
4046721
4046751
4046871
4046873
4046973
4046985
4047127
4047291
4047439
4047443
4047533
4047659
4047725
4048063
4048239
4048363
4048535
4048703
4048769
4048847
4048883
4048983
4048995
4049411
4049569
4049737
4050081
4050093
4050299
4050561
4050615
4050749
4050947
4051133
4051147
4051405
4051477
4051529
4051549
4051585
4051667
4051733
4051735
4051965
4052053
4052135
4052351
4052383
4052483
4052659
4052683
4052737
4053155
4053195
4053461
4053497
4053583
4053729
4053995
4054081
4054173
4054213
4054517
4054563
4054581
4054671
4054743
4055443
4055451
4055521
4055563
4055749
4055767
4055803
4056003
4056035
4056311
4056431
4056757
4056995
4057023
4057035
4057191
4057231
4057287
4057677
4057715
4057789
4058249
4058539
4058681
4058785
4058789
4058855
4059019
4059161
4059171
4059471
4059715
4059765
4059833
4059889
4059939
4059979
4060113
4060165
4060355
4060699
4061061
4061127
4061335
4061607
4061765
4061781
4062071
4062461
4062585
4062811
4063713
4063899
4064059
4064203
4064285
4064297
4064357
4064373
4064383
4064451
4064599
4064693
4065011
4065267
4065559
4065561
4065607
4065745
4065957
4066115
4066117
4066199
4066237
4066247
4066329
4066409
4066455
4066649
4066785
4067055
4067359
4067445
4067473
4067483
4067527
4067653
4067803
4067899
4067997
4068053
4068057
4068103
4068271
4068551
4068591
4068619
4068649
4068903
4069077
4069277
4069547
4069673
4070149
4070279
4070415
4070527
4071239
4071433
4071649
4071851
4071935
4072277
4072391
4072551
4072559
4072735
4072765
4072779
4072833
4073137
4073507
4073617
4074223
4074257
4074445
4074453
4074519
4074525
4074533
4074809
4075057
4075079
4075213
4075367
4075435
4075443
4075575
4075651
4075679
4075783
4075797
4075849
4075859
4075901
4076077
4076123
4076165
4076295
4076381
4076637
4076661
4076667
4076831
4077367
4077385
4077541
4077859
4077869
4077945
4077999
4078107
4078133
4078229
4078235
4078471
4078627
4078665
4078709
4078723
4078731
4079017
4079063
4079187
4079303
4079665
4079683
4079755
4079879
4080019
4080423
4080483
4080589
4080711
4080745
4080785
4080981
4080987
4081029
4081111
4081393
4081589
4081609
4081695
4081745
4081945
4082045
4082151
4082263
4082457
4082513
4082599
4082741
4082763
4082899
4082911
4082977
4083273
4083319
4083379
4083859
4083993
4084097
4084145
4084169
4084187
4084449
4084733
4085333
4086029
4086121
4086143
4086195
4086609
4086725
4086945
4087121
4087147
4087521
4087795
4088033
4088103
4088445
4088771
4088961
4088979
4089115
4089161
4089287
4089369
4089433
4089611
4089779
4089911
4089935
4089997
4090041
4090101
4090153
4090641
4090671
4090687
4090895
4090977
4091147
4091199
4091233
4092147
4092215
4092287
4092483
4092779
4092851
4092855
4092939
4093029
4093139
4093153
4093533
4093657
4093727
4093875
4094011
4094209
4094363
4094495
4094509
4094565
4094755
4094783
4094939
4094991
4095237
4095309
4095331
4095417
4095605
4095715
4095733
4095809
4095843
4095847
4095877
4096011
4096487
4096829
4097185
4097227
4097447
4097465
4097467
4097481
4097807
4098003
4098153
4098265
4098327
4098557
4098661
4098907
4099037
4099095
4099179
4099191
4099347
4099571
4099651
4099853
4099895
4099917
4100281
4100319
4100337
4100355
4100721
4100823
4101313
4101331
4101335
4101521
4101701
4101711
4101845
4101857
4102013
4102169
4102233
4102249
4102297
4102757
4102811
4103265
4103319
4103341
4103459
4103679
4103777
4103783
4104019
4104101
4104147
4104383
4104395
4104567
4104585
4104719
4104873
4105031
4105095
4105327
4105511
4105537
4105689
4105829
4105873
4106231
4106505
4106513
4106525
4106661
4106717
4106999
4107083
4107117
4107295
4107527
4107627
4107735
4107837
4107881
4108069
4108261
4108343
4108693
4108735
4108877
4109191
4109227
4109245
4109699
4109809
4110043
4110137
4110311
4110579
4110845
4110853
4110919
4111117
4111293
4111331
4111565
4111623
4111763
4111819
4112063
4112109
4112589
4112771
4112837
4113173
4113541
4113543
4113647
4113681
4113685
4113875
4113937
4113995
4114101
4114307
4114711
4114737
4114923
4115221
4115421
4115473
4115677
4115797
4115873
4116111
4116219
4116321
4116479
4116841
4116969
4117057
4117061
4117315
4117745
4117907
4118017
4118213
4118227
4118233
4118639
4118795
4118801
4118803
4118957
4119337
4119539
4119701
4119851
4119891
4119983
4120081
4120299
4120333
4120595
4120769
4120813
4120989
4121257
4121321
4121387
4121633
4121639
4121873
4121957
4122073
4122195
4122359
4122417
4122649
4122665
4122709
4122773
4123081
4123201
4123269
4123283
4123577
4123683
4124115
4124155
4124165
4124221
4124227
4124265
4124275
4124287
4124369
4124473
4124559
4124587
4124887
4124907
4124979
4124985
4125383
4125571
4125721
4125807
4125859
4125903
4125933
4126023
4126255
4126283
4126367
4126383
4126507
4126863
4127035
4127189
4127281
4127675
4127685
4127825
4128161
4128253
4128467
4128747
4128757
4128983
4129019
4129541
4129573
4129577
4129685
4129757
4129839
4129929
4130007
4130047
4130115
4130199
4130223
4130369
4130545
4130641
4130659
4130695
4130835
4131065
4131103
4131161
4131215
4131289
4131309
4131485
4131535
4131575
4131781
4132033
4132195
4132431
4132499
4132563
4132601
4132787
4132853
4133121
4133379
4133667
4133749
4133931
4134013
4134299
4134509
4134763
4134877
4134939
4135037
4135117
4135265
4135321
4135467
4135483
4135545
4135963
4135987
4136039
4136121
4136303
4136425
4136497
4137243
4137337
4137519
4137601
4137779
4137785
4137851
4137857
4137859
4137893
4137901
4138205
4138275
4138297
4138533
4138631
4138729
4138847
4138951
4139205
4139369
4139421
4139443
4139559
4139895
4139941
4139985
4140163
4140243
4140255
4140433
4140507
4140627
4140873
4141105
4141291
4141329
4141557
4141677
4141891
4141995
4142029
4142159
4142249
4142287
4142555
4142861
4143233
4143267
4143371
4143507
4143529
4143637
4143899
4143981
4144257
4144319
4144419
4144483
4144545
4144605
4144869
4144883
4144893
4144895
4145103
4145545
4145753
4145855
4145885
4146723
4146813
4146843
4146983
4147313
4147403
4147503
4147619
4147757
4147849
4148211
4148323
4148361
4148373
4148481
4148509
4148867
4148877
4148887
4148957
4149063
4149379
4149515
4149707
4149791
4149879
4150029
4150151
4150291
4150313
4150601
4150649
4150787
4150863
4151059
4151269
4151287
4151509
4151635
4151679
4151731
4151979
4152013
4152087
4152089
4152297
4152827
4152971
4153101
4153115
4153419
4153467
4153739
4153997
4154051
4154239
4154365
4154405
4154465
4154613
4154769
4154789
4154847
4154925
4155043
4155047
4155071
4155159
4155169
4155267
4155355
4155441
4155511
4155513
4155581
4155745
4155845
4155885
4155905
4155909
4156019
4156037
4156203
4156407
4156455
4156493
4156543
4156793
4156837
4157033
4157071
4157195
4157217
4157245
4157251
4157295
4157301
4157381
4157409
4157465
4157515
4157879
4158235
4158251
4158357
4158427
4158453
4158615
4158815
4158831
4158925
4158971
4159059
4159131
4159201
4159205
4159373
4159463
4159471
4159849
4160079
4160227
4160741
4160895
4161187
4161289
4161473
4161559
4161637
4162115
4162129
4162311
4162329
4162599
4162705
4162799
4162943
4163149
4163639
4163709
4163739
4163783
4163785
4163831
4164039
4164351
4164387
4164443
4164833
4165231
4165615
4165807
4165869
4166073
4166531
4166563
4166591
4166631
4166675
4166927
4167053
4167103
4167259
4167437
4167633
4167877
4168209
4168463
4168639
4168755
4169025
4169033
4169037
4169159
4169471
4169481
4169575
4169759
4169995
4170037
4170121
4170367
4170757
4170791
4170921
4171109
4171229
4171409
4171509
4171653
4171689
4171693
4171775
4171781
4171881
4172547
4172605
4172635
4172681
4172683
4172881
4173391
4173473
4173883
4174103
4174195
4174397
4174419
4174439
4174511
4174643
4174717
4174823
4175179
4175533
4175543
4175697
4175763
4175907
4175929
4176033
4176495
4176563
4176715
4176727
4176743
4176815
4176869
4176899
4177003
4177141
4177147
4177179
4177209
4177251
4177523
4177539
4177881
4177885
4177917
4177971
4177987
4178013
4178265
4178297
4178395
4178397
4178427
4178863
4179313
4179419
4179607
4179945
4179949
4180183
4180185
4180361
4180377
4180433
4180491
4180521
4180599
4180603
4180849
4180881
4180907
4180945
4181447
4181535
4181753
4182093
4182161
4182463
4182619
4182647
4182659
4182775
4182913
4183157
4183409
4183531
4183695
4183717
4184021
4184113
4184237
4184595
4184695
4184911
4185207
4185255
4185401
4185405
4185481
4185493
4185887
4185977
4186107
4186163
4186201
4186207
4186395
4186425
4186651
4186987
4187129
4187181
4187197
4187305
4187373
4187391
4187637
4187667
4187757
4187919
4187937
4187985
4188105
4188461
4188489
4188529
4188683
4189429
4189475
4189543
4189667
4189793
4190247
4190481
4190985
4191109
4191443
4191651
4191715
4192243
4192413
4192459
4192593
4192951
4193005
4193037
4193093
4193119
4193213
4193459
4193479
4193579
4193667
4193967
4194073
4194293
4194325
4194399
4194497
4194841
4194847
4195141
4195175
4195183
4195453
4195489
4195773
4195783
4196015
4196025
4196335
4196639
4196851
4196899
4197033
4197203
4197295
4197415
4197505
4197565
4197623
4197731
4198287
4198355
4198443
4198693
4198727
4198731
4198925
4199015
4199405
4199639
4199873
4200293
4200305
4200579
4200581
4200717
4200993
4201079
4201285
4201867
4201937
4202049
4202131
4202201
4202321
4202731
4202817
4202829
4202925
4202939
4202949
4203043
4203107
4203283
4203691
4203749
4203773
4203873
4203953
4203989
4204007
4204085
4204157
4204197
4204349
4204489
4204699
4204809
4204931
4205285
4205309
4205687
4205829
4205925
4206079
4206127
4206201
4206703
4206827
4207075
4207189
4208005
4208265
4208409
4208641
4208943
4208961
4208969
4208991
4209083
4209085
4209215
4209277
4209305
4209327
4209395
4209411
4209477
4209571
4209701
4210187
4210245
4210259
4210379
4210451
4210891
4210957
4210987
4211057
4211303
4211335
4211423
4211425
4211571
4211585
4211651
4211661
4212083
4212393
4212409
4212783
4213651
4213659
4213747
4213887
4214295
4214463
4214553
4214603
4214633
4214709
4214741
4214751
4214925
4215029
4215071
4215083
4215311
4215315
4215323
4215329
4215707
4215727
4215967
4216007
4216125
4216171
4216193
4216407
4216495
4216525
4216557
4216757
4216847
4216889
4216915
4217153
4217277
4217351
4217411
4217511
4217677
4217931
4218107
4218311
4218349
4218659
4218667
4218939
4218971
4219163
4219339
4219373
4219381
4219939
4219987
4220029
4220131
4220169
4220507
4220675
4220681
4220715
4220893
4221259
4221273
4221375
4221561
4221581
4221585
4221719
4221821
4222169
4222371
4222413
4222517
4222971
4223161
4223227
4223609
4223769
4223777
4224243
4224277
4224457
4224793
4224827
4224843
4224865
4225017
4225433
4225599
4225651
4225671
4225709
4225713
4225775
4225891
4225947
4225993
4226005
4226813
4226921
4227201
4227357
4227417
4227531
4227691
4227875
4227927
4227933
4227943
4228077
4228121
4228225
4228461
4228553
4228647
4228705
4228851
4228975
4229417
4229505
4229515
4229529
4229591
4229627
4229757
4230227
4230583
4230675
4230683
4230961
4230991
4231031
4231515
4231517
4231659
4231791
4231961
4232649
4232891
4232961
4232983
4233067
4233271
4233393
4233411
4233553
4233617
4233693
4233697
4233759
4234027
4234037
4234101
4234143
4234235
4234421
4234511
4234521
4234531
4234785
4235071
4235307
4235927
4236055
4236139
4236473
4236531
4236615
4236995
4237261
4237309
4237569
4237791
4238071
4238221
4238365
4238491
4238671
4238735
4238989
4239649
4239761
4240007
4240039
4240119
4240189
4240363
4240403
4240449
4240655
4240821
4240921
4240931
4241031
4241205
4241389
4241509
4241597
4241599
4241701
4241707
4241845
4241939
4241955
4241999
4242289
4242395
4242477
4242621
4242867
4243207
4243321
4243335
4243637
4244107
4244167
4244211
4244519
4244733
4244889
4244943
4244989
4245019
4245259
4245277
4245285
4245329
4245749
4245923
4246091
4246199
4246201
4246241
4246331
4246429
4246501
4246555
4247139
4247211
4247413
4247501
4247589
4247745
4248293
4248487
4248495
4248505
4248587
4248753
4249085
4249531
4249589
4249651
4249655
4249853
4249941
4249997
4250045
4250411
4250535
4251023
4251043
4251235
4251349
4251351
4251455
4251569
4251853
4252039
4252159
4252289
4252355
4252449
4252603
4252697
4253173
4253211
4253543
4253961
4253991
4254683
4254755
4254905
4255205
4255243
4255269
4255537
4255573
4255583
4255635
4255651
4255667
4255703
4256181
4256391
4256619
4256903
4257001
4257019
4257213
4257267
4257769
4257821
4258337
4258437
4258461
4259221
4259381
4259559
4259617
4259673
4259891
4259917
4260049
4260123
4260179
4260331
4260393
4260397
4260431
4260589
4260649
4261011
4261137
4261391
4261973
4262447
4262649
4262787
4262981
4263115
4263367
4263445
4263529
4263597
4263681
4263735
4264283
4264343
4264415
4264417
4264603
4264641
4265021
4265045
4265121
4265361
4265867
4265977
4266219
4266389
4266515
4266813
4266907
4267249
4267299
4267313
4267475
4267537
4267677
4267761
4267785
4267901
4268103
4268207
4268235
4268489
4268903
4268905
4269059
4269093
4269245
4269263
4269313
4269315
4269445
4269529
4269839
4269841
4269847
4269969
4269989
4270071
4270151
4270313
4270479
4270521
4270601
4270719
4270787
4270827
4271027
4271071
4271211
4271301
4271325
4271345
4271579
4271657
4271805
4271863
4272073
4272217
4272383
4272455
4272487
4272701
4272835
4273133
4273643
4273743
4273851
4273941
4273981
4274171
4274285
4274353
4274371
4274583
4274743
4274745
4274887
4275571
4275649
4275903
4276111
4276215
4276501
4276567
4276837
4276861
4276923
4277041
4277151
4277711
4277797
4278043
4278099
4278179
4278315
4278507
4278551
4278675
4278745
4278827
4278941
4278959
4279141
4279253
4279305
4279397
4279539
4279753
4280065
4280115
4280139
4280419
4280455
4280529
4280791
4280849
4280883
4281075
4281269
4281309
4281427
4281555
4281769
4281861
4281939
4281979
4282033
4282109
4282205
4282223
4282607
4282965
4283205
4283433
4283457
4283473
4283485
4283657
4283673
4283819
4283865
4283913
4283941
4283969
4283975
4284057
4284223
4284365
4284487
4284497
4284775
4284811
4284871
4284877
4284903
4284969
4284985
4285037
4285055
4285271
4285569
4285591
4286103
4286557
4286605
4286823
4286889
4287057
4287275
4287295
4287733
4287749
4287843
4288219
4288379
4288589
4288677
4288771
4288891
4288941
4289055
4289317
4289391
4289643
4289663
4289699
4289785
4289851
4289869
4289891
4289919
4290001
4290099
4290213
4290269
4290389
4290559
4290581
4290613
4290615
4290929
4290973
4290977
4291139
4291203
4291499
4291501
4291651
4291799
4292177
4292351
4292387
4292565
4292899
4293027
4293383
4293485
4294005
4294055
4294311
4294967
4295049
4295133
4295671
4295699
4295773
4295845
4295891
4295973
4295983
4296365
4296395
4296437
4296541
4296597
4296733
4296969
4296979
4297003
4297161
4297263
4297469
4297503
4297515
4297559
4297575
4297595
4297801
4297831
4297859
4297947
4297967
4298223
4298401
4298453
4298537
4298755
4298991
4299017
4299201
4299245
4299319
4299657
4299739
4300199
4300317
4300323
4300381
4300751
4300855
4300897
4301257
4301395
4301417
4301447
4301741
4301763
4301885
4301913
4302125
4302435
4302549
4302845
4302923
4303075
4303081
4303131
4303175
4303181
4303493
4303523
4303661
4303843
4303859
4303895
4303985
4304281
4304349
4304679
4304695
4304755
4305173
4305239
4305367
4305371
4305733
4305769
4305807
4306075
4306149
4306215
4306493
4306657
4306809
4306875
4307015
4307025
4307329
4307505
4307509
4307653
4307813
4307819
4307839
4308035
4308821
4308853
4309083
4309273
4309521
4309553
4309575
4309595
4309689
4309733
4309737
4309891
4309911
4310113
4310211
4310547
4310879
4310955
4310971
4311075
4311091
4311325
4311341
4311629
4311701
4311731
4311859
4311885
4312053
4312141
4312165
4312185
4312261
4312499
4312575
4312619
4312751
4313021
4313243
4313367
4313839
4313841
4313911
4313959
4314045
4314183
4314193
4314285
4314855
4315269
4315325
4315369
4315373
4315387
4315457
4315465
4315643
4315683
4315707
4316025
4316141
4316253
4316631
4316717
4317021
4317025
4317315
4317385
4317491
4317833
4317857
4317951
4318245
4318257
4318291
4318311
4318341
4318343
4318645
4318795
4319027
4319033
4319067
4319101
4319197
4319425
4319477
4319501
4319615
4319841
4319873
4320033
4320037
4320253
4320311
4320347
4320361
4320437
4320441
4320547
4320877
4320957
4321119
4321135
4321225
4321275
4321455
4321769
4321949
4322247
4322263
4322481
4322765
4322943
4323049
4323381
4323401
4323483
4323585
4323919
4323969
4323975
4324017
4324199
4324379
4324401
4324423
4324541
4324569
4324581
4324587
4324617
4324651
4324713
4324751
4324789
4325311
4325393
4325407
4325441
4325725
4325841
4325853
4325855
4325967
4326023
4326025
4326753
4327119
4327145
4327695
4327985
4328241
4328301
4328315
4328349
4328645
4328763
4328799
4328825
4328849
4328859
4329157
4329283
4329491
4329551
4329631
4329859
4330229
4330277
4330279
4330503
4330509
4330577
4330669
4330977
4331011
4331155
4331375
4331463
4331529
4331541
4331577
4331769
4331891
4331947
4332277
4332691
4332819
4332825
4332913
4332987
4333027
4333283
4333329
4333389
4334003
4334017
4334053
4334473
4334659
4335359
4335461
4335631
4335741
4335807
4335915
4336099
4336275
4336293
4336377
4336559
4336707
4336777
4337559
4338057
4338123
4338735
4338827
4338871
4338903
4339029
4339043
4339221
4339841
4339873
4339895
4339953
4340081
4340293
4340485
4340529
4341001
4341197
4341257
4341535
4341617
4341711
4341729
4341797
4342217
4342315
4342417
4342603
4342737
4342949
4343015
4343025
4343051
4343077
4343091
4343127
4343241
4343567
4343621
4343683
4343695
4343767
4343953
4344303
4344381
4344455
4344503
4344581
4344593
4344735
4344833
4344943
4344979
4345105
4345449
4345565
4345783
4345843
4346029
4346343
4346607
4346609
4346649
4346819
4346989
4347089
4347277
4347285
4347303
4347335
4347411
4347495
4347687
4348109
4348233
4348269
4348435
4348501
4348593
4348725
4348855
4348893
4349173
4349209
4349231
4349253
4349427
4349913
4349977
4350145
4350225
4350335
4350463
4350565
4350589
4351171
4351545
4351555
4351845
4352001
4352075
4352235
4352307
4352481
4352539
4352555
4352919
4353005
4353007
4353067
4353127
4353197
4353211
4353229
4353265
4353385
4353449
4353503
4353559
4353663
4354371
4354493
4354525
4354593
4354677
4354917
4354979
4354991
4355135
4355179
4355465
4355479
4355799
4355979
4356175
4356543
4356929
4357053
4357103
4357199
4357419
4357445
4357615
4357675
4357731
4357813
4357925
4358211
4358545
4358559
4358601
4358619
4358635
4358895
4359013
4359019
4359503
4359505
4359531
4359557
4359613
4359639
4359797
4359927
4359939
4360105
4360197
4360299
4360457
4360663
4360727
4360817
4360865
4360879
4361083
4361169
4361303
4361579
4361707
4361959
4362117
4362127
4362141
4362351
4362835
4363025
4363393
4363541
4363783
4363875
4364295
4364505
4364507
4364603
4364717
4364767
4364785
4364981
4365059
4365209
4365609
4365653
4365669
4365717
4366255
4366365
4366897
4366977
4366985
4367065
4367107
4367305
4367331
4367919
4368105
4368147
4368167
4368381
4368515
4368569
4368681
4368833
4368887
4368983
4369179
4369183
4369237
4369367
4369547
4369709
4370385
4370525
4370587
4370601
4370613
4370741
4370801
4370895
4371101
4371271
4371429
4371473
4371611
4371815
4371837
4371931
4371945
4372477
4372841
4372903
4373037
4373233
4373507
4373549
4373597
4373687
4373829
4373981
4374109
4374173
4374341
4374455
4374463
4374491
4374701
4374801
4374973
4375055
4375267
4375311
4375455
4375521
4375641
4375743
4375773
4375781
4375843
4375981
4376039
4376191
4377015
4377103
4377203
4377529
4377609
4377617
4377851
4377875
4377927
4378063
4378077
4378109
4378163
4378341
4378951
4379033
4379173
4379537
4379539
4379919
4380207
4380237
4380385
4380617
4380663
4380867
4381201
4381275
4381337
4381405
4381425
4381463
4381577
4381595
4381645
4381711
4381725
4381957
4382193
4382235
4382315
4382495
4382587
4382707
4382849
4382921
4382937
4383077
4383195
4383397
4383463
4383469
4383625
4383637
4383925
4383969
4384059
4384137
4384161
4384559
4384653
4384903
4384943
4385187
4385373
4385395
4385439
4385443
4385675
4385707
4385781
4385955
4386259
4386505
4386551
4386589
4386597
4386743
4387035
4387257
4387267
4387685
4387891
4387893
4388107
4388233
4388531
4388633
4388705
4388885
4388985
4389129
4389315
4389399
4389403
4389541
4389689
4389745
4389757
4389797
4389807
4389877
4389893
4390071
4390255
4390273
4390363
4390615
4390731
4390861
4390917
4390929
4390987
4391057
4391073
4391355
4391379
4391677
4391707
4391757
4391801
4391913
4392017
4392031
4392129
4392157
4392179
4392287
4392403
4392487
4392517
4392837
4393119
4393297
4393313
4393673
4393775
4393923
4394131
4394177
4394307
4394331
4394759
4394831
4394859
4394905
4395223
4395625
4395637
4395687
4396013
4396181
4396525
4396561
4396601
4396755
4396981
4397075
4397121
4397149
4397311
4397355
4397539
4397603
4397969
4398145
4398293
4398319
4398411
4398497
4398699
4398919
4399111
4399197
4399201
4399285
4399317
4399321
4399633
4399783
4399867
4400013
4400127
4400173
4400205
4400595
4400649
4400711
4400829
4400955
4401115
4401281
4401369
4401407
4401561
4401835
4401927
4401935
4401951
4401999
4402023
4402047
4402289
4402423
4402541
4402551
4402675
4402707
4402777
4402879
4402939
4403095
4403119
4403139
4403359
4403641
4403779
4403855
4404105
4404129
4404201
4404277
4404327
4404411
4404437
4404491
4404703
4404877
4405357
4405445
4405547
4405647
4405669
4406067
4406149
4406159
4406235
4406251
4406373
4406397
4406469
4406731
4406771
4407017
4407331
4407407
4407505
4407579
4407799
4408101
4408167
4408227
4408345
4408429
4408895
4409121
4409309
4409355
4409633
4409957
4410119
4410133
4410267
4410485
4410615
4410619
4410675
4410951
4410987
4411061
4411201
4411235
4411305
4411541
4411677
4411755
4411845
4412157
4412179
4412285
4412523
4412651
4412997
4413027
4413055
4413199
4413625
4413679
4413685
4413819
4413935
4413969
4413977
4413979
4414135
4414167
4414281
4414897
4414917
4414983
4415065
4415085
4415117
4415171
4415181
4415265
4415279
4415319
4415479
4415643
4415765
4415917
4416115
4416347
4416387
4416467
4416471
4416515
4416517
4416521
4416555
4416571
4416777
4416803
4416833
4416835
4417065
4417073
4417075
4417365
4417457
4417555
4417725
4417963
4418049
4418247
4418251
4418403
4418573
4418683
4418765
4418769
4418879
4418995
4419007
4419019
4419043
4419081
4419107
4419133
4419257
4419309
4419329
4419511
4419543
4419647
4419905
4420083
4420623
4420799
4421117
4421161
4421329
4421603
4421671
4421675
4421811
4421881
4421971
4422275
4422311
4422343
4422835
4422925
4423219
4423241
4423357
4423609
4423637
4423731
4423793
4423825
4424195
4424239
4424265
4424429
4424653
4425059
4425253
4425255
4425287
4425361
4425407
4425591
4425755
4425815
4425827
4426627
4426757
4426783
4426969
4426973
4427025
4427351
4427597
4428079
4428257
4428693
4428783
4428887
4428957
4429059
4429141
4429179
4429375
4429513
4429531
4429677
4429735
4429791
4429915
4429933
4430313
4430325
4430459
4430483
4430555
4430663
4430671
4430847
4430885
4430939
4431051
4431255
4431281
4431481
4431513
4431575
4431689
4431815
4431821
4431977
4432125
4432259
4432479
4432481
4432485
4432487
4432519
4432609
4432631
4432687
4432841
4432883
4433017
4433115
4433275
4433283
4433363
4433445
4433611
4433643
4433773
4434131
4434175
4434187
4434217
4434319
4434519
4434643
4434773
4434795
4435125
4435149
4435529
4435681
4436057
4436207
4436491
4436523
4436625
4436745
4436851
4436963
4437355
4437461
4437849
4438137
4438283
4438433
4438455
4438505
4438727
4438811
4438871
4439391
4439409
4439463
4439613
4439835
4439935
4439997
4440017
4440267
4440375
4440421
4440549
4440653
4441053
4441279
4441325
4441411
4441423
4441473
4441765
4441895
4441985
4442089
4442229
4442273
4442359
4442505
4442927
4443007
4443167
4443327
4443501
4443715
4443819
4443867
4444307
4444335
4444461
4444495
4444619
4444667
4444695
4444763
4444811
4444855
4444953
4445257
4445467
4445507
4445623
4445635
4445801
4445943
4445965
4446061
4446103
4446143
4446203
4446257
4446277
4446441
4446551
4446847
4446961
4447307
4447329
4447461
4447541
4447635
4447727
4447731
4447881
4447887
4447957
4448053
4448205
4448785
4448875
4449497
4450081
4450387
4450635
4450733
4450825
4450897
4451003
4451017
4451047
4451137
4451549
4451561
4451791
4451839
4452237
4452325
4452371
4452383
4452561
4452583
4452859
4452923
4453375
4453423
4453467
4453555
4453637
4453709
4453863
4453953
4453959
4454275
4454499
4454679
4454781
4454801
4454993
4455001
4455349
4455803
4455833
4455847
4455903
4455963
4456355
4456443
4456541
4456621
4456761
4456933
4456999
4457211
4457329
4457497
4457691
4457717
4458007
4458029
4458049
4458191
4458495
4458777
4458941
4459113
4459515
4459759
4459945
4460071
4460079
4460209
4460275
4460385
4460395
4460429
4460467
4460535
4460623
4460835
4460927
4460941
4460945
4461005
4461051
4461163
4461195
4461247
4461415
4461635
4461659
4461759
4461835
4461843
4461859
4462049
4462163
4462531
4462655
4462749
4462753
4462881
4463099
4463323
4463631
4463647
4463949
4464005
4464205
4464297
4464385
4464403
4464519
4464571
4464577
4464587
4464607
4464813
4464847
4465079
4465355
4465415
4465443
4465483
4465603
4465691
4465861
4465929
4466025
4466161
4466199
4466253
4466533
4466699
4466887
4466935
4467085
4467199
4467305
4467369
4467375
4467709
4467827
4467849
4468025
4468241
4468449
4468507
4468629
4468763
4468835
4468863
4468947
4469161
4469217
4469243
4469245
4469291
4469293
4469451
4469651
4469665
4470055
4470059
4470213
4470271
4470349
4470659
4470887
4470945
4471199
4471267
4471857
4472075
4472123
4472139
4472143
4472199
4472359
4472719
4472833
4472887
4472899
4472969
4473251
4473491
4473855
4473897
4474167
4474173
4474913
4474961
4475059
4475077
4475237
4475301
4475529
4475569
4475909
4475999
4476039
4476219
4476367
4476653
4476735
4476751
4476811
4476935
4477023
4477311
4477325
4477355
4477459
4477531
4477747
4477941
4478061
4478115
4478125
4478131
4478169
4478233
4478379
4478417
4478749
4478881
4479083
4479223
4479349
4479631
4479683
4479875
4480079
4480229
4480251
4480305
4480367
4480609
4480691
4480791
4480913
4480937
4481095
4481135
4481407
4481809
4481913
4481925
4481939
4481947
4482263
4482669
4482739
4482761
4482837
4483405
4483407
4483615
4483831
4483841
4484117
4484169
4484193
4484239
4484491
4484571
4485071
4485173
4485185
4485335
4485341
4485543
4485729
4485743
4485853
4485971
4485977
4486031
4486145
4486235
4486355
4486375
4486423
4486643
4486993
4487181
4487213
4487317
4487395
4487427
4487575
4487797
4487817
4487825
4488179
4488631
4488811
4488837
4489009
4489069
4489125
4489137
4489505
4489509
4489571
4489615
4489721
4489803
4490019
4490033
4490191
4490227
4490603
4490669
4490879
4491027
4491043
4491153
4491841
4492079
4492171
4492551
4492597
4492871
4492889
4493049
4493097
4493249
4493313
4493749
4493811
4493857
4494129
4494219
4494225
4494311
4494365
4494557
4494565
4494713
4494801
4495085
4495197
4495221
4495265
4495571
4495583
4495585
4495663
4495767
4496177
4496213
4496609
4496903
4496949
4496957
4497049
4497249
4497291
4497327
4497439
4497475
4497597
4497965
4498007
4498051
4498193
4498381
4498437
4498653
4498689
4498811
4499025
4499419
4499459
4499797
4499823
4500155
4500545
4500703
4500765
4500821
4500899
4501183
4501417
4501479
4501525
4501527
4501633
4501755
4501789
4501841
4501901
4501903
4501937
4502013
4502061
4502107
4502173
4502511
4502955
4503099
4503135
4503293
4503351
4503637
4503665
4503757
4503831
4503927
4503955
4504051
4504141
4504155
4504265
4504329
4504415
4504545
4504817
4505207
4505331
4505415
4505769
4505809
4505943
4506149
4506415
4506609
4506673
4506793
4506815
4506857
4506957
4507087
4507219
4507349
4507363
4507579
4507703
4507851
4508099
4508119
4508191
4508543
4508647
4508941
4509005
4509237
4509461
4509499
4509581
4509693
4509819
4509841
4510055
4510223
4510251
4510365
4510425
4510819
4510849
4510859
4511121
4511235
4511323
4511335
4511609
4511763
4511931
4512013
4512211
4512409
4512677
4512735
4512767
4512893
4512903
4512915
4513065
4513117
4513505
4513651
4513685
4514025
4514053
4514185
4514323
4514687
4514713
4514805
4515019
4515069
4515421
4515475
4515477
4515597
4515599
4515633
4515767
4515787
4515875
4515959
4516267
4516521
4516639
4516663
4516739
4517041
4517367
4517405
4517689
4517741
4517747
4517819
4518103
4518185
4518333
4519151
4519173
4519281
4519309
4519785
4519871
4520019
4520103
4520201
4520431
4520827
4521083
4521201
4521263
4521265
4521519
4521759
4522117
4522397
4522485
4522909
4522929
4522971
4523053
4523129
4523329
4523375
4523599
4523649
4523817
4523823
4523875
4523903
4524361
4524583
4524741
4524789
4525031
4525063
4525123
4525201
4525403
4525513
4525769
4526171
4526381
4526573
4526669
4526705
4526713
4526971
4527165
4527337
4527369
4527397
4527445
4527459
4527521
4527707
4527825
4527911
4527971
4528059
4528115
4528221
4528361
4528611
4528845
4528891
4529241
4529247
4529631
4530037
4530297
4530337
4530427
4530645
4530761
4530919
4531015
4531043
4531055
4531073
4531089
4531163
4531169
4531483
4531597
4531889
4532137
4532167
4532345
4532347
4532389
4532433
4532715
4532719
4532839
4532847
4533003
4533115
4533209
4533279
4533455
4533549
4533889
4534051
4534161
4534193
4534483
4534637
4534929
4534935
4535007
4535017
4535093
4535237
4535691
4535809
4535903
4536017
4536097
4536217
4536255
4536327
4536383
4536423
4536465
4536563
4536881
4537233
4537245
4537393
4537451
4537663
4537821
4537889
4537897
4538681
4538747
4538845
4538893
4539137
4539155
4539161
4539171
4539231
4539341
4539475
4539503
4539803
4540105
4540339
4540647
4540701
4540931
4540967
4541005
4541111
4541147
4541197
4541227
4541273
4541449
4541455
4541509
4541751
4542129
4542157
4542885
4542995
4543287
4543531
4543633
4543791
4543807
4543847
4544049
4544137
4544155
4544325
4544373
4544557
4544687
4544809
4545277
4545319
4545439
4545519
4545587
4545801
4545829
4545869
4545973
4546035
4546063
4546147
4546217
4546439
4546483
4546807
4546825
4546913
4547087
4547111
4547227
4547275
4547309
4547391
4547491
4547503
4547531
4547547
4547605
4547955
4548369
4548479
4548633
4548751
4548943
4548951
4549543
4549559
4549671
4550111
4550195
4550233
4550235
4550311
4550329
4550353
4550487
4550665
4550741
4550789
4551385
4551401
4551563
4551567
4551767
4551809
4551989
4552005
4552145
4552279
4552489
4552543
4552689
4552853
4552953
4553161
4553193
4553277
4553349
4553401
4553501
4553719
4553779
4554465
4554509
4554699
4554965
4555133
4555299
4555603
4555743
4556125
4556193
4556327
4556407
4556525
4556787
4557107
4557453
4557585
4557625
4557667
4557879
4557889
4557949
4558065
4558341
4558503
4558617
4558641
4558683
4559267
4559335
4559475
4559517
4559871
4559895
4559901
4559975
4559979
4560025
4560101
4560147
4560361
4560853
4560893
4560907
4561355
4561445
4561547
4561979
4562087
4562097
4562109
4562249
4562273
4562301
4562321
4562515
4562907
4563035
4563089
4563091
4563243
4563333
4563401
4563507
4563805
4563905
4564009
4564059
4564127
4564165
4564275
4564283
4564289
4564347
4564349
4564371
4564527
4564579
4565093
4565185
4565545
4565685
4565941
4565977
4566015
4566447
4566617
4566623
4566881
4566903
4567237
4567245
4567249
4567301
4567399
4567411
4567739
4567767
4567933
4568061
4568141
4568145
4568289
4568417
4568595
4568687
4568779
4568897
4569017
4569137
4569151
4569163
4569203
4569219
4569375
4569403
4569515
4569677
4569725
4570533
4570673
4570795
4570933
4571089
4571153
4571419
4571553
4571637
4571723
4571827
4571869
4572055
4572291
4572335
4572365
4572445
4572699
4572701
4572901
4573017
4573171
4573469
4573553
4573577
4574511
4574705
4574743
4574847
4574987
4574999
4575823
4575887
4576015
4576123
4576501
4576513
4576537
4576567
4576755
4576823
4576875
4576877
4577039
4577081
4577233
4577773
4577797
4577857
4578129
4578195
4578439
4578603
4578623
4578859
4578903
4578913
4579043
4579055
4579401
4579507
4579509
4579635
4579679
4579797
4579805
4579887
4580001
4580087
4580175
4580343
4580373
4580535
4580669
4580689
4580775
4580953
4581531
4581901
4581967
4582203
4582315
4582361
4582629
4582645
4582771
4582781
4583081
4583163
4583167
4583287
4583521
4583627
4583885
4584025
4584041
4584213
4584237
4584657
4584767
4584773
4584893
4584929
4584987
4585039
4585073
4585085
4585193
4585249
4585331
4585477
4585659
4585727
4585731
4585859
4585925
4586233
4586255
4586337
4586621
4586777
4586911
4587015
4587035
4587075
4587089
4587111
4587203
4587399
4587497
4587611
4587857
4588033
4588055
4588147
4588167
4588747
4588933
4589123
4589479
4589691
4589817
4589825
4589831
4589835
4589877
4589981
4590091
4590243
4590357
4590419
4590571
4590631
4590637
4590749
4591237
4591333
4591425
4591443
4591617
4591663
4591879
4591881
4591963
4591985
4592177
4592183
4592401
4592627
4592629
4592793
4592807
4592955
4593083
4593089
4593515
4593587
4593639
4593719
4593723
4593861
4594527
4594897
4595091
4595287
4595485
4595715
4595765
4595831
4595907
4595993
4596045
4596157
4596319
4596443
4596581
4596583
4596615
4596709
4596743
4596745
4596789
4596823
4596923
4597309
4597323
4597491
4597531
4597807
4597991
4598089
4598387
4598643
4598857
4599193
4599301
4599623
4599735
4599835
4599917
4600147
4600173
4600301
4600325
4600581
4600631
4600637
4600943
4601051
4601193
4601277
4601643
4601691
4601733
4601995
4602081
4602111
4602123
4602359
4602537
4602637
4603099
4603393
4603455
4603477
4603755
4603869
4603989
4604299
4604675
4604777
4605141
4605143
4605225
4605257
4605411
4605441
4605523
4605725
4605889
4605897
4605909
4606265
4606461
4606493
4606517
4606519
4606577
4606721
4606761
4606961
4607375
4607399
4607495
4607713
4607995
4608067
4608351
4608539
4608653
4608967
4609085
4609347
4609515
4609871
4609895
4609951
4610299
4610341
4610449
4610717
4610933
4611377
4611459
4611537
4611671
4611711
4611817
4611971
4612125
4612169
4612391
4612695
4612903
4613109
4613301
4613359
4613493
4613519
4613521
4613573
4613689
4613751
4613765
4613821
4613867
4614439
4614499
4614783
4614823
4615347
4615383
4615495
4615729
4615825
4616229
4616367
4616727
4616731
4616791
4616825
4616941
4617005
4617383
4617481
4617819
4618309
4618429
4618443
4618983
4619535
4619933
4619969
4620269
4620309
4620371
4620561
4620565
4620725
4620957
4621003
4621009
4621477
4621971
4621973
4622165
4622229
4622423
4622557
4622671
4622973
4623273
4623281
4623439
4623577
4623637
4623687
4623911
4624065
4624075
4624077
4624255
4624331
4624337
4624425
4624599
4624689
4625031
4625143
4625153
4625179
4625365
4625469
4625715
4625907
4626167
4626217
4626571
4626653
4627007
4627033
4627073
4627147
4627289
4627437
4627617
4627823
4627977
4628289
4628337
4628505
4628525
4628573
4628667
4628937
4628953
4628963
4629021
4629159
4629489
4629869
4630043
4630221
4630247
4630447
4630535
4630685
4630705
4630993
4631035
4631165
4631255
4631349
4631507
4631815
4631917
4631945
4632037
4632081
4632161
4632561
4632581
4632595
4632621
4632751
4632909
4633641
4633711
4633715
4633737
4633785
4633823
4633925
4633955
4634207
4634221
4634253
4634443
4634497
4634519
4634685
4634937
4635181
4635219
4635303
4635473
4635501
4635657
4635933
4636155
4636227
4636277
4637129
4637149
4637187
4637449
4637561
4637707
4637791
4637899
4637951
4638069
4638083
4638559
4638607
4638631
4638697
4638745
4638765
4638835
4638887
4638895
4638943
4639057
4639135
4639585
4639909
4639993
4640051
4641243
4641391
4641441
4641521
4641647
4641701
4641759
4641989
4642163
4642301
4642405
4642453
4642993
4643239
4643389
4643393
4643413
4643497
4643829
4643885
4643887
4644027
4644079
4644415
4644519
4644657
4644817
4645131
4645207
4645209
4645239
4645343
4645453
4645461
4645579
4645639
4645703
4646223
4646237
4646251
4646417
4646687
4647117
4647181
4647549
4647595
4647615
4647631
4647677
4647759
4648307
4648477
4648579
4648615
4648825
4649209
4649235
4649421
4649439
4649599
4649659
4649699
4649867
4649899
4649977
4650379
4650571
4650679
4650819
4650855
4650959
4651099
4651269
4651321
4651407
4651467
4651761
4651797
4651989
4652137
4652167
4652351
4652431
4652571
4652731
4652909
4653299
4653361
4653371
4653643
4653905
4654077
4654201
4654275
4654315
4654369
4654777
4654839
4654843
4654959
4655065
4655119
4655797
4655841
4655851
4656097
4656117
4656499
4656523
4656543
4656681
4656831
4656911
4657059
4657139
4657163
4657313
4657417
4657697
4658045
4658403
4658413
4658423
4658613
4658665
4658707
4658837
4658943
4659079
4659551
4659569
4659699
4659745
4659835
4659899
4660003
4660185
4660209
4660219
4660241
4660271
4660421
4660491
4660591
4660785
4660793
4661071
4661101
4661143
4661199
4661327
4661459
4661517
4661525
4661587
4661637
4661663
4661753
4661795
4661917
4662067
4662165
4662231
4662273
4662391
4662457
4662489
4662621
4662767
4662777
4662925
4663113
4663121
4663261
4663269
4663347
4663423
4663541
4663551
4663611
4663743
4663797
4663811
4663843
4663965
4663983
4664113
4664503
4664601
4664639
4664765
4664981
4664993
4665049
4665059
4665067
4665101
4665117
4665255
4665427
4665767
4665773
4665785
4665803
4665873
4665915
4665949
4666029
4666099
4666143
4666151
4666311
4666323
4666369
4666497
4666757
4666905
4666957
4667283
4667491
4667497
4667693
4667879
4667901
4668123
4668233
4668291
4668345
4668701
4668755
4668801
4668829
4668855
4668879
4668913
4669025
4669213
4669251
4669913
4670259
4670423
4670425
4670543
4670615
4670811
4670849
4670995
4671175
4671583
4671753
4672009
4672313
4672415
4672465
4672741
4673127
4673251
4673255
4673463
4673579
4673867
4673963
4674125
4674195
4674211
4674255
4674387
4674405
4674823
4674827
4674993
4675029
4675063
4675463
4675527
4675699
4675863
4676237
4676239
4676293
4676371
4676409
4676457
4676531
4676633
4676719
4676739
4676749
4676753
4676833
4676873
4676957
4677109
4677585
4677689
4677723
4677757
4677827
4678003
4678141
4678247
4678415
4678441
4678687
4678713
4679045
4679047
4679157
4679413
4679503
4679623
4679631
4679749
4679755
4679887
4680015
4680189
4680609
4680689
4680985
4681169
4681295
4681505
4681529
4681651
4681717
4681751
4681817
4681873
4681979
4682069
4682177
4682287
4682369
4682421
4682689
4682815
4682893
4682927
4682929
4683157
4683291
4683675
4683899
4684087
4684321
4684465
4684819
4685013
4685201
4685289
4685681
4685975
4686009
4686067
4686609
4686623
4686637
4686843
4687141
4687281
4687381
4687917
4688097
4688137
4688177
4688283
4688749
4688949
4689083
4689113
4689197
4689331
4689343
4689365
4689743
4689885
4690083
4690185
4690203
4690481
4690785
4690883
4690921
4690965
4691037
4691125
4691263
4691391
4691421
4691699
4691717
4692035
4692079
4692427
4692435
4692505
4692553
4692835
4692879
4693035
4693167
4693233
4693333
4693423
4693557
4693597
4693869
4693949
4694115
4694195
4694419
4694625
4694721
4695061
4695167
4695383
4695491
4695527
4695611
4695753
4695811
4696141
4696197
4696291
4696303
4696319
4696679
4696795
4696827
4697105
4697287
4697429
4697449
4697729
4697783
4697905
4698053
4698143
4698387
4698445
4698905
4698929
4698995
4699273
4699327
4699481
4699717
4699771
4699799
4699877
4700271
4700371
4700493
4700631
4700783
4700893
4700903
4701153
4701319
4701499
4701805
4701821
4701939
4702207
4702503
4702547
4702805
4702849
4702971
4703365
4703483
4703565
4703575
4703643
4703647
4703703
4703759
4703999
4704347
4704441
4704461
4704471
4704523
4704937
4705005
4705067
4705403
4705757
4705865
4706191
4706239
4706259
4706337
4706415
4706491
4706579
4706825
4706853
4706939
4707291
4707533
4707765
4707859
4708097
4708569
4708613
4708619
4708679
4708831
4708905
4708943
4708953
4709003
4709019
4709387
4709409
4709423
4709697
4710041
4710119
4710157
4710341
4710383
4710495
4710603
4710747
4710893
4710925
4710937
4711173
4711227
4711271
4711561
4711565
4711581
4711909
4712081
4712291
4712331
4712523
4712789
4712975
4713001
4713451
4713603
4713621
4713881
4713985
4714001
4714191
4714491
4714663
4714795
4714807
4714931
4715125
4715155
4715229
4715381
4715611
4715777
4716095
4716189
4716231
4716241
4716519
4716691
4716701
4716705
4716735
4717193
4717361
4717471
4717531
4717671
4717711
4717719
4718059
4718105
4718179
4718391
4718473
4718545
4718567
4718655
4718871
4718891
4719039
4719055
4719073
4719209
4719299
4719301
4719371
4719723
4719799
4719993
4720507
4720523
4720555
4720561
4720725
4720735
4720799
4721025
4721797
4721901
4721985
4722117
4722183
4722437
4722455
4722563
4723179
4723475
4723603
4723687
4724033
4724043
4724115
4724369
4724425
4724433
4724441
4724443
4724625
4725031
4725193
4725211
4725251
4725331
4725627
4725633
4725799
4725939
4726193
4726261
4726421
4726457
4726467
4726631
4726827
4726835
4726843
4727021
4727083
4727087
4727161
4727401
4727673
4727773
4727955
4728265
4728541
4728739
4728839
4729749
4729933
4730141
4730291
4730315
4730407
4730559
4730625
4730917
4730987
4731053
4731057
4731281
4731365
4731629
4731763
4732155
4732165
4732231
4732369
4732489
4732559
4732643
4732927
4733709
4733757
4733901
4734065
4734089
4734131
4734213
4734347
4734413
4734853
4735327
4735465
4735683
4735685
4735689
4735731
4735815
4735839
4735851
4736003
4736021
4736025
4736049
4736097
4736129
4736159
4736239
4736273
4736409
4736457
4736699
4736701
4736729
4737123
4737403
4737827
4738291
4738467
4738473
4738703
4738743
4738839
4738843
4739017
4739093
4739177
4739193
4739241
4739251
4739449
4739593
4739597
4739639
4739701
4739833
4739869
4740147
4740441
4740663
4740667
4740921
4741239
4741603
4741807
4741875
4741879
4742163
4742449
4742647
4742851
4742861
4742941
4743099
4743213
4743249
4743397
4743669
4744083
4744589
4744893
4744951
4745073
4745177
4745229
4745427
4745647
4745699
4745703
4745725
4745767
4746073
4746199
4746237
4746325
4746419
4746455
4746461
4746471
4746533
4746559
4746839
4746927
4746979
4747023
4747119
4747129
4747267
4747349
4747559
4747581
4747743
4747755
4747773
4747775
4747791
4747961
4747991
4748019
4748043
4748105
4748299
4748331
4748349
4748531
4748769
4748775
4748883
4748951
4749073
4749351
4749403
4749499
4749809
4749907
4750063
4750097
4750147
4750225
4750227
4750645
4750661
4750723
4750869
4750915
4750957
4751145
4751167
4751275
4751679
4751705
4752009
4752109
4752127
4752309
4752463
4752703
4752767
4752839
4752913
4752961
4752963
4753029
4753083
4753273
4753469
4753663
4753687
4753699
4753755
4753959
4754079
4754117
4754281
4754683
4755197
4755391
4755429
4755621
4755827
4755853
4756083
4756265
4756291
4756347
4756353
4756373
4756377
4756437
4756451
4756687
4756821
4757487
4757551
4757769
4757785
4757915
4758041
4758281
4758335
4758585
4758687
4758851
4758901
4758977
4759231
4759335
4759397
4759459
4759577
4759717
4759789
4760105
4760115
4760401
4760485
4760901
4761003
4761131
4761303
4761377
4761423
4761479
4761643
4761799
4761863
4761947
4761973
4761985
4762079
4762325
4762377
4762675
4762793
4763163
4763523
4763529
4763683
4763791
4764035
4764357
4764649
4764935
4765249
4765337
4765525
4765671
4765693
4765715
4765779
4765807
4766025
4766129
4766305
4766359
4766377
4766499
4766603
4766849
4766899
4766939
4766961
4767235
4767325
4767583
4768019
4768207
4768227
4768257
4768303
4768687
4768829
4768841
4769231
4769559
4769603
4769655
4769711
4769719
4769805
4769933
4770093
4770203
4770273
4770611
4770717
4770923
4770939
4771063
4771131
4771281
4771331
4771457
4771751
4771773
4771855
4771891
4771963
4772065
4772143
4772311
4772403
4772443
4772547
4773003
4773033
4773117
4773147
4773281
4773389
4773453
4773581
4773587
4773671
4774063
4774211
4774225
4774273
4774589
4774769
4775415
4775417
4775545
4775883
4776133
4776187
4776189
4776273
4776373
4776405
4776519
4776885
4776913
4777321
4777537
4777591
4777613
4777743
4777883
4777899
4778231
4778241
4778371
4778545
4778729
4779067
4779447
4779483
4779587
4779679
4779681
4780097
4780219
4780475
4780713
4780903
4781021
4781069
4781201
4781229
4781259
4781361
4781399
4781403
4781747
4781983
4782071
4782135
4782149
4782219
4782345
4782517
4782589
4782741
4782797
4782933
4783107
4783129
4783177
4783553
4783555
4783657
4783667
4783729
4783941
4784107
4784233
4784599
4784651
4785321
4785605
4785937
4785991
4786239
4786253
4786381
4786407
4786611
4786745
4786975
4787009
4787489
4787693
4788023
4788095
4788233
4788507
4788511
4788573
4788671
4788735
4788743
4788811
4788829
4788979
4789367
4789483
4789503
4789651
4789689
4789789
4790043
4790169
4790373
4790387
4790391
4790429
4790449
4790619
4790663
4790847
4790951
4791213
4791217
4791233
4791521
4791611
4791819
4791887
4791913
4792053
4792339
4792357
4792391
4792573
4792739
4792775
4792783
4792925
4792945
4793093
4793169
4793195
4793363
4793691
4793815
4793901
4793945
4794115
4794271
4794425
4794573
4794695
4794785
4795133
4795185
4795847
4795859
4795879
4796041
4796081
4796141
4796281
4796551
4796681
4797049
4797165
4797205
4797223
4797339
4797405
4797537
4797599
4797635
4797679
4797729
4797937
4798183
4798207
4798287
4798339
4798349
4798445
4798519
4798551
4798591
4798691
4798759
4798893
4799211
4799315
4799377
4799533
4799631
4799663
4799725
4799751
4799837
4799865
4799957
4799995
4800045
4800219
4800691
4800775
4800859
4800867
4800927
4802251
4802363
4802379
4802563
4803253
4803283
4803315
4803409
4803433
4803537
4803547
4803695
4803851
4804265
4804283
4804391
4804435
4804449
4804493
4804499
4804551
4804763
4804765
4804793
4805031
4805055
4805607
4805855
4805919
4806081
4806107
4806153
4806197
4806261
4806277
4806329
4807095
4807165
4807177
4807195
4807269
4807275
4807339
4807373
4808043
4808625
4809151
4809317
4809519
4809539
4809601
4809737
4810241
4810251
4810279
4810441
4810597
4810603
4810723
4810831
4810883
4811037
4811185
4811263
4811267
4811285
4811383
4811433
4811647
4811705
4811753
4811925
4812219
4812365
4812407
4812783
4812789
4812829
4812887
4813027
4813129
4813171
4813335
4813421
4813581
4813697
4813729
4813803
4814055
4814115
4814149
4814417
4814621
4814715
4814757
4814913
4814947
4814961
4814973
4815013
4815127
4815191
4815277
4815491
4815573
4815717
4815729
4815899
4816123
4816265
4816307
4816505
4816515
4816585
4816975
4816985
4817223
4817389
4817573
4817661
4817683
4817877
4818199
4818481
4818659
4818681
4818921
4819087
4819119
4819189
4819579
4819621
4820383
4820491
4820515
4820583
4820639
4820857
4820883
4820945
4821219
4821337
4821357
4821551
4821881
4821909
4821931
4822279
4822409
4822495
4822605
4822643
4823127
4823247
4823317
4823321
4823481
4824121
4824221
4824285
4824313
4824709
4824797
4824973
4825145
4825237
4825313
4825641
4825671
4825687
4825689
4825833
4825925
4826297
4826479
4826645
4826657
4826775
4826981
4827247
4827309
4827639
4827645
4827705
4827753
4827881
4827899
4828317
4828325
4828359
4828495
4829203
4829209
4829225
4829239
4829467
4829677
4830095
4830149
4830289
4830425
4830481
4830637
4830677
4830927
4831009
4831283
4831289
4831393
4831399
4831547
4831599
4831703
4832287
4832337
4832351
4832997
4833013
4833087
4833091
4833147
4833249
4833371
4833615
4833829
4833921
4833923
4834209
4834543
4834597
4834599
4834905
4834907
4835179
4835513
4835739
4835815
4835855
4836271
4836303
4836315
4836339
4836369
4836691
4836701
4836997
4837057
4837121
4837197
4837229
4837373
4838173
4838227
4838255
4838383
4838407
4838537
4838713
4838841
4838853
4838949
4839201
4839459
4839493
4839781
4839817
4840013
4840075
4840115
4840275
4840743
4840885
4840995
4841013
4841037
4841101
4841263
4841451
4841545
4841613
4841887
4842291
4842473
4842625
4842701
4842725
4842941
4842999
4843033
4843233
4843325
4843501
4843785
4844185
4844279
4844607
4844621
4844623
4844907
4845017
4845023
4845097
4845187
4845249
4845305
4845401
4845541
4845585
4846051
4846135
4846221
4846327
4846387
4846405
4846501
4846591
4847259
4847329
4847567
4847713
4847759
4847783
4847853
4847867
4848047
4848311
4848369
4848497
4848603
4848761
4848769
4848783
4848947
4849147
4849261
4849387
4849441
4849533
4849549
4849553
4849635
4849747
4849897
4850109
4850213
4850457
4850553
4850585
4850677
4851137
4851299
4851413
4851577
4851653
4851865
4851893
4851955
4851977
4852197
4852203
4852237
4852383
4852545
4852629
4852683
4852689
4852723
4852751
4852847
4852941
4853209
4853307
4853329
4853473
4853503
4853565
4853719
4853765
4853887
4854001
4854195
4854201
4854397
4854661
4854671
4854931
4855451
4855807
4855963
4856023
4856063
4856157
4856185
4856767
4857017
4857075
4857273
4857275
4857301
4857349
4857407
4857555
4857727
4858531
4858867
4858927
4858951
4858961
4859009
4859059
4859153
4859223
4859679
4860157
4860727
4861061
4861351
4861353
4861369
4861415
4861517
4861667
4861685
4861805
4861833
4861847
4861875
4861941
4862013
4862077
4862219
4862285
4862473
4862479
4862553
4862685
4862791
4862851
4862853
4862967
4863057
4863237
4863325
4863361
4863507
4863709
4863875
4864121
4864235
4864299
4864413
4864615
4864815
4864955
4864965
4864979
4865043
4865067
4865241
4865533
4865717
4865855
4865891
4866075
4866311
4866319
4866433
4866497
4866513
4866577
4866623
4866629
4866637
4866881
4866947
4867339
4867599
4867607
4868077
4868463
4868639
4868697
4868979
4869061
4869305
4869349
4869367
4869577
4869889
4869899
4869905
4870135
4870215
4870265
4870357
4870595
4870607
4870625
4870693
4870751
4870827
4870881
4871007
4871211
4871255
4871373
4871405
4871423
4871463
4871639
4871769
4871941
4872001
4872085
4872115
4872165
4872167
4872545
4872573
4872605
4872693
4873127
4873365
4873493
4873609
4873657
4873733
4874013
4874143
4874261
4874339
4874345
4874991
4875037
4875181
4875185
4875351
4875379
4875437
4875539
4875745
4875831
4875891
4875943
4875967
4876003
4876159
4876161
4876193
4876199
4876203
4876335
4876519
4876627
4876629
4876861
4877167
4877489
4877513
4877925
4877965
4878017
4878019
4878039
4878107
4878155
4878159
4878231
4878319
4878419
4878545
4878605
4878791
4878933
4879089
4879169
4879243
4879555
4879583
4879621
4879815
4879991
4880139
4880155
4880171
4880225
4880329
4880391
4880443
4880647
4880807
4880829
4881029
4881091
4881205
4881241
4881375
4881421
4881509
4881661
4881763
4881787
4882059
4882111
4882269
4882523
4882649
4882667
4882689
4882719
4882747
4882847
4882869
4883031
4883075
4883323
4883351
4883495
4883497
4883669
4883903
4884465
4884667
4884893
4884903
4884959
4885271
4885293
4885549
4885683
4885743
4885963
4886041
4886085
4886647
4886857
4886917
4886969
4887187
4887635
4887767
4887817
4888095
4888149
4888153
4888289
4888369
4888683
4888881
4889325
4889577
4889585
4889801
4889921
4890257
4890281
4890419
4890563
4890571
4890713
4890767
4890867
4890909
4890949
4891007
4891021
4891137
4891417
4891513
4892213
4892405
4892427
4892483
4892485
4892505
4892549
4892613
4892747
4892781
4892853
4892961
4893201
4893285
4893319
4893373
4893477
4893555
4893585
4893749
4893929
4893983
4894109
4894337
4894549
4894763
4894797
4894847
4894869
4895375
4895455
4895557
4895735
4895959
4895993
4896289
4896419
4896629
4896771
4897341
4897625
4897633
4897675
4897715
4897957
4897963
4897981
4898423
4898461
4898551
4898573
4898605
4898709
4899111
4899267
4899271
4899513
4899877
4900051
4900055
4900083
4900239
4900393
4900715
4900749
4900819
4900913
4900981
4901097
4901327
4901509
4901513
4901589
4901875
4902009
4902055
4902143
4902309
4902477
4902713
4903101
4903251
4903285
4903353
4903435
4903461
4903467
4903535
4903567
4903603
4903879
4904355
4904541
4904619
4904627
4904681
4904737
4904887
4904917
4905103
4905209
4905251
4905479
4905537
4905949
4906123
4906239
4906261
4906349
4906661
4906749
4907031
4907141
4907557
4907889
4907933
4908561
4908611
4908789
4908807
4909013
4909083
4909127
4909229
4909977
4910321
4910375
4910387
4910441
4910489
4910553
4910899
4911441
4911487
4911897
4912061
4912373
4912553
4912943
4913151
4913311
4913419
4913457
4913705
4913811
4913925
4914073
4914225
4914235
4914305
4914317
4914559
4914727
4914827
4914871
4914907
4915039
4915061
4915097
4915125
4915201
4915409
4915513
4915627
4915647
4915839
4915937
4916459
4916561
4916723
4917445
4917493
4917961
4918083
4918261
4918277
4918433
4918437
4918507
4918509
4918519
4918729
4919025
4919063
4919211
4919623
4919811
4920117
4920171
4920613
4920665
4920953
4921057
4921217
4921319
4921591
4921711
4921891
4921927
4922249
4922255
4922491
4922521
4922801
4922837
4922965
4923041
4923121
4923139
4923377
4923381
4923451
4923453
4923747
4923753
4923847
4923853
4923873
4924149
4924171
4924661
4924833
4925021
4925155
4925301
4925365
4925379
4925453
4925469
4926361
4926451
4926543
4926625
4926715
4926861
4927085
4927179
4927619
4927693
4927803
4928223
4928441
4928515
4928727
4928815
4929219
4929421
4929441
4930083
4930139
4930397
4930559
4930671
4930771
4930807
4930829
4930855
4930891
4931101
4931241
4931301
4931369
4931453
4931469
4931479
4931583
4931711
4931753
4931973
4932199
4932523
4932651
4932797
4932999
4933075
4933143
4933569
4933665
4933671
4933687
4933755
4933777
4933961
4934177
4934253
4934669
4934843
4935077
4935285
4935389
4935449
4935581
4935979
4936441
4936539
4936549
4936559
4936561
4936577
4936605
4936923
4937095
4937235
4937281
4937433
4937485
4937513
4937563
4937617
4937779
4937957
4938013
4938057
4938151
4938199
4938541
4938595
4938661
4938729
4939259
4939411
4939461
4939755
4939905
4939907
4940105
4940497
4940647
4941189
4941757
4941895
4941911
4941917
4941977
4942175
4942293
4942371
4942407
4942549
4942591
4943061
4943181
4943493
4943657
4943737
4943739
4943941
4944409
4944507
4944635
4944743
4944771
4944865
4944963
4945091
4945119
4945257
4945587
4945601
4945723
4945753
4946107
4946177
4946281
4946401
4946615
4946643
4946721
4946735
4946773
4946895
4947007
4947497
4947601
4947747
4947813
4947923
4947927
4947963
4948019
4948207
4948295
4948521
4948703
4949155
4949523
4949527
4949599
4949687
4949761
4949885
4949953
4950047
4950175
4950251
4950701
4950817
4950855
4951319
4951451
4951523
4951545
4951567
4951669
4951737
4951767
4951769
4952001
4952017
4952373
4952723
4952743
4952783
4952841
4952847
4952933
4953211
4953259
4953267
4953341
4953353
4953385
4953431
4953877
4954001
4954127
4954197
4954515
4954635
4954797
4954811
4954863
4954921
4955109
4955325
4955675
4955857
4955981
4956047
4956209
4956309
4956383
4956409
4956635
4957079
4957379
4957543
4957715
4957801
4957803
4957923
4957965
4957983
4958165
4958301
4958321
4958349
4958483
4958559
4958563
4958619
4958657
4958939
4959279
4959327
4959331
4959401
4959687
4959711
4959811
4959843
4959879
4959883
4960003
4960251
4960375
4960385
4960405
4960501
4960715
4960853
4960957
4961101
4961119
4961289
4961457
4961537
4961577
4961755
4961845
4962029
4962495
4962499
4962527
4962607
4962637
4962721
4962727
4962759
4963047
4963051
4963163
4963205
4963351
4963497
4963559
4963851
4964083
4964119
4964205
4964287
4964453
4965017
4965293
4965613
4966561
4966681
4966725
4966753
4966807
4966873
4966919
4966987
4967271
4967589
4967593
4967633
4967685
4967817
4967929
4968047
4968063
4968197
4968259
4968297
4968355
4968417
4968439
4968807
4968941
4968963
4968977
4969005
4969019
4969099
4969215
4969263
4969289
4969349
4969465
4969833
4969891
4970085
4970219
4970431
4970465
4970599
4970751
4970911
4971015
4971019
4971077
4971311
4971371
4971433
4972127
4972473
4972587
4972695
4972703
4972731
4972929
4972959
4973043
4973221
4973367
4973525
4973795
4974017
4974243
4974307
4974399
4974691
4975059
4975291
4975479
4975979
4976181
4976307
4976315
4976419
4976825
4976903
4976907
4977487
4977615
4977639
4978035
4978459
4978489
4978613
4978625
4978635
4979155
4979197
4979299
4979569
4979707
4979733
4980003
4980341
4980883
4980921
4980951
4980969
4981045
4981395
4981553
4981831
4981861
4982145
4982223
4982341
4982619
4982663
4982949
4983037
4983103
4983125
4983357
4984105
4984133
4984145
4984189
4984217
4984239
4984303
4984681
4984747
4984801
4984825
4985003
4985035
4985379
4985643
4985773
4985879
4986029
4986251
4986545
4986603
4986661
4986729
4986789
4986937
4987169
4987235
4987267
4987359
4987533
4987637
4988005
4988139
4988269
4988315
4988733
4988785
4988903
4988989
4989199
4989579
4990473
4990553
4990635
4990735
4990877
4990885
4990919
4991253
4991263
4991533
4991747
4991807
4991837
4991927
4991939
4991989
4992037
4992111
4992319
4992325
4992531
4992617
4992753
4992807
4992907
4993041
4993135
4993661
4993667
4994031
4994125
4994537
4994659
4994695
4994795
4995001
4995863
4995903
4996155
4996233
4996235
4996621
4996785
4996881
4996981
4997025
4997089
4997115
4997347
4997429
4997539
4997591
4997861
4997929
4997953
4998199
4998271
4998369
4998657
4998707
4998727
4998807
4998843
4998853
4998859
4998983
4999249
4999285
4999415
4999619
4999763
