# proven primes: b with (b^32+1)/2 prime (aprcl), block [5000000,6000000)
5000217
5000301
5000451
5000509
5000757
5000811
5001001
5001471
5001545
5001549
5001637
5001779
5002373
5002407
5002447
5002515
5002703
5002799
5002809
5003005
5003131
5003141
5003221
5003225
5003317
5003347
5003413
5003531
5003581
5003761
5004147
5004247
5004555
5004593
5004619
5004721
5005013
5005077
5005081
5005131
5005535
5005595
5005597
5005671
5005863
5005893
5005907
5006103
5006317
5006475
5006503
5006829
5007007
5007129
5007161
5007341
5007345
5007387
5007495
5007541
5007563
5007869
5007963
5007965
5008259
5008265
5008267
5008541
5008817
5008831
5008875
5009019
5009299
5009323
5009643
5009665
5009719
5009779
5010035
5010109
5010135
5010213
5010265
5010317
5010371
5010467
5010613
5010739
5010847
5010967
5011003
5011031
5011089
5011327
5011337
5011395
5011407
5011499
5011547
5011661
5011777
5011867
5011951
5012813
5012913
5013125
5013177
5013441
5013477
5013633
5013829
5013995
5014011
5014055
5014675
5015035
5015049
5015271
5015283
5015479
5015491
5015519
5015587
5015969
5016011
5016255
5016267
5016519
5016727
5016825
5016847
5017293
5017425
5017687
5018075
5018157
5018167
5018275
5018501
5018547
5018657
5018671
5018837
5018879
5018977
5019111
5019165
5019373
5019459
5019567
5019681
5019883
5020173
5020233
5020299
5020339
5020505
5020601
5020653
5020665
5020853
5020935
5021269
5021309
5021321
5021427
5021785
5021855
5021879
5022119
5022347
5022601
5022627
5022695
5022801
5022937
5023125
5023161
5023309
5023419
5023581
5023683
5023715
5023723
5023985
5024541
5024611
5024685
5024761
5024897
5025049
5025071
5025079
5025545
5025579
5025799
5026033
5026263
5026331
5026537
5026603
5026621
5026711
5026721
5026777
5026821
5027499
5027527
5027651
5027709
5027751
5027777
5027827
5028041
5028225
5028247
5028369
5028561
5028593
5028713
5028759
5028761
5028827
5028905
5029135
5029151
5029473
5030057
5030575
5030721
5030865
5030985
5031017
5031075
5031119
5031275
5031361
5031367
5031441
5031665
5031851
5031899
5031973
5032101
5032173
5032245
5032303
5032367
5032383
5032505
5032665
5033343
5033379
5033547
5033617
5033733
5033795
5033827
5033933
5034271
5034309
5034459
5034671
5034691
5034935
5034993
5035219
5035229
5035257
5035285
5035307
5035763
5036237
5036311
5036821
5036887
5037243
5037695
5037815
5037951
5038097
5038299
5038481
5038553
5038627
5038689
5038699
5038905
5038925
5038959
5038987
5039763
5040069
5040187
5040195
5040347
5040431
5040483
5040597
5041251
5041261
5041313
5041363
5041567
5041747
5041811
5041819
5041841
5041935
5041939
5042047
5042395
5042517
5042801
5042851
5043269
5043337
5043611
5043811
5043941
5044033
5044125
5044175
5044415
5044433
5044771
5044855
5044909
5044997
5045177
5045515
5045559
5045597
5045817
5045847
5045901
5045955
5046083
5046361
5046433
5046615
5046711
5046713
5047095
5047595
5047745
5047859
5047875
5047887
5048109
5048237
5048445
5048547
5048729
5049035
5049043
5049109
5049203
5049313
5049335
5049511
5049661
5049931
5049989
5050083
5050139
5050195
5050241
5050323
5050339
5050427
5050603
5051039
5051169
5051277
5051327
5051351
5051487
5051601
5051693
5051705
5051821
5051905
5052075
5052119
5052157
5052239
5052247
5052291
5052323
5052339
5052375
5052429
5052431
5052559
5052563
5052689
5052703
5053019
5053075
5053133
5053439
5053577
5053663
5053689
5053825
5054171
5054225
5054289
5054377
5054475
5054521
5054807
5054875
5054987
5055347
5055387
5055507
5055721
5055753
5055813
5055951
5056061
5056063
5056099
5056189
5056279
5056439
5056575
5056677
5056681
5056907
5057153
5057271
5057937
5058023
5058071
5058145
5058153
5058313
5058333
5058393
5058401
5058527
5058781
5058833
5058843
5058857
5058943
5059075
5059095
5059695
5059715
5059771
5059919
5060073
5060395
5060505
5060533
5060617
5060781
5060869
5060991
5061185
5061225
5061237
5061251
5061353
5061387
5061427
5061577
5061715
5061881
5061977
5061999
5062081
5062251
5062283
5062385
5062399
5062607
5062717
5063013
5063125
5063235
5063393
5063453
5063507
5063533
5063881
5063909
5064243
5064305
5064451
5064569
5064687
5064781
5064853
5064891
5065295
5065479
5065613
5065627
5065637
5065767
5065985
5066001
5066039
5066415
5066767
5066773
5066915
5067003
5067383
5067389
5067701
5067763
5067951
5068035
5068399
5068661
5068725
5068781
5068801
5068933
5068993
5069019
5069081
5069217
5069229
5069231
5069489
5069851
5069949
5070019
5070089
5070373
5070433
5070649
5070703
5071125
5071131
5071383
5071395
5071517
5071629
5071781
5072031
5072621
5072943
5072983
5073219
5073307
5073445
5073697
5073699
5073759
5074111
5074123
5074149
5074199
5074291
5074299
5074531
5074629
5074825
5074827
5074913
5075063
5075081
5075473
5075493
5076089
5076281
5076377
5076401
5076421
5076497
5076629
5076897
5076997
5077107
5077321
5077551
5077591
5078037
5078191
5078267
5078703
5078849
5078887
5079223
5079505
5079853
5079909
5080087
5080363
5080371
5080653
5080663
5080731
5080843
5080893
5080915
5080917
5081095
5081135
5081237
5081319
5081431
5081525
5082141
5082155
5082341
5082483
5082515
5082683
5082687
5082737
5082793
5082857
5082961
5083003
5083189
5083253
5083389
5083445
5083479
5083509
5083523
5083755
5083957
5084313
5084331
5084389
5084503
5084697
5084831
5085105
5085141
5085245
5085345
5085619
5085951
5085959
5086159
5086353
5086389
5086423
5086715
5086803
5086861
5087137
5087179
5088359
5088875
5088939
5089025
5089171
5089189
5089265
5090163
5090219
5090351
5090467
5090571
5090733
5090771
5090945
5091111
5091185
5091239
5091533
5091911
5092289
5092539
5092599
5092687
5092709
5092791
5092995
5093433
5093573
5094169
5094189
5094477
5094493
5094541
5094699
5094915
5095011
5095085
5095431
5095721
5095749
5096385
5096389
5096415
5096449
5096467
5096561
5096665
5096745
5096979
5097033
5097241
5097333
5097609
5097697
5097857
5097987
5098049
5098173
5098235
5098297
5098403
5098571
5098829
5098867
5099005
5099065
5099213
5099285
5099291
5099387
5099471
5099585
5099595
5099735
5099783
5099963
5100035
5100193
5100197
5100455
5100553
5100629
5100631
5100685
5100751
5101081
5101201
5101649
5101995
5102033
5102147
5102223
5102323
5102511
5102579
5102597
5102609
5102649
5103437
5103525
5103635
5103645
5103667
5103847
5103873
5103935
5104011
5104247
5104273
5104351
5104361
5104755
5105029
5105243
5105357
5105707
5105829
5105879
5105905
5106301
5106437
5106557
5106577
5106617
5106861
5106915
5107191
5107731
5107961
5108029
5108075
5108541
5108615
5108707
5109339
5109633
5109671
5109677
5109761
5109867
5109877
5109971
5110151
5110383
5110397
5110623
5110693
5110777
5110809
5110835
5110875
5111043
5111183
5111259
5111335
5111419
5111597
5111701
5111871
5112045
5112069
5112089
5112185
5112187
5112319
5112369
5112395
5112569
5112579
5112637
5112649
5113493
5113567
5113721
5113813
5114173
5114517
5114569
5114639
5114715
5114745
5114819
5114907
5115037
5115041
5115121
5115323
5115517
5115705
5116075
5116125
5116201
5116209
5116227
5116449
5116509
5116581
5116605
5116615
5117031
5117093
5117161
5117245
5117313
5117485
5117723
5117947
5118033
5118055
5118269
5118291
5118319
5118381
5118453
5118527
5118561
5118791
5118887
5119111
5119477
5119511
5119677
5119681
5119715
5120053
5120151
5120343
5120603
5120879
5121171
5121213
5121395
5121757
5122159
5122169
5122343
5122361
5122497
5122613
5122659
5123023
5123101
5123377
5123509
5123671
5123929
5124155
5124307
5124401
5124439
5124799
5125067
5125085
5125335
5125417
5125871
5125883
5125889
5126161
5126187
5126261
5126279
5126315
5126669
5126799
5126893
5127011
5127059
5127097
5127129
5127255
5127493
5127503
5127619
5127751
5127811
5127917
5128229
5128595
5128675
5128813
5129025
5129271
5129749
5129783
5129965
5130121
5130129
5130427
5130563
5130643
5130749
5130869
5130907
5131039
5131247
5131299
5131669
5131863
5132041
5132299
5132463
5132585
5132979
5133053
5133159
5133317
5133459
5133499
5133753
5134071
5134325
5134449
5134619
5134713
5135165
5135393
5135421
5135549
5135797
5135927
5136153
5136967
5136973
5137251
5137385
5137479
5137481
5137501
5137593
5137657
5137911
5138137
5138229
5138439
5138661
5138755
5138975
5139055
5139209
5139227
5139331
5139367
5139487
5139671
5139907
5140161
5140359
5140371
5140681
5140717
5141049
5141229
5141497
5142041
5142135
5142149
5142185
5142191
5142245
5142431
5142507
5142669
5143019
5143065
5143627
5143629
5143789
5144067
5144289
5144459
5144849
5145379
5145613
5146149
5146523
5146545
5146747
5146775
5146845
5147051
5147095
5147203
5147259
5147273
5147759
5147901
5148285
5148311
5148423
5148461
5148583
5148745
5148807
5148809
5149307
5149355
5149451
5149623
5149719
5149749
5149775
5149969
5150319
5150451
5150465
5150729
5150895
5150939
5150955
5150991
5151093
5151267
5151413
5151421
5151497
5151549
5151649
5151751
5151883
5152085
5152159
5152335
5152369
5152407
5152489
5152535
5152655
5152969
5153349
5153507
5153689
5153743
5153893
5154009
5154341
5154407
5154443
5154831
5154865
5155003
5155239
5155271
5155337
5155341
5155371
5155393
5155467
5155625
5155671
5155741
5155743
5156097
5156123
5156141
5156181
5156267
5156311
5156319
5156341
5156419
5156579
5156929
5156955
5157041
5157099
5157101
5157157
5157469
5157673
5157701
5158055
5158325
5158349
5158383
5158395
5158459
5158821
5159071
5159275
5159339
5159861
5160297
5160613
5160965
5160995
5161017
5161037
5161047
5161049
5161301
5161433
5161509
5161529
5161809
5161987
5162199
5162703
5162845
5162907
5163213
5163419
5163459
5163471
5163539
5163541
5163605
5164201
5164263
5164971
5165125
5165663
5165777
5165785
5166013
5166327
5166627
5166691
5166741
5166753
5166789
5166791
5166857
5166905
5166991
5167019
5167239
5167523
5167547
5167707
5167769
5168349
5168637
5168787
5168871
5168877
5169113
5169215
5169317
5169963
5170237
5170637
5170657
5170931
5171131
5171345
5171407
5171559
5171743
5171749
5171779
5171803
5171825
5171867
5171965
5172045
5172077
5172125
5172173
5172565
5172579
5172691
5172721
5172771
5173267
5173411
5173605
5173653
5174057
5174119
5174517
5174527
5174943
5175045
5175057
5175083
5175287
5175397
5175497
5175649
5175699
5175737
5175771
5175823
5175847
5176303
5176357
5176387
5176455
5176783
5176887
5177009
5177135
5177159
5177167
5177577
5177657
5177707
5177751
5177753
5177799
5178141
5178207
5178281
5178485
5178571
5178971
5178977
5178979
5179207
5179225
5179271
5179317
5179327
5179433
5179573
5179649
5179717
5179937
5180135
5180247
5180249
5180669
5180743
5180749
5180789
5181335
5181357
5181387
5181433
5181441
5181485
5181541
5181939
5182185
5182211
5182267
5182277
5182351
5182457
5182775
5182823
5182883
5182887
5183009
5183273
5183377
5183391
5183515
5183551
5183677
5183751
5183827
5183879
5184145
5184447
5184881
5184993
5185023
5185085
5185415
5185475
5185799
5185895
5185919
5186361
5186453
5186615
5186817
5186903
5186989
5187087
5187199
5187235
5187291
5187331
5187509
5187595
5187653
5187659
5187781
5188001
5188055
5188165
5188403
5188449
5188563
5188649
5188675
5188761
5189139
5189779
5189825
5189959
5189997
5190149
5190293
5190339
5190457
5190705
5190713
5191021
5191023
5191247
5191351
5191707
5191741
5191911
5192251
5192365
5192629
5192637
5192673
5192713
5192839
5193307
5193323
5193329
5193407
5193489
5193623
5193633
5193639
5193673
5193909
5194195
5194243
5194323
5194395
5194469
5194511
5194693
5194911
5195017
5195383
5195397
5195479
5195515
5195661
5195779
5195831
5195995
5196053
5196067
5196123
5196161
5196177
5196341
5196527
5196569
5196677
5196721
5196949
5197417
5197517
5197569
5197605
5197647
5198221
5198253
5198363
5199109
5200055
5200375
5200387
5200451
5200689
5200729
5200833
5200969
5200989
5201309
5201441
5201567
5201625
5201789
5201829
5201987
5202253
5202303
5202489
5202555
5202589
5202717
5202897
5203515
5203597
5203899
5204029
5204355
5204379
5204581
5204649
5204693
5204727
5204749
5204867
5205005
5205087
5205107
5205119
5205179
5205353
5205369
5205483
5205565
5205591
5205677
5205705
5205727
5205843
5205977
5206175
5206443
5206595
5206671
5206877
5206917
5207011
5207081
5207589
5207703
5208255
5208517
5208703
5208929
5209017
5209019
5209061
5209233
5209313
5209347
5209465
5209483
5209643
5209645
5209657
5209883
5209895
5209899
5209997
5210013
5210079
5210105
5210145
5210259
5210397
5210717
5210899
5211113
5211115
5211155
5211217
5211467
5211609
5211907
5212093
5212163
5212297
5212319
5212421
5212517
5212589
5212889
5212925
5213225
5213311
5213319
5213541
5213551
5213857
5213881
5213907
5214233
5214415
5214759
5214865
5215029
5215107
5215427
5215501
5215673
5215683
5215687
5215863
5215963
5216011
5216225
5216349
5216395
5216789
5217099
5217121
5217155
5217421
5217757
5217871
5217947
5218023
5218119
5218197
5218415
5218501
5218553
5218693
5218901
5218937
5219047
5219161
5219467
5219519
5219901
5220255
5220313
5220833
5220993
5221565
5221899
5222007
5222035
5222121
5222253
5222389
5223299
5223417
5223615
5223675
5224165
5224181
5224205
5224343
5224397
5224437
5224491
5224567
5224595
5224947
5225035
5225073
5225461
5225643
5225813
5225843
5225885
5225903
5226261
5226293
5226299
5226385
5226623
5226729
5226845
5226907
5226963
5227029
5227119
5227423
5227737
5227849
5228223
5228529
5228609
5228987
5229193
5229235
5229299
5229333
5229659
5229863
5230029
5230043
5230099
5230231
5230577
5230667
5230781
5230933
5231011
5231271
5231301
5231551
5231579
5231655
5231731
5231803
5232021
5232049
5232761
5232765
5232887
5232929
5233137
5233311
5233461
5233527
5233589
5233661
5233771
5233779
5233819
5233869
5234111
5234539
5234713
5234751
5234939
5235103
5235149
5235211
5235291
5235315
5235341
5235449
5235515
5235613
5236685
5236839
5236885
5236983
5237061
5237069
5237085
5237105
5237155
5237417
5237505
5237583
5237717
5237789
5237813
5238041
5238223
5238235
5238345
5238347
5238599
5238617
5238701
5238851
5238987
5239013
5239419
5239583
5239631
5239955
5240081
5240165
5240415
5240529
5240615
5240631
5240701
5240907
5240981
5241217
5241323
5241543
5241733
5241825
5242095
5242283
5242329
5242415
5242441
5242511
5242711
5242907
5243265
5243347
5243499
5243655
5243687
5243961
5243975
5244257
5244405
5244639
5244647
5244901
5245075
5245097
5245169
5245203
5245435
5245447
5245667
5245713
5245843
5245869
5245893
5245897
5245963
5246261
5246503
5246571
5246615
5246803
5246879
5247095
5247143
5247801
5247819
5248033
5248247
5248257
5248259
5248399
5248505
5248587
5248659
5248819
5248929
5249055
5249709
5249721
5249851
5249907
5249935
5249979
5250139
5250211
5250539
5250795
5250991
5251083
5251153
5251379
5251453
5251805
5251843
5251847
5251855
5251897
5252001
5252085
5252517
5252521
5252551
5252671
5252749
5252981
5253037
5253219
5253223
5253253
5253275
5253457
5253735
5253891
5253907
5254157
5254441
5254683
5254853
5254873
5254927
5255139
5255607
5255663
5255831
5255967
5256139
5256869
5257099
5257143
5257431
5257497
5257577
5257715
5257761
5257807
5257863
5257887
5258027
5258277
5258501
5258705
5258975
5259149
5259231
5259265
5259323
5259465
5259589
5259869
5260007
5260173
5260239
5260933
5260943
5261011
5261013
5261037
5261101
5261379
5261443
5261507
5261619
5261755
5261911
5261997
5262011
5262151
5262275
5262291
5262345
5262429
5262549
5262743
5262827
5263029
5263113
5263177
5263189
5263401
5263497
5263557
5263579
5263589
5263665
5263931
5264025
5264123
5264141
5264189
5264457
5264477
5264675
5264699
5264795
5265003
5265499
5265509
5265607
5265787
5265861
5265879
5266241
5266501
5266535
5266621
5266693
5266763
5266839
5267029
5267191
5267203
5267325
5267339
5267519
5267585
5267721
5267849
5267911
5267941
5268127
5268153
5268337
5268349
5268673
5268809
5268965
5269085
5269121
5269177
5269189
5269191
5269513
5269519
5269529
5269703
5269913
5270135
5270675
5270779
5270783
5270831
5271039
5271085
5271113
5271337
5271379
5271759
5271843
5271893
5272375
5272467
5272595
5272775
5273347
5273401
5273467
5273611
5273787
5273965
5274287
5274383
5274441
5274533
5274711
5274845
5275179
5275189
5275515
5275641
5275697
5275773
5275843
5275949
5276065
5276475
5276733
5276821
5276983
5277223
5277247
5277289
5277519
5277533
5277555
5277585
5277925
5278023
5278061
5278169
5278275
5278285
5278485
5278761
5278881
5278913
5278915
5279269
5279343
5279451
5279769
5279793
5279805
5279839
5280095
5280315
5280539
5280589
5280829
5281381
5281459
5281463
5281613
5282017
5282155
5282379
5282563
5282577
5282713
5282805
5282891
5283053
5283183
5283375
5283381
5283857
5284153
5284187
5284561
5284747
5284793
5284909
5284919
5285011
5285107
5285235
5285455
5285467
5285719
5285721
5285725
5285893
5286439
5286637
5286749
5286833
5286879
5286903
5287233
5287267
5287741
5288029
5288093
5288175
5288277
5288293
5288427
5288439
5288539
5288593
5288595
5288649
5288851
5288997
5289003
5289099
5289197
5289431
5289467
5290009
5290027
5290319
5290353
5290857
5290911
5291017
5291071
5291203
5291265
5291309
5291403
5291499
5291543
5291727
5291929
5292039
5292209
5292223
5292369
5292521
5292851
5292939
5293041
5293071
5293221
5293223
5293227
5293269
5293325
5293355
5293357
5293381
5293417
5293509
5293511
5293585
5293661
5293741
5293769
5293967
5294007
5294071
5294145
5294205
5294283
5294441
5294505
5294697
5294745
5295169
5295343
5295405
5295479
5295591
5295749
5295879
5296001
5296005
5296057
5296103
5296807
5296863
5297169
5297293
5297297
5297601
5297685
5297941
5298761
5298789
5299055
5299299
5299311
5299345
5299377
5299569
5299637
5299753
5299875
5299893
5299933
5299939
5300035
5300227
5300307
5300363
5300607
5301029
5301087
5301417
5301425
5301465
5301485
5301615
5301927
5301957
5302245
5302323
5302529
5302585
5302847
5302895
5302969
5303059
5303079
5303143
5303207
5303257
5303361
5303437
5303483
5303879
5304085
5304623
5304845
5304853
5304943
5305231
5305307
5305387
5305419
5305443
5305509
5305613
5305623
5305751
5306107
5306251
5306383
5306593
5306651
5306725
5306765
5306809
5306947
5307005
5307291
5307347
5307435
5307437
5307523
5307657
5308327
5308403
5308489
5308493
5308695
5308843
5308851
5308863
5309041
5309259
5309267
5309599
5309675
5309817
5309877
5309897
5310285
5310323
5310803
5310983
5310995
5311031
5311035
5311189
5311237
5311925
5311941
5311993
5312153
5312241
5312273
5312453
5312843
5312859
5313227
5313443
5313695
5313725
5314131
5314137
5314191
5314203
5314321
5314391
5314449
5314651
5314719
5315175
5315311
5315547
5315719
5315901
5316057
5316131
5316617
5316715
5317113
5317205
5317327
5317421
5317505
5317557
5317677
5317775
5318059
5318265
5318271
5318935
5318951
5319127
5319309
5319335
5319393
5319461
5319701
5320091
5320125
5320823
5320849
5320989
5321089
5321727
5321825
5322005
5322183
5322387
5322417
5322487
5322667
5322669
5322741
5322803
5322883
5323069
5323139
5323231
5323477
5323603
5323867
5324335
5324347
5324429
5324477
5325147
5325435
5325475
5325637
5325733
5325853
5325889
5326081
5326093
5326113
5326323
5326577
5326691
5326849
5327063
5327603
5327613
5327985
5328127
5328149
5328185
5328269
5328283
5328841
5328859
5329359
5329461
5329649
5329857
5329943
5330075
5330159
5330293
5330421
5330651
5330713
5330753
5330815
5330879
5331099
5331233
5331371
5331485
5331595
5331723
5331797
5332177
5332681
5332751
5332855
5332917
5333173
5333295
5333319
5333569
5333949
5334117
5334201
5334255
5334569
5334615
5334763
5334813
5335345
5335483
5335685
5335769
5336221
5336419
5336425
5336455
5336477
5336597
5336763
5336993
5337383
5337495
5337607
5337671
5337887
5338251
5338339
5338623
5338673
5338757
5338987
5339039
5339085
5339109
5339137
5339591
5339757
5339811
5340315
5340319
5340431
5340547
5340603
5340947
5341003
5341033
5341425
5341553
5341625
5342431
5342541
5342629
5342699
5342813
5342841
5343015
5343169
5343435
5343549
5343569
5343615
5343673
5343973
5344075
5344481
5344601
5344651
5344973
5345069
5345149
5345191
5345247
5345343
5345359
5345665
5345771
5346083
5346153
5346323
5346433
5346467
5346507
5346535
5346715
5346829
5346855
5346897
5346935
5347077
5347109
5347179
5347407
5347433
5347971
5348139
5348341
5348507
5348639
5348785
5348867
5348955
5349311
5349335
5349507
5349573
5349659
5349831
5349939
5350125
5350455
5350467
5350561
5350591
5350711
5350733
5351071
5351267
5351485
5351751
5351893
5352061
5352077
5352251
5352411
5352521
5352635
5352707
5352741
5352777
5352991
5353235
5353305
5353371
5353565
5353645
5353755
5353765
5353927
5354019
5354063
5354251
5354375
5354901
5354915
5355273
5355279
5355297
5355301
5355643
5355921
5356085
5356151
5356341
5356867
5356915
5357011
5357429
5357461
5357519
5357763
5357873
5357883
5358021
5358277
5358493
5358723
5358779
5358793
5358879
5358913
5359593
5359785
5359787
5359995
5360111
5360253
5360345
5360465
5360521
5360611
5360871
5361071
5361107
5361307
5361381
5361409
5361877
5361987
5362091
5362097
5362229
5362231
5362407
5362505
5362743
5362867
5363131
5363299
5363331
5363853
5364173
5364335
5364441
5364543
5364679
5364709
5364899
5364911
5365055
5365215
5365293
5365581
5365609
5365723
5366287
5366575
5366679
5366701
5366717
5366721
5366889
5367027
5367385
5367403
5367407
5367457
5367911
5368095
5368345
5368415
5368421
5368537
5368697
5368729
5369043
5369239
5369257
5369461
5369493
5369797
5369805
5369813
5369815
5369947
5369967
5370011
5370323
5370359
5370487
5370709
5371213
5371235
5371333
5371379
5371397
5371515
5371581
5371987
5372071
5372203
5372375
5372583
5372611
5372621
5372825
5372873
5373025
5373043
5373137
5373421
5373627
5373645
5373675
5373843
5373935
5374247
5374369
5374469
5374623
5374669
5374683
5375051
5375107
5375159
5375217
5375521
5375591
5375621
5375667
5375817
5375837
5376107
5376497
5376527
5376889
5376905
5376973
5377055
5377127
5377289
5377371
5377889
5377937
5378371
5378397
5378479
5378481
5378541
5378567
5378669
5378685
5378705
5378729
5378771
5379155
5379371
5379455
5379539
5379731
5379751
5379797
5379901
5380125
5380215
5380307
5380411
5380639
5380733
5380907
5380913
5381165
5381723
5381941
5381947
5382001
5382367
5382381
5382817
5382829
5382871
5383201
5383375
5383633
5383925
5383955
5383969
5384087
5384091
5384171
5384845
5384865
5384917
5385375
5385673
5385691
5386153
5386159
5386293
5387019
5387127
5387145
5387185
5387281
5387957
5388113
5388211
5388223
5388349
5388413
5388463
5388633
5388657
5388755
5389059
5389123
5389269
5389305
5389493
5389531
5389565
5389577
5389659
5389961
5390001
5390423
5390465
5390617
5390699
5390829
5390831
5391055
5391073
5391193
5391271
5391595
5391855
5391925
5392089
5392241
5392393
5392591
5392711
5393209
5393277
5393429
5393431
5393449
5393455
5393555
5393873
5393897
5393903
5394135
5394281
5394581
5394671
5394681
5394929
5394983
5394995
5395159
5395173
5395283
5395303
5395751
5395765
5396337
5396347
5396693
5397015
5397099
5397223
5397237
5397317
5397369
5397629
5397639
5397773
5398137
5398143
5398571
5398951
5399353
5399363
5399389
5399491
5399567
5399569
5399759
5399867
5399931
5399971
5400113
5400141
5400403
5400545
5400627
5400719
5400909
5401049
5401057
5401145
5401221
5401459
5401879
5402515
5402519
5402751
5402907
5403035
5403093
5403115
5403153
5403329
5403399
5403467
5403491
5403721
5403835
5403891
5403975
5404111
5404137
5404197
5404241
5404449
5404703
5405097
5405149
5405159
5405223
5405363
5405401
5405443
5405599
5405771
5406081
5406123
5406215
5406361
5406817
5406869
5407211
5407267
5407273
5407539
5407655
5407707
5407973
5408321
5408825
5409065
5409111
5409249
5409389
5409531
5409705
5409709
5409743
5409745
5409875
5409971
5410419
5410525
5410617
5410635
5410729
5410863
5410869
5410955
5410969
5411041
5411177
5411307
5411779
5411781
5411861
5412041
5412049
5412281
5412323
5412425
5412451
5412499
5412533
5412809
5412919
5413021
5413053
5413137
5413271
5413341
5413343
5413345
5413419
5413441
5413671
5414093
5414343
5414415
5414697
5415093
5415179
5415465
5415573
5415843
5416351
5416375
5416489
5416587
5416787
5416795
5416931
5416967
5417329
5417565
5417625
5417651
5417667
5417745
5417827
5417841
5418145
5418389
5418483
5418499
5418737
5418745
5418849
5418851
5418977
5419073
5419193
5419497
5419515
5419723
5419949
5420089
5420097
5420231
5420451
5420495
5420555
5420815
5420915
5421029
5421149
5421315
5421433
5421451
5421483
5421603
5421797
5421905
5422127
5422225
5422357
5422363
5422481
5422569
5422595
5422745
5422895
5423079
5423209
5423483
5424079
5424087
5424259
5424511
5424595
5424697
5424979
5425015
5425069
5425167
5425249
5425323
5425367
5425469
5425591
5425743
5425923
5426323
5426501
5427021
5427037
5427051
5427155
5427207
5427703
5427811
5427821
5428267
5428797
5428827
5428905
5428983
5429007
5429231
5429255
5429553
5429599
5429691
5429887
5429911
5429985
5430027
5430157
5430217
5430539
5430897
5431073
5431079
5431149
5431165
5431169
5431255
5431355
5431409
5431801
5431939
5431981
5432013
5432043
5432375
5432437
5432463
5432519
5432545
5432727
5432747
5432941
5433107
5433177
5433379
5433539
5433653
5433671
5433823
5434091
5434113
5434415
5434417
5434419
5434569
5434725
5434879
5434981
5435129
5435597
5435637
5435657
5435733
5435775
5435783
5435819
5435885
5436033
5436065
5436135
5436907
5436977
5437053
5437401
5437725
5437809
5437829
5437887
5437919
5438011
5438357
5438507
5438589
5438665
5438741
5438997
5439017
5439033
5439143
5439179
5439241
5439293
5439485
5439489
5439503
5439573
5439787
5439977
5440001
5440307
5440441
5440473
5440493
5440605
5440647
5440747
5440935
5441015
5441025
5441395
5441519
5441533
5441589
5441715
5441879
5442183
5442229
5442407
5442463
5442767
5442889
5442965
5443071
5443315
5443457
5443599
5443859
5443889
5443951
5444285
5444287
5444377
5444625
5444979
5445061
5445139
5445241
5445363
5445541
5445907
5446205
5446353
5446415
5446433
5446529
5446551
5446887
5446989
5447081
5447123
5447561
5447627
5447695
5447789
5448045
5448143
5448315
5448589
5448907
5448911
5448979
5449069
5449691
5449739
5450027
5450173
5450247
5450405
5450545
5450605
5450639
5450753
5450907
5451033
5451195
5451433
5451455
5451537
5451859
5451861
5452083
5452137
5452521
5452541
5452653
5452785
5452807
5453117
5453265
5453357
5453571
5453853
5453923
5453983
5454101
5454139
5454153
5454395
5454437
5454825
5455031
5455115
5455189
5455253
5455281
5455343
5455489
5455527
5455853
5455889
5455925
5456055
5456365
5456823
5457047
5457107
5457209
5457293
5457375
5457519
5457649
5457785
5457797
5457847
5457947
5457959
5458151
5458419
5458535
5458683
5458763
5458913
5459123
5459241
5459251
5459955
5460209
5460255
5460271
5460527
5460563
5460805
5460845
5461013
5461237
5461363
5461733
5461803
5461943
5462323
5462335
5462347
5462371
5462503
5462617
5462947
5463209
5463383
5463573
5463629
5463673
5463737
5463813
5463897
5463941
5463945
5464081
5464231
5464281
5464371
5464375
5464471
5464479
5464549
5464771
5464891
5465179
5465337
5465471
5465497
5465647
5465669
5465697
5465835
5466109
5466261
5466363
5466469
5466585
5466645
5466779
5466949
5466969
5467175
5467193
5467347
5467433
5467435
5467479
5467633
5467669
5467717
5467805
5467833
5467927
5467947
5468255
5468299
5468441
5468627
5468799
5468833
5469193
5469227
5469275
5469657
5469767
5469811
5470197
5470307
5470529
5470913
5470929
5470961
5470965
5471103
5471351
5471357
5471455
5471673
5471721
5471747
5471979
5472073
5472143
5472173
5472303
5472403
5472519
5472757
5472831
5472857
5472873
5472931
5472941
5473029
5473125
5473235
5473345
5473383
5473587
5473611
5474007
5474075
5474429
5474871
5474875
5475051
5475067
5475199
5475325
5475463
5475485
5475507
5475641
5475649
5475907
5475949
5476317
5476359
5476645
5476663
5476665
5476719
5476825
5476975
5476999
5477091
5477531
5477557
5477605
5477753
5477951
5478059
5478507
5478521
5478739
5478835
5479043
5479233
5479279
5479337
5479343
5479457
5479529
5479583
5479997
5480101
5480123
5480277
5480427
5480525
5480833
5481055
5481099
5481385
5481485
5482187
5482427
5482485
5482579
5482629
5483203
5483331
5483349
5483719
5483801
5483859
5483897
5483965
5484041
5484081
5484507
5484527
5484589
5484801
5484815
5484901
5484931
5485101
5485109
5485323
5485425
5485569
5485585
5485669
5485829
5486009
5486123
5486301
5486457
5486719
5486845
5486931
5487071
5487413
5487421
5487439
5487951
5487965
5488123
5488493
5488767
5488829
5488899
5489089
5489183
5489369
5489753
5489767
5489841
5489925
5489935
5490003
5490367
5490741
5490743
5490765
5490789
5490791
5490795
5490871
5490961
5491035
5491183
5491603
5491659
5491673
5491733
5491857
5491873
5491881
5491917
5491971
5492139
5492145
5492389
5492495
5492517
5492551
5492591
5492845
5492887
5493341
5493377
5493393
5493405
5494033
5494087
5494171
5494617
5494673
5494833
5494925
5495661
5495771
5496253
5496305
5496439
5496667
5496755
5496779
5496875
5496943
5496965
5497007
5497111
5497129
5497167
5497609
5497813
5498033
5498179
5498261
5498371
5498729
5499083
5499101
5499379
5499401
5499517
5499525
5499591
5500019
5500093
5500313
5500369
5500377
5500435
5500475
5500485
5500655
5500749
5500779
5500983
5501495
5501543
5501547
5501665
5501743
5501815
5501999
5502027
5502155
5502181
5502295
5502663
5502753
5502823
5503283
5503355
5503361
5503541
5503673
5503907
5503929
5504105
5504201
5504281
5504355
5504433
5504545
5504605
5504619
5504887
5504889
5504987
5505053
5505085
5505087
5505113
5505155
5505321
5505427
5505503
5505707
5505861
5505863
5506033
5506199
5506385
5506515
5506661
5507041
5507335
5507357
5507559
5507851
5508271
5508509
5508699
5508855
5509049
5509105
5509189
5509249
5509311
5509819
5509981
5510279
5510427
5510555
5510785
5510793
5510859
5510995
5511115
5511147
5511217
5511317
5511535
5511803
5511847
5511891
5511959
5512035
5512073
5512273
5512285
5512391
5512491
5512925
5513077
5513137
5513405
5513407
5513769
5513813
5513897
5513955
5514063
5514217
5514991
5515143
5515213
5515253
5515399
5515403
5515409
5515627
5515791
5516015
5516119
5516161
5516391
5516395
5516411
5516503
5516821
5516875
5517105
5517115
5517141
5517255
5517777
5517849
5517925
5517945
5518037
5518177
5518271
5518277
5518417
5518875
5518917
5519703
5519821
5519891
5519993
5520031
5520123
5520193
5520251
5520271
5520333
5520355
5520577
5520759
5520865
5521069
5521105
5521137
5521173
5521281
5521417
5522141
5522291
5522339
5522471
5522657
5523033
5523365
5523413
5523737
5523983
5524149
5524301
5524369
5524431
5524633
5524819
5524881
5524939
5525017
5525139
5525203
5525499
5525547
5525701
5525935
5526091
5526099
5526127
5526185
5526305
5526475
5526521
5526841
5526933
5526985
5527025
5527037
5527203
5527847
5527915
5528141
5528361
5528835
5529041
5529229
5529339
5529509
5530011
5530101
5530631
5530787
5530847
5530949
5531581
5531655
5531861
5532261
5532361
5532619
5532849
5532925
5532929
5533171
5533183
5533377
5533385
5533391
5533469
5533477
5533715
5533875
5534031
5534179
5534615
5534653
5534773
5535051
5535091
5535165
5535295
5535409
5535415
5535553
5535565
5535585
5535619
5535647
5535727
5535741
5535931
5535951
5536079
5536085
5536173
5536331
5536383
5536541
5536589
5537305
5537397
5537407
5537413
5537415
5537425
5537593
5538177
5538231
5538271
5538711
5538817
5538915
5539211
5539265
5539319
5539409
5539423
5539433
5539821
5539831
5539969
5540303
5540771
5540779
5540855
5540957
5541121
5541123
5541219
5541331
5541415
5541587
5541635
5541745
5541781
5541991
5542225
5542365
5542555
5543091
5543119
5543593
5543759
5543783
5544275
5544615
5544853
5544973
5545073
5545367
5545661
5545857
5545867
5546233
5546453
5546591
5546829
5546915
5547283
5547533
5547821
5547831
5547877
5547925
5548131
5548357
5548431
5548441
5548509
5548699
5548835
5548983
5549061
5549141
5549161
5549385
5549413
5549421
5549455
5549975
5550047
5550151
5550249
5550423
5550513
5550541
5550549
5550811
5550845
5551075
5551289
5551457
5551499
5551617
5551671
5551855
5551889
5551967
5552277
5552395
5552579
5552671
5552687
5552785
5552941
5553143
5553211
5553225
5553433
5553463
5553677
5553925
5554219
5554289
5554437
5554797
5555019
5555169
5555391
5555493
5555681
5555755
5555793
5555895
5555939
5556019
5556031
5556065
5556269
5556283
5556359
5556585
5556623
5556789
5556791
5556951
5557195
5557821
5557839
5558019
5558303
5558451
5559111
5559295
5559465
5559503
5559619
5559669
5559709
5559989
5560085
5560281
5560397
5560473
5560675
5560873
5561145
5561309
5561461
5561465
5561609
5561747
5561751
5561941
5561995
5562101
5562167
5562411
5562515
5562729
5562829
5562963
5563127
5563343
5563437
5563481
5563711
5563781
5563883
5564019
5564063
5564409
5564583
5564767
5564893
5564941
5564981
5565155
5565399
5565425
5565657
5565817
5565925
5566375
5566501
5566811
5567357
5567523
5567595
5567607
5567623
5567707
5567711
5567881
5568135
5568143
5568161
5568179
5568213
5568259
5568271
5568297
5568381
5568513
5568545
5568663
5568667
5568709
5568755
5568827
5568949
5569547
5569759
5569763
5569835
5570045
5570155
5570177
5570185
5570307
5570309
5570461
5570553
5570643
5570909
5571017
5571301
5571353
5571497
5571669
5571719
5571769
5571837
5572213
5572491
5572673
5572699
5573019
5573069
5573219
5573569
5573659
5573675
5573771
5573935
5573989
5574035
5574091
5574163
5574173
5574549
5574719
5575029
5575161
5575409
5575537
5576115
5576137
5576505
5576519
5576569
5576609
5576739
5576759
5576927
5577073
5577091
5577131
5577289
5577489
5577517
5577699
5577795
5577877
5577935
5577949
5578227
5578475
5578575
5578649
5578761
5578803
5579113
5579141
5579161
5579165
5579207
5579221
5579247
5579515
5579689
5579967
5580097
5580159
5580449
5580497
5580745
5580837
5580863
5580925
5580973
5581147
5581235
5581241
5581367
5581667
5581769
5582009
5582355
5582415
5583125
5583131
5583299
5583329
5583387
5583499
5583537
5583839
5583999
5584021
5584133
5584205
5584231
5584555
5584879
5585279
5585291
5585355
5585367
5585479
5585595
5585665
5585721
5586001
5586285
5586289
5586299
5586419
5586547
5586639
5586645
5586899
5586911
5587007
5587123
5587535
5587837
5587935
5588071
5588195
5588465
5588499
5588729
5588781
5588831
5588837
5589045
5589089
5589165
5589373
5589465
5589569
5589713
5589809
5589977
5590247
5590285
5590865
5591265
5591275
5591587
5591671
5591741
5591747
5591805
5591861
5591951
5591979
5592289
5592449
5592557
5592617
5592829
5592891
5592905
5592911
5592975
5593329
5593405
5593431
5593549
5593617
5593771
5593919
5594023
5594103
5594335
5594477
5594547
5594727
5594847
5594875
5594947
5595093
5595267
5595395
5595429
5595523
5595535
5595619
5595775
5595873
5596009
5596137
5596485
5596535
5596673
5597199
5597369
5597439
5597619
5597823
5598021
5598029
5598115
5598231
5598329
5598449
5598593
5598715
5598753
5598911
5598971
5599033
5599065
5599317
5599407
5599483
5599709
5600003
5600035
5600231
5600581
5600927
5601013
5601423
5601557
5601925
5602163
5602185
5602343
5602535
5602559
5603027
5603175
5603697
5603895
5604039
5604605
5604661
5604861
5605183
5605261
5605301
5605511
5605517
5605799
5605811
5606043
5606111
5606179
5606203
5606449
5606603
5606643
5606837
5606865
5606871
5606901
5607241
5607419
5607513
5607565
5607827
5607985
5608573
5608721
5608805
5608821
5608919
5609051
5609109
5609173
5609229
5610081
5610255
5610319
5610355
5610357
5610369
5610387
5610805
5610899
5611027
5611359
5611489
5611491
5611559
5611613
5611645
5611721
5612161
5612215
5612253
5612265
5612311
5612373
5612649
5612691
5612987
5613541
5614263
5614607
5615195
5615253
5615353
5615465
5615537
5615609
5616069
5616341
5616461
5616711
5616871
5616879
5617093
5617273
5617301
5617303
5617311
5617347
5617929
5617937
5617981
5618079
5618261
5618541
5618659
5618727
5618783
5618809
5618887
5619205
5619233
5619611
5619689
5619693
5619711
5619713
5619823
5619925
5620117
5620281
5620309
5620521
5620819
5620911
5621075
5621371
5621549
5621813
5621949
5621999
5622197
5622363
5622419
5622525
5622653
5623089
5623101
5623111
5623165
5623321
5623559
5623781
5623957
5624105
5624133
5624337
5624359
5624617
5624715
5624887
5624905
5624953
5625025
5625063
5625379
5625393
5625693
5625725
5625877
5625935
5626165
5626169
5626397
5626657
5626871
5626873
5626949
5627013
5627239
5627397
5627603
5627677
5627989
5628015
5628019
5628051
5628097
5628115
5628363
5628637
5628715
5628721
5628851
5629011
5629065
5629135
5629231
5629447
5629485
5629615
5629619
5629695
5629859
5629951
5630471
5630545
5630559
5630637
5630725
5630829
5630855
5630875
5631113
5631139
5631391
5631431
5631439
5631485
5631499
5631683
5631837
5632075
5632157
5632163
5632359
5632489
5632593
5632633
5633009
5633045
5633053
5633145
5633281
5633333
5633347
5633595
5633997
5634073
5634087
5634239
5634305
5634377
5634383
5634485
5634533
5634569
5634635
5634783
5634801
5634811
5635491
5635503
5635675
5635849
5636037
5636153
5636699
5636835
5636951
5637235
5637385
5637525
5637687
5637719
5637753
5637807
5637867
5638153
5638247
5638299
5638325
5638443
5638639
5638683
5638685
5638795
5639297
5639599
5639657
5639779
5640033
5640269
5640353
5640451
5640559
5640573
5640745
5640873
5640911
5641007
5641067
5641149
5641283
5641511
5641535
5641589
5641697
5642027
5642145
5642385
5642433
5642563
5642609
5642623
5642645
5642693
5642737
5642881
5643113
5643145
5643335
5643517
5643711
5643767
5643827
5644097
5644233
5644405
5644409
5644555
5644709
5644751
5644839
5644909
5644941
5645149
5645439
5645573
5645677
5645719
5646219
5646429
5646535
5646751
5646763
5646923
5646987
5647439
5647475
5647657
5647747
5647805
5648065
5648429
5648433
5648603
5648631
5648665
5648677
5648745
5648767
5649155
5649201
5649231
5649237
5649433
5649827
5649885
5650059
5650097
5650177
5650213
5650319
5650691
5650829
5650851
5651021
5651047
5651229
5651283
5651351
5651493
5651743
5651805
5651855
5651895
5652023
5652123
5652267
5652449
5652455
5652587
5652917
5653161
5653281
5653319
5653439
5653469
5653669
5653681
5653717
5653819
5653917
5654119
5654249
5654333
5654335
5654555
5654571
5654715
5654751
5654757
5655077
5655279
5655301
5655681
5656207
5656367
5656599
5656639
5656699
5657033
5657071
5657109
5657677
5657731
5657835
5657885
5657987
5658003
5658191
5658365
5658605
5658631
5658867
5659005
5659115
5659607
5659679
5659789
5659791
5659821
5659881
5659887
5659987
5660193
5660243
5660771
5660813
5660819
5660877
5660883
5661039
5661119
5661385
5661435
5661517
5661691
5661725
5661779
5661891
5662229
5662409
5662455
5662689
5662733
5662869
5662937
5662981
5663499
5663853
5664007
5664107
5664221
5664301
5664343
5664385
5664495
5664613
5664729
5664761
5664769
5664997
5665003
5665303
5665349
5665461
5665469
5665661
5665931
5666095
5666121
5666203
5666221
5666321
5666397
5666421
5666439
5666661
5667005
5667043
5667065
5667087
5667429
5667463
5667491
5667571
5667807
5667947
5668019
5668199
5668243
5668525
5668565
5668753
5668893
5669025
5669027
5669125
5669563
5669753
5669767
5669859
5670173
5670193
5670577
5670653
5670681
5670695
5670743
5671163
5671207
5671239
5671251
5671721
5672439
5672477
5672601
5672679
5672837
5672913
5673039
5673529
5673625
5673667
5673713
5673915
5674221
5674277
5674311
5674327
5674393
5674485
5674523
5674785
5674801
5674929
5674945
5675173
5675413
5675497
5675499
5675535
5675647
5675653
5675741
5675909
5675971
5675989
5676349
5676457
5676715
5676799
5676811
5676875
5677103
5677273
5677715
5677797
5677805
5677957
5678121
5678127
5678171
5678191
5678197
5678353
5678499
5678609
5678647
5678911
5679173
5679239
5679621
5679681
5679705
5679731
5679733
5679837
5679839
5680349
5680369
5680403
5680709
5680779
5680997
5681085
5681111
5681117
5681373
5681423
5681433
5681757
5681919
5681999
5682081
5682097
5682115
5682225
5682237
5682241
5682499
5682525
5682609
5682643
5682799
5682937
5683237
5683341
5683391
5683481
5683523
5683557
5683899
5683927
5684351
5684357
5684621
5684827
5684895
5684959
5685091
5685155
5685197
5685219
5685373
5685431
5685555
5685627
5685781
5685849
5685871
5686135
5686149
5686193
5686457
5686485
5686625
5686681
5686747
5687185
5687371
5687473
5687495
5687519
5687599
5687705
5687725
5687787
5687869
5687885
5688345
5688711
5688753
5688851
5689023
5689141
5689603
5689671
5689703
5689783
5689889
5689917
5690123
5690135
5690209
5690443
5690453
5690725
5691247
5691281
5691413
5691607
5691763
5691861
5692495
5692809
5693091
5693281
5693345
5693351
5693473
5693649
5693901
5694133
5694365
5694417
5694499
5694633
5694711
5694829
5695117
5695213
5695385
5695735
5695819
5696087
5696139
5696197
5696331
5696473
5696625
5696661
5696745
5696981
5697051
5697105
5697129
5697355
5697569
5697681
5698115
5698125
5698541
5698755
5698859
5699007
5699027
5699417
5699449
5699459
5699771
5699785
5699909
5700043
5700169
5700279
5700281
5700303
5700391
5700479
5700511
5700749
5700851
5700917
5701129
5701565
5701719
5701839
5701939
5702133
5702213
5702267
5702381
5702451
5702599
5702955
5703113
5703301
5703365
5703435
5703537
5703663
5703745
5703859
5703919
5703971
5704235
5704359
5704601
5704611
5704697
5704985
5705037
5705251
5705387
5705405
5705457
5705469
5706369
5706435
5706477
5706479
5706497
5706569
5706725
5706799
5706801
5706895
5707231
5707487
5707519
5707673
5707705
5708011
5708047
5708067
5708277
5708387
5708419
5708627
5708675
5708735
5708861
5708883
5709123
5709513
5709575
5709591
5709671
5709929
5710019
5710091
5710097
5710165
5710393
5710431
5711141
5711369
5711587
5711659
5711745
5711785
5711789
5711793
5712111
5712139
5712169
5712171
5712405
5713051
5713499
5713627
5713779
5713791
5713831
5713857
5713893
5713917
5714437
5714739
5714845
5715301
5715337
5715425
5715441
5715539
5715735
5715869
5716115
5716197
5716233
5716281
5716333
5716427
5716547
5716797
5716925
5717015
5717185
5717275
5717365
5717687
5717959
5717965
5718069
5718113
5718151
5718157
5718187
5718257
5718409
5718497
5718781
5718979
5719087
5719299
5719315
5719521
5719525
5719639
5719807
5719911
5720467
5720489
5720729
5720805
5721155
5721227
5721277
5721301
5721307
5721455
5721507
5721621
5721905
5722023
5722139
5722229
5722285
5722441
5722509
5722553
5722681
5723015
5723125
5723131
5723515
5723517
5723667
5723745
5723827
5723899
5723929
5723941
5724131
5724315
5724349
5724371
5724433
5724481
5724693
5724789
5725103
5725713
5725867
5726001
5726237
5726389
5726517
5726817
5726905
5727189
5727419
5727533
5727773
5727777
5727793
5727895
5728055
5728267
5728313
5728349
5728485
5728511
5728575
5728727
5728803
5728847
5729061
5729147
5729219
5729377
5729865
5729937
5730221
5730227
5730297
5730331
5730483
5730723
5730759
5730781
5730829
5731633
5731759
5731787
5731807
5731913
5732409
5732553
5732719
5732915
5733115
5733163
5733211
5733535
5733625
5733667
5733805
5733867
5733957
5734131
5734363
5734457
5734805
5734941
5735111
5735237
5735301
5735333
5735357
5735619
5735633
5736149
5736249
5736529
5736619
5737093
5737239
5737367
5737421
5737535
5737577
5737635
5738039
5738313
5738453
5738569
5738607
5738621
5738991
5739381
5739499
5739615
5739671
5740065
5740199
5740287
5740365
5740507
5740645
5741005
5741135
5741143
5741205
5741573
5741655
5741851
5742007
5742115
5742145
5742457
5742683
5742691
5742733
5742813
5743063
5743085
5743119
5743379
5743483
5743565
5743879
5744007
5744349
5744407
5744595
5744859
5744899
5744919
5744965
5745117
5745385
5745453
5745659
5745953
5746047
5746891
5746995
5747329
5747343
5747395
5747675
5747819
5747911
5748221
5748467
5748543
5748607
5748919
5749567
5749607
5749783
5749915
5750139
5750355
5750669
5750703
5751015
5751033
5751127
5751557
5752025
5752349
5752407
5752515
5752543
5752605
5752685
5752759
5753137
5753149
5753465
5753507
5753541
5753553
5753679
5754295
5754381
5754697
5754859
5754895
5755181
5755241
5755287
5755315
5755425
5755455
5755465
5755683
5755767
5756391
5756515
5756569
5756615
5756797
5756849
5756899
5757005
5757009
5757081
5757143
5757391
5757445
5757463
5757725
5757943
5758171
5758193
5758263
5758289
5758865
5759035
5759037
5759111
5759175
5759609
5759801
5759983
5760107
5760123
5760379
5760745
5760977
5761509
5761619
5761621
5761679
5761883
5762055
5762187
5762409
5762435
5762661
5762735
5762753
5763257
5763659
5764215
5764261
5764581
5764749
5764751
5764829
5765019
5765247
5765253
5765463
5765613
5765899
5766113
5766165
5766323
5766511
5766613
5766697
5766831
5766889
5767017
5767633
5767643
5767803
5767857
5767905
5767917
5768021
5768271
5768317
5768375
5768437
5768493
5768639
5768677
5768775
5768843
5768939
5769009
5769061
5769475
5769881
5769943
5769987
5770043
5770109
5770147
5770669
5770933
5771159
5771161
5771349
5771445
5771767
5771791
5771833
5772019
5772061
5772131
5772245
5772351
5773071
5773533
5773915
5773977
5774093
5774169
5774183
5774275
5774655
5774657
5774783
5774987
5775041
5775083
5775113
5775141
5775323
5775417
5775439
5775565
5775623
5775717
5775905
5775909
5775927
5776407
5776423
5776513
5776645
5776709
5777119
5777123
5777187
5777513
5777551
5777565
5777607
5777611
5777667
5777823
5777879
5778003
5778517
5778663
5778745
5778769
5778967
5779057
5779117
5779161
5779377
5779569
5779713
5779723
5779909
5780171
5780447
5780699
5780741
5780783
5780881
5780945
5780961
5780977
5781119
5781139
5781369
5781431
5781517
5781647
5781781
5781839
5781845
5781879
5782089
5782169
5782255
5782257
5782275
5782323
5782517
5782585
5782601
5782607
5782883
5782893
5782983
5783163
5783239
5783283
5783575
5783783
5783979
5784029
5784079
5784179
5784853
5784915
5784925
5785147
5785245
5785359
5785597
5785751
5785817
5785829
5785831
5786049
5786217
5786225
5786307
5786317
5786385
5786415
5786609
5786805
5787345
5787467
5787491
5787561
5787611
5787729
5787873
5788113
5788233
5788321
5788553
5788697
5788751
5788861
5788883
5788885
5788989
5789023
5789029
5789037
5789045
5789107
5789165
5789303
5789445
5789499
5789539
5789577
5789753
5789835
5789843
5789869
5789915
5790051
5790181
5790197
5790229
5790249
5790371
5790719
5790883
5790907
5790917
5790933
5790961
5791011
5791153
5791233
5791523
5791613
5791739
5791997
5792073
5792077
5792163
5792257
5792439
5792519
5792913
5792929
5793029
5793245
5793325
5793559
5793585
5793609
5793631
5793783
5793983
5794003
5794055
5794305
5794381
5794443
5794485
5794571
5794695
5794937
5794965
5794967
5795173
5795183
5795659
5795727
5795785
5796001
5796013
5796109
5796145
5796269
5796317
5796319
5796383
5796405
5796757
5796795
5796801
5797135
5797233
5797611
5797723
5797835
5797881
5797935
5797937
5797997
5798027
5798261
5798377
5798493
5798523
5798801
5799109
5799199
5799233
5799411
5800059
5800413
5800425
5800519
5800681
5800695
5800743
5801087
5801351
5801499
5801535
5801681
5801983
5801985
5802111
5802571
5802689
5802719
5802731
5802753
5802889
5802907
5802921
5803191
5803419
5803505
5803813
5803917
5804051
5804097
5804131
5804273
5804561
5804911
5805095
5805123
5805195
5805235
5805597
5805823
5805927
5806145
5806285
5806351
5806433
5806651
5806699
5806901
5807111
5807233
5807429
5807439
5807531
5807773
5807841
5807955
5807991
5808159
5808217
5808277
5808297
5808657
5808873
5808877
5808915
5808997
5809395
5809545
5809613
5809649
5809751
5809979
5810063
5810067
5810251
5810297
5810361
5810503
5810595
5810777
5811013
5811223
5811623
5811751
5811795
5811831
5811843
5812315
5812337
5812497
5812617
5812743
5812887
5812941
5813053
5813133
5813181
5813331
5813571
5813983
5814373
5814469
5814539
5814545
5814563
5815015
5815049
5815053
5815213
5815577
5815685
5815907
5816105
5816891
5817213
5817333
5817359
5817535
5817697
5817775
5817789
5817829
5818095
5818097
5818183
5818521
5818633
5818707
5818881
5818949
5818997
5819045
5819145
5819175
5819287
5819505
5819731
5819969
5820105
5820221
5820251
5820555
5820683
5820829
5820981
5821101
5821651
5821981
5822081
5822259
5822345
5822369
5822517
5822575
5822605
5822611
5822733
5823153
5823373
5823633
5823901
5823951
5823975
5823995
5824069
5824497
5824601
5824699
5824783
5824955
5825063
5825775
5825843
5825951
5825971
5825975
5826299
5826321
5826365
5826505
5826717
5826837
5826847
5826973
5827119
5827347
5827683
5827871
5828003
5828159
5828487
5828661
5828747
5828809
5829027
5829041
5829269
5829289
5829293
5829307
5829351
5829381
5829551
5829795
5829809
5829819
5829907
5829951
5829985
5830041
5830123
5830161
5830387
5830609
5830653
5830675
5830773
5830795
5830849
5830885
5831277
5831451
5831829
5832111
5832255
5832507
5832625
5832669
5832827
5833233
5833247
5833471
5833489
5833635
5833725
5833779
5833895
5834117
5834167
5834209
5834371
5834599
5834971
5835301
5835447
5835735
5836295
5836761
5836803
5836997
5837239
5837331
5837351
5837413
5837435
5837447
5837561
5837599
5837911
5837991
5838081
5838275
5838309
5838441
5838525
5838613
5838751
5838883
5839073
5839169
5839359
5839749
5839971
5839985
5840181
5840287
5840403
5840519
5840541
5840573
5840661
5840701
5840783
5840809
5841333
5841345
5841361
5841639
5841687
5841833
5841921
5841927
5842027
5842093
5842107
5842599
5842789
5842831
5843185
5843285
5843377
5843421
5843477
5843527
5843581
5843781
5844365
5844735
5844755
5844955
5845005
5845223
5845503
5845539
5845621
5845653
5845661
5845861
5845863
5845897
5846083
5846107
5846477
5846503
5846667
5846685
5846743
5846767
5846787
5846833
5846977
5847267
5847325
5847659
5847689
5848191
5848463
5848785
5849161
5849213
5849275
5849613
5849677
5849695
5849831
5849977
5850061
5850175
5850553
5850951
5850967
5851441
5851459
5851605
5851625
5851737
5851815
5851899
5852039
5852081
5852119
5852143
5852267
5852417
5852525
5852581
5852677
5852859
5853025
5853775
5854161
5854167
5854297
5854443
5854607
5854653
5854677
5854701
5854707
5854709
5854733
5854807
5854875
5855237
5855373
5855391
5855431
5855445
5856107
5856277
5856711
5856735
5856757
5856799
5856905
5856997
5857025
5857507
5857677
5857777
5857795
5858099
5858373
5858399
5858529
5858625
5858769
5859047
5859079
5859217
5859231
5859425
5859479
5859511
5859869
5859959
5860179
5860335
5860407
5860693
5860817
5860829
5860843
5860853
5860901
5861147
5861295
5861373
5861591
5861685
5862011
5862273
5862345
5862441
5862575
5862699
5862717
5862857
5862893
5863203
5863255
5863491
5863519
5863707
5864045
5864301
5864345
5864371
5864495
5864547
5864979
5864999
5865005
5865015
5865425
5865499
5865517
5865519
5865553
5865611
5865709
5865883
5865931
5865965
5865977
5866059
5866225
5866253
5866287
5866409
5866443
5866551
5866613
5866759
5866823
5866881
5867301
5867389
5867399
5867483
5867501
5867607
5867635
5867821
5867831
5868079
5868179
5868203
5868601
5868643
5868689
5868905
5868953
5869145
5869275
5869435
5869575
5869739
5869923
5870485
5870711
5870751
5870893
5870937
5870949
5871245
5871337
5871547
5871747
5871879
5872033
5872161
5872397
5872443
5872535
5872963
5872993
5873039
5873067
5873459
5873939
5874223
5874231
5874233
5874377
5874387
5874391
5874491
5874613
5874755
5874899
5874943
5875151
5875331
5875371
5875841
5875885
5875897
5875903
5876279
5876301
5876307
5876697
5876799
5877005
5877135
5877581
5877599
5877621
5877729
5877783
5877849
5877861
5878189
5878219
5878297
5878437
5878461
5878633
5878689
5878849
5879395
5879613
5879617
5879711
5879807
5879963
5880153
5880251
5880263
5880331
5880451
5880581
5880625
5880757
5880879
5880889
5880945
5881087
5881441
5881613
5881729
5882053
5882179
5882189
5882229
5882253
5882321
5882367
5882547
5882609
5882791
5883141
5883201
5883603
5883671
5883817
5884045
5884297
5884805
5884817
5884911
5885057
5885107
5885143
5885379
5885727
5886095
5886195
5886447
5886561
5886723
5886777
5886801
5886855
5887295
5887387
5887407
5887589
5887607
5887765
5888023
5888255
5888371
5888723
5888913
5889023
5889117
5889165
5889271
5889369
5889663
5889729
5890025
5890087
5890111
5890211
5890265
5890299
5890555
5890589
5890805
5890849
5891055
5891173
5891355
5891645
5891967
5892451
5892547
5892593
5892743
5892993
5892997
5893247
5893345
5893467
5893625
5893713
5893833
5893911
5894099
5894113
5894351
5894579
5894659
5894683
5895033
5895181
5895529
5895891
5895969
5896099
5896125
5896265
5896611
5896651
5896925
5897083
5897383
5897503
5897679
5897741
5897769
5897877
5897905
5897919
5897979
5898183
5898209
5898305
5898633
5898703
5898993
5899001
5899129
5899183
5899257
5899385
5899473
5899497
5899701
5899873
5899989
5900107
5900189
5900433
5900463
5900545
5900737
5900765
5901091
5901189
5901605
5901665
5901785
5901941
5902295
5902371
5902395
5902411
5902485
5902511
5902859
5903259
5903425
5903475
5903493
5903575
5903653
5903673
5903679
5903887
5904701
5904849
5904965
5905049
5905071
5905073
5905253
5905291
5905377
5905391
5905445
5905491
5905735
5905795
5905843
5905901
5905907
5905951
5906177
5906513
5906535
5906693
5906927
5907025
5907531
5907737
5908059
5908375
5908427
5908461
5908629
5908645
5908655
5909117
5909147
5909311
5909349
5909427
5909463
5909587
5909615
5909651
5909735
5909755
5909885
5909971
5909989
5910077
5910093
5910395
5910495
5910513
5910571
5910601
5910865
5910901
5910913
5911005
5911633
5911693
5911735
5911813
5911861
5912033
5912159
5912167
5912173
5912281
5912357
5912385
5912613
5912739
5912997
5913011
5913037
5913215
5913299
5913569
5913761
5913767
5913859
5913959
5914053
5914309
5914389
5914459
5914533
5914577
5914787
5914829
5915003
5915141
5915311
5915673
5915931
5916019
5916047
5916259
5916371
5916445
5916487
5916815
5916857
5916977
5917105
5917251
5917323
5917411
5917489
5917703
5917709
5918093
5918159
5918315
5918375
5918417
5918735
5919105
5919133
5919145
5919331
5919489
5919713
5919839
5919873
5920027
5920125
5920145
5920303
5920337
5920691
5920715
5920741
5920995
5921307
5921411
5921513
5921719
5921767
5921863
5922015
5922421
5922491
5922693
5922825
5922921
5922975
5922979
5923049
5923075
5923139
5923351
5923381
5923443
5923555
5923959
5924093
5924227
5924379
5924389
5924555
5924565
5924603
5924617
5924723
5924735
5924865
5924905
5925073
5925421
5925423
5925645
5925691
5925867
5925915
5926281
5926373
5926405
5926549
5926661
5926737
5926741
5926783
5927053
5927385
5927513
5927729
5927949
5927953
5928225
5928333
5928579
5928703
5928719
5929011
5929119
5929517
5929549
5929555
5929591
5929601
5929701
5929725
5929729
5930057
5930233
5930259
5930349
5930365
5930625
5930911
5930947
5931089
5931145
5931371
5931613
5931765
5931803
5931989
5932027
5932099
5932207
5932251
5932783
5932905
5932941
5932997
5933231
5933345
5933753
5933779
5934123
5934159
5934161
5934235
5934271
5934495
5934509
5934585
5934759
5935067
5935233
5935289
5935359
5935463
5935515
5935563
5935729
5935815
5935853
5936059
5936385
5936603
5936849
5936923
5937047
5937061
5937395
5937657
5937703
5937919
5937977
5938013
5938017
5938247
5938351
5938375
5938469
5938487
5938655
5938749
5938825
5938889
5938927
5939325
5939329
5939379
5939413
5939473
5939489
5939629
5939745
5940103
5940107
5940157
5940223
5940607
5940741
5940747
5940903
5941069
5941147
5941475
5941487
5941529
5941563
5941697
5942033
5942035
5942277
5942283
5942487
5942591
5942619
5942689
5943011
5943135
5943139
5943221
5943249
5943257
5943373
5943421
5943467
5943543
5943845
5944045
5944583
5944727
5944887
5944895
5945007
5945173
5945303
5945409
5945589
5945697
5945773
5946003
5946087
5946173
5946323
5946763
5947099
5947487
5947601
5947703
5947975
5948037
5948165
5948191
5948261
5948397
5948665
5948673
5948821
5948889
5949139
5949261
5949333
5949533
5949643
5949693
5949711
5949749
5949813
5949819
5950043
5950079
5950139
5950153
5950331
5950475
5950485
5950535
5950697
5950771
5950889
5951139
5951267
5951469
5951725
5951919
5951945
5951949
5951989
5952051
5952089
5952165
5952247
5952425
5952521
5952613
5952641
5952737
5952779
5952957
5953069
5953097
5953121
5953227
5953283
5953387
5953457
5953507
5953563
5953619
5954197
5954203
5954205
5954315
5954693
5955375
5955463
5955497
5955971
5955985
5956381
5956489
5956777
5956929
5957163
5957191
5957381
5957387
5957799
5957831
5957905
5957909
5957977
5958379
5958539
5958581
5958759
5959011
5959123
5959203
5959307
5959325
5959463
5959589
5959603
5959809
5960275
5960629
5961243
5961469
5961617
5961635
5961639
5961937
5962291
5962353
5962545
5962789
5962919
5963407
5963469
5963479
5963499
5963603
5963645
5963851
5964003
5964117
5964159
5964207
5964713
5964789
5964997
5965177
5965195
5965413
5965435
5965517
5965625
5965655
5965683
5965953
5966013
5966583
5966881
5967497
5967845
5968097
5968195
5968225
5968351
5968433
5968441
5968455
5968567
5968883
5968897
5968905
5969119
5969233
5969307
5969379
5969413
5969731
5969741
5969871
5969927
5969967
5970151
5970193
5970219
5970235
5970315
5970575
5970777
5970813
5970849
5971003
5971055
5971125
5971243
5971849
5971995
5972145
5972193
5972253
5972757
5972767
5973045
5973223
5973255
5973571
5973681
5973737
5973839
5973889
5974203
5974215
5974251
5974459
5974645
5974679
5974683
5974975
5975051
5975229
5975393
5975459
5975487
5975505
5975797
5975873
5975913
5976001
5976105
5976355
5976377
5976673
5976799
5976965
5977169
5977241
5977273
5977285
5977337
5977353
5977359
5977499
5977539
5977681
5978193
5978199
5978293
5978393
5978421
5978431
5978507
5978597
5978861
5978895
5978949
5979121
5979233
5979927
5980005
5980055
5980137
5980335
5980361
5980545
5980681
5980749
5980799
5981039
5981609
5981835
5981989
5982301
5982303
5982305
5982359
5982561
5982587
5982857
5983067
5983707
5983729
5984001
5984013
5984183
5984355
5984469
5984567
5984823
5984855
5984907
5984975
5985333
5985491
5985503
5985629
5985839
5985899
5985905
5985925
5985985
5986145
5986211
5986217
5986315
5986367
5986553
5986645
5986747
5986845
5986987
5987133
5987225
5987347
5987483
5987657
5987705
5987953
5988021
5988275
5988601
5989079
5989135
5989185
5989305
5989351
5989467
5989511
5990007
5990643
5990699
5990951
5991153
5991157
5991199
5991549
5991637
5991775
5991811
5991961
5992039
5992085
5992141
5992265
5992355
5992455
5992457
5992541
5992803
5992853
5992871
5992879
5992927
5993087
5993197
5993361
5993525
5993669
5993859
5994029
5994275
5994361
5994745
5994783
5994819
5994843
5995069
5995155
5995475
5995489
5995517
5995691
5995763
5995793
5996189
5996205
5996233
5996273
5996365
5996433
5996621
5996853
5997045
5997151
5997153
5997349
5997389
5997867
5998221
5998245
5998253
5998443
5998523
5998831
5999007
5999015
5999019
5999075
5999155
5999591
5999673
5999719
5999829
