# proven primes: b with (b^32+1)/2 prime (aprcl), block [6000000,7000000)
6000219
6000311
6000347
6000499
6000513
6000841
6000899
6001039
6001117
6001121
6001205
6001377
6001673
6001945
6002083
6002221
6002611
6002671
6002735
6002743
6002843
6002865
6003269
6003343
6003835
6004415
6004589
6004595
6004993
6005025
6005205
6005265
6005511
6005559
6005765
6005883
6006377
6006619
6006729
6006781
6006885
6006895
6006985
6006997
6007097
6007117
6007723
6007783
6008037
6008067
6008149
6008271
6008583
6008793
6009013
6009017
6009441
6009567
6009591
6009749
6009763
6010203
6010249
6010509
6010699
6010725
6010851
6010987
6010989
6011087
6011611
6011993
6012041
6012097
6012179
6012197
6012213
6012417
6012529
6012829
6012863
6012891
6012909
6012951
6013067
6013259
6013443
6013675
6013739
6013743
6013955
6014057
6014205
6014269
6014415
6014597
6014609
6014633
6014683
6014689
6014699
6014813
6014857
6014969
6014973
6014987
6015367
6015429
6015473
6015535
6015695
6015811
6015855
6016179
6016187
6016309
6016509
6016771
6016775
6017109
6017209
6017241
6017253
6017447
6017469
6017543
6017737
6017777
6017861
6017891
6017907
6017951
6018189
6018277
6018377
6018509
6018573
6018587
6018857
6018875
6019133
6019145
6019193
6019221
6019247
6019329
6019467
6019607
6020055
6020151
6020345
6020383
6020641
6020657
6020895
6021035
6021367
6021377
6021379
6021459
6021485
6021551
6021663
6021757
6021771
6021923
6021991
6022065
6022157
6022739
6022765
6022901
6023247
6023361
6023709
6024027
6024095
6024307
6024385
6024461
6024541
6024695
6024725
6024771
6024797
6025029
6025317
6025467
6025709
6025893
6025915
6026223
6026373
6026381
6026421
6026729
6026795
6026947
6026961
6026983
6027005
6027065
6027209
6027211
6027363
6028053
6028567
6028599
6028975
6029057
6029871
6030045
6030075
6030135
6030289
6030475
6030625
6030711
6031085
6031095
6031353
6031461
6031631
6031727
6031775
6031873
6031895
6031975
6032059
6032119
6032169
6032201
6032331
6032407
6032545
6032713
6032819
6032921
6033089
6033263
6033349
6033675
6034139
6034161
6034521
6034575
6034583
6034671
6034771
6034907
6034945
6034959
6035325
6035459
6035841
6035979
6036353
6036449
6036541
6036631
6036713
6036789
6036975
6037199
6037201
6037405
6037435
6037489
6037975
6038007
6038045
6038341
6038397
6038529
6038635
6038649
6038765
6038787
6038801
6038917
6038953
6038961
6038987
6039261
6039279
6039315
6039347
6039521
6039663
6040169
6040185
6040457
6040477
6040587
6040665
6041121
6041261
6041577
6041729
6041811
6041903
6041931
6041983
6042053
6042263
6042335
6042365
6042377
6042421
6042581
6042659
6042877
6042891
6042957
6043217
6043575
6043605
6043731
6043845
6043921
6044025
6044183
6044561
6044579
6044591
6045079
6045225
6045253
6045509
6045537
6045609
6045731
6045909
6045981
6046161
6046357
6046469
6046507
6046639
6046745
6046889
6046919
6046947
6046983
6047183
6047285
6047389
6047465
6047503
6047603
6047619
6048007
6048105
6048177
6048191
6048363
6048465
6048493
6048525
6048603
6048669
6048675
6048785
6048805
6048969
6048981
6049025
6049235
6049475
6049493
6049563
6049719
6050049
6050073
6050085
6050099
6050117
6050165
6050195
6050241
6050547
6050695
6050749
6050873
6050929
6051073
6051341
6051459
6051505
6051627
6051781
6051901
6051937
6052069
6052443
6052477
6052531
6052671
6052891
6053353
6053525
6053655
6053693
6053767
6053969
6053983
6054153
6054351
6054435
6054521
6054647
6054683
6054945
6055123
6055575
6055803
6056189
6056271
6056273
6056357
6056415
6057119
6057131
6057135
6057341
6057387
6057497
6057663
6057685
6057781
6057883
6057885
6057907
6058007
6058253
6058275
6058317
6058431
6058455
6058559
6058565
6058681
6058719
6058791
6058817
6058823
6058825
6058985
6059059
6059177
6059327
6059521
6059539
6059563
6059629
6059659
6059815
6060219
6060431
6060443
6060571
6060797
6060831
6060915
6061201
6061493
6061527
6061649
6061765
6062207
6062371
6062541
6062569
6062625
6062627
6062667
6062721
6062923
6063003
6063181
6063319
6064217
6064243
6064429
6064583
6064747
6064811
6064817
6064857
6065225
6065275
6065467
6065509
6065623
6065767
6065783
6065869
6065887
6065963
6066071
6066119
6066183
6066245
6066353
6066367
6066467
6066469
6066743
6066783
6067005
6067025
6067423
6067473
6067507
6067997
6068459
6068493
6068499
6068557
6068581
6068689
6068875
6068903
6068917
6069079
6069223
6069285
6069471
6069519
6069577
6069601
6069783
6069853
6069927
6069935
6070025
6070071
6070337
6070403
6070439
6070513
6070715
6070839
6070947
6070963
6071035
6071147
6071177
6071241
6071471
6071497
6071553
6071617
6071697
6071721
6071795
6071959
6072021
6072159
6072333
6072403
6072665
6072755
6072825
6073091
6073223
6073297
6073573
6073767
6073905
6073995
6074199
6074253
6074431
6074535
6074667
6074669
6074679
6074727
6074741
6074785
6074865
6074949
6075067
6075159
6075163
6075209
6075473
6075661
6075767
6076123
6076177
6076219
6076289
6076415
6076583
6076637
6076733
6077527
6077681
6077715
6078211
6078267
6078781
6079061
6079091
6079303
6079623
6079789
6079817
6080211
6080399
6080659
6080905
6081037
6081191
6081301
6081349
6081389
6081495
6081551
6081601
6081707
6081709
6081793
6081797
6082021
6082165
6082181
6082305
6082405
6082543
6082585
6082607
6082691
6082835
6083029
6083149
6083223
6083279
6083315
6083687
6083895
6083943
6083965
6084129
6084163
6084379
6084407
6084733
6084745
6084923
6084953
6085231
6085435
6085701
6085757
6085869
6086227
6086373
6086599
6086651
6086979
6087225
6087247
6087289
6087361
6087415
6087815
6088045
6088153
6088155
6088177
6089095
6089253
6089331
6089485
6089511
6089555
6089631
6090043
6090293
6090435
6090567
6090701
6090887
6090921
6091077
6091121
6091405
6091541
6091597
6091975
6092007
6092283
6092335
6092381
6092391
6092691
6092709
6092767
6092863
6092917
6093087
6093095
6093107
6093185
6093547
6093605
6093617
6093841
6093847
6093925
6094071
6094199
6094209
6094365
6094401
6094405
6094681
6094817
6095095
6095213
6095309
6095597
6095705
6095733
6096115
6096171
6096465
6096591
6096633
6096715
6096961
6097231
6097661
6097715
6097805
6097843
6098185
6098301
6098495
6098699
6098847
6099167
6099365
6099401
6099461
6099727
6100099
6100113
6100157
6100195
6100223
6100271
6100609
6100883
6100951
6101013
6101171
6101231
6101239
6101313
6101319
6101365
6101429
6101433
6101725
6101743
6101911
6101961
6102071
6102133
6102167
6102249
6102415
6102433
6102763
6102835
6102919
6102979
6103077
6103493
6103621
6103781
6103927
6104261
6104437
6104513
6104777
6104795
6104837
6104899
6104927
6104953
6104967
6105003
6105037
6105141
6105147
6105233
6105489
6105799
6105821
6105949
6106079
6106131
6106219
6106409
6106545
6106685
6106703
6106981
6107477
6107547
6107869
6108015
6108021
6108095
6108133
6108313
6108373
6108609
6108681
6108713
6109047
6109175
6109285
6109365
6109397
6109447
6109635
6109661
6109843
6109951
6110037
6110179
6110183
6110373
6110529
6110867
6110909
6110947
6111059
6111083
6111267
6111305
6111357
6111441
6111543
6111611
6111757
6111775
6111829
6111869
6112109
6112145
6112189
6112497
6112557
6112603
6113055
6113227
6113337
6113395
6113411
6113687
6113701
6113879
6113905
6114163
6114395
6114457
6114551
6114649
6114653
6114687
6114809
6114849
6115065
6115147
6115579
6115983
6116095
6116231
6116353
6116403
6116405
6116709
6116861
6116925
6117063
6117167
6117265
6117631
6117661
6117667
6117721
6117857
6117971
6118291
6118303
6118429
6118479
6118535
6118625
6118759
6119003
6119165
6119315
6119411
6119537
6119641
6119645
6119663
6119737
6119789
6120047
6120169
6120225
6120319
6120571
6120579
6120585
6120653
6120765
6120811
6120961
6121519
6121601
6121611
6121687
6121773
6121913
6122011
6122027
6122051
6122165
6122239
6122495
6122585
6122621
6122649
6122845
6122855
6123269
6123579
6123605
6123655
6123703
6123777
6123821
6123893
6124165
6124285
6124619
6124685
6125107
6125219
6125259
6125471
6125513
6126161
6126291
6126407
6126707
6126867
6126955
6127033
6127127
6127163
6127659
6127845
6127925
6127929
6127969
6128141
6128177
6128259
6128375
6128407
6128585
6128649
6129029
6129069
6129095
6129131
6129337
6129741
6129747
6129749
6129877
6129887
6130047
6130193
6130209
6130331
6130503
6130535
6130671
6130701
6130709
6130737
6131303
6131721
6132303
6132305
6132337
6132429
6132431
6132561
6132765
6132909
6133153
6133311
6133363
6133389
6133509
6133613
6133675
6133695
6134115
6134169
6134181
6134189
6134363
6134563
6134607
6134639
6134689
6135265
6135343
6135373
6135409
6135447
6135679
6135841
6135913
6135969
6135993
6136133
6136219
6136349
6136393
6136879
6136899
6136913
6136931
6136977
6137007
6137117
6137215
6137379
6137545
6137549
6137617
6137637
6138135
6138497
6138869
6138891
6139075
6139087
6139091
6139209
6139307
6139325
6139445
6139553
6139559
6139763
6139857
6139897
6139921
6140045
6140081
6140179
6140241
6140243
6140609
6140667
6140731
6140891
6140931
6140955
6141021
6141051
6141095
6141179
6141421
6141563
6141601
6141737
6141789
6142647
6142743
6142861
6142963
6143189
6143353
6143371
6143533
6143645
6143893
6143971
6143981
6144083
6144339
6144605
6144679
6144831
6144845
6145011
6145309
6145433
6145537
6145661
6145713
6145849
6146089
6146221
6146371
6146379
6146431
6146453
6146597
6146851
6146867
6146987
6147059
6147075
6147117
6147579
6147679
6147685
6147715
6147737
6147997
6148059
6148063
6148185
6148335
6148355
6148377
6148497
6148651
6148669
6148755
6149039
6149143
6149299
6149343
6149435
6150009
6150069
6150505
6150769
6150815
6150833
6150849
6150919
6150955
6151423
6151427
6151437
6151445
6151473
6151499
6151817
6151873
6152037
6152143
6152343
6152497
6152537
6152551
6152643
6152737
6153015
6153131
6153337
6153391
6153435
6153555
6153589
6153633
6153753
6153925
6154081
6154093
6154573
6154611
6155019
6155247
6155411
6155435
6155441
6155837
6155883
6155975
6156165
6156183
6156185
6156237
6156395
6156489
6156791
6157025
6157545
6157565
6157569
6157655
6157711
6157761
6157851
6157903
6157997
6158121
6158415
6158487
6158623
6158633
6158741
6158893
6159153
6159213
6159407
6159559
6159593
6159743
6159867
6160091
6160281
6160611
6160625
6160965
6161091
6161305
6161499
6161539
6161541
6161775
6161829
6162031
6162057
6162249
6162453
6162813
6162853
6163281
6163287
6163439
6163467
6163673
6164009
6164163
6164255
6164267
6164457
6164479
6164677
6164885
6164949
6165095
6165113
6165233
6165587
6165625
6165869
6165911
6166115
6166215
6166241
6166275
6166345
6166459
6166463
6166501
6167019
6167175
6167181
6167361
6167415
6167575
6167717
6168131
6168201
6168395
6168509
6168775
6168867
6169253
6169387
6169607
6169669
6169799
6170039
6170081
6170833
6170997
6171075
6171085
6171175
6171245
6171461
6171755
6171837
6171919
6171949
6171961
6171979
6172377
6172433
6172465
6172575
6172667
6172863
6173079
6173115
6173425
6173553
6173641
6173859
6174005
6174021
6174069
6174125
6174293
6174411
6174591
6174991
6175289
6175321
6175561
6175645
6176093
6176207
6176723
6176791
6176865
6176867
6176943
6176947
6177155
6177823
6177835
6177983
6178027
6178105
6178149
6178289
6178447
6178509
6178523
6178831
6178881
6179057
6179397
6179465
6179475
6179493
6180183
6180185
6180435
6180557
6180581
6180629
6180825
6180833
6180847
6181427
6181581
6181721
6181853
6182109
6182217
6182233
6182313
6182411
6182421
6182479
6182501
6182685
6182773
6182867
6183003
6183103
6183213
6183249
6183257
6183311
6183727
6183857
6183859
6183925
6184039
6184055
6184303
6184349
6184619
6184679
6184763
6184935
6185025
6185287
6185301
6186307
6186693
6186971
6187001
6187115
6187247
6187309
6187583
6187631
6187633
6187795
6187991
6188221
6188303
6188375
6188473
6188561
6188657
6188697
6188793
6188829
6188833
6188879
6188889
6188917
6188961
6188987
6189115
6189173
6189307
6189339
6189527
6189663
6189845
6189859
6190017
6190097
6190335
6190459
6190565
6190729
6190777
6190845
6190889
6190893
6191047
6191363
6191601
6191605
6191625
6191777
6192119
6192175
6192333
6192419
6192589
6192777
6192833
6192849
6192881
6193061
6193519
6194011
6194167
6194209
6194211
6194221
6194341
6194761
6195209
6195319
6195321
6195391
6195583
6195649
6195989
6196079
6196221
6196297
6196485
6196751
6196753
6196823
6196843
6197069
6197083
6197107
6197713
6198069
6198129
6198501
6198519
6198557
6198695
6198725
6198737
6198757
6198985
6199081
6199315
6199321
6199391
6199485
6199659
6199761
6199793
6199895
6199981
6199993
6200035
6200075
6200165
6200281
6200367
6200485
6200533
6200631
6200639
6200719
6200729
6200799
6200955
6201153
6201291
6201323
6201417
6201503
6201717
6201865
6202029
6202087
6202471
6202559
6203087
6203179
6203611
6203681
6203697
6203845
6203979
6204007
6204023
6204121
6204125
6204135
6204251
6204631
6204791
6204959
6205063
6205113
6205197
6205209
6205351
6205355
6206253
6206387
6206749
6207143
6207235
6207407
6207549
6207583
6207979
6208063
6208147
6208167
6208277
6208465
6208517
6208591
6208779
6209401
6209425
6209445
6209471
6209501
6209655
6209903
6209909
6210107
6210153
6210157
6210277
6210433
6210533
6210879
6210955
6211175
6211555
6211941
6211971
6212013
6212247
6212385
6212421
6212547
6212715
6212831
6213097
6213199
6213315
6213369
6213539
6213935
6214191
6214265
6214289
6214299
6214905
6214921
6215151
6215435
6215799
6216143
6216407
6216435
6216535
6216779
6216801
6216959
6216989
6217113
6217223
6217255
6217613
6217837
6217993
6218099
6218393
6218411
6218429
6218523
6218669
6218755
6218895
6218957
6219079
6219089
6219247
6219263
6219285
6219409
6219471
6219773
6219775
6219883
6219909
6220437
6220441
6220753
6220771
6221051
6221613
6221933
6222029
6222269
6222293
6222393
6222443
6222535
6222597
6222655
6222747
6222935
6222941
6222989
6222995
6223031
6223411
6223925
6224023
6224319
6224587
6224883
6224955
6225085
6225163
6225169
6225207
6225727
6225841
6225925
6225939
6226239
6226743
6226869
6226969
6227263
6227319
6227417
6227547
6227569
6228025
6228125
6228295
6228489
6228545
6228819
6228901
6229193
6229273
6229677
6229701
6229939
6229963
6229971
6229979
6230059
6230061
6230097
6230143
6230347
6230487
6230623
6230671
6230699
6230711
6230771
6230891
6230925
6231049
6231247
6231291
6231379
6231711
6231739
6231815
6231855
6231903
6231993
6232027
6232311
6232371
6232377
6232497
6232513
6232659
6232685
6232783
6232869
6232903
6232949
6232971
6233111
6233181
6233271
6233377
6233505
6233583
6233611
6233629
6233709
6233735
6234081
6234229
6234421
6234463
6234783
6234865
6235149
6235419
6235505
6235621
6235839
6235877
6236023
6236029
6236493
6236517
6236555
6236617
6236623
6236683
6236941
6237397
6237505
6237753
6237863
6238225
6238425
6238431
6238693
6238775
6238917
6239241
6239283
6239313
6239357
6239447
6239643
6239739
6239825
6239967
6239969
6240051
6240091
6240279
6240461
6240633
6240791
6240933
6241037
6241167
6241395
6241443
6241469
6241749
6241755
6241823
6241959
6241999
6242009
6242345
6242397
6242477
6242655
6242747
6242793
6242873
6243173
6243315
6243363
6243501
6243967
6244339
6244993
6244997
6245119
6245431
6245527
6245717
6245723
6245797
6246215
6246331
6246387
6246555
6246621
6246883
6246933
6246951
6246973
6247359
6247455
6247599
6247605
6247739
6247903
6248059
6248559
6248613
6248715
6248749
6248797
6248871
6249037
6249045
6249203
6249289
6249315
6249359
6249681
6250065
6250103
6250163
6250269
6250499
6250635
6250837
6250905
6251441
6251447
6251633
6251663
6251711
6251757
6251999
6252023
6252037
6252041
6252171
6252199
6252287
6252385
6252573
6252579
6252753
6252791
6252945
6252981
6253093
6253683
6253687
6253975
6254211
6254401
6254453
6254761
6254985
6255017
6255045
6255061
6255279
6255283
6255525
6255531
6255537
6255747
6255759
6255801
6255811
6256013
6256087
6256205
6256215
6256269
6256553
6256719
6256765
6256795
6257069
6257189
6257217
6257269
6257377
6257625
6257631
6257639
6257687
6257719
6257963
6257995
6257997
6258281
6258385
6258725
6258759
6258835
6258925
6259015
6259091
6259105
6259187
6259627
6259711
6259869
6259909
6260065
6260315
6260433
6260657
6260809
6260843
6260855
6260919
6261195
6261289
6261307
6261647
6261823
6262147
6262207
6262321
6262621
6262697
6262735
6262961
6263359
6263427
6263459
6263603
6263707
6263713
6263725
6263887
6263957
6264027
6264201
6264339
6264399
6264533
6264581
6264583
6264673
6264915
6264963
6265415
6265451
6265611
6265705
6265881
6266007
6266085
6266121
6266379
6266793
6267069
6267241
6267431
6267451
6267563
6267577
6267745
6267889
6268005
6268313
6268429
6268571
6268695
6268875
6268881
6268983
6269019
6269273
6269309
6269321
6269391
6269515
6269767
6269803
6269891
6270221
6270327
6270383
6270547
6270825
6270941
6271185
6271287
6271481
6271633
6271649
6271883
6271887
6271965
6272019
6272123
6272237
6272249
6272257
6272305
6272369
6272407
6272495
6272561
6272817
6272835
6272839
6273029
6273041
6273187
6273281
6273401
6273403
6273453
6273461
6273709
6273909
6274125
6274191
6274193
6274491
6274685
6274731
6274857
6274913
6275479
6275525
6275571
6275673
6275971
6276001
6276025
6276113
6276305
6276561
6276727
6276767
6276819
6276821
6277127
6277291
6277519
6277897
6278065
6278143
6278145
6278177
6278249
6278373
6278413
6278529
6278755
6278815
6278833
6278883
6279015
6279285
6279305
6279307
6279403
6279595
6279613
6279659
6279753
6279911
6280011
6280313
6280321
6280357
6280597
6280715
6280809
6280885
6281089
6281173
6281335
6281709
6281745
6281839
6281891
6281923
6281953
6282091
6282159
6282173
6282217
6282247
6282259
6282291
6282373
6282467
6282489
6282567
6282597
6282627
6282879
6282885
6282959
6283033
6283059
6283141
6283391
6283431
6283541
6283547
6283611
6283687
6283749
6283757
6283829
6284055
6284081
6284099
6284207
6284797
6284809
6284829
6284853
6284935
6284937
6285057
6285447
6285475
6285531
6285937
6286193
6286475
6286679
6286729
6286843
6287353
6287503
6287677
6287793
6287893
6288341
6288421
6288895
6289029
6289033
6289157
6289249
6289387
6289457
6289493
6289535
6289691
6289705
6289925
6290107
6290315
6290323
6290385
6290489
6290825
6290897
6290907
6291009
6291055
6291193
6291421
6291473
6291535
6291561
6291585
6291589
6292119
6292337
6292393
6292433
6292515
6292521
6292579
6292619
6292743
6293003
6293027
6293093
6293217
6293259
6293395
6293515
6293735
6294019
6294239
6294705
6294729
6294767
6294861
6294871
6295035
6295049
6295191
6295217
6295969
6295999
6296181
6296207
6296285
6296423
6296525
6296737
6296819
6296989
6297263
6297387
6297439
6297467
6297663
6297751
6298067
6298125
6298199
6298209
6298507
6298619
6298945
6299287
6299479
6299631
6299739
6299837
6299875
6299953
6299955
6300157
6300343
6300581
6300775
6300883
6301705
6301727
6301813
6301815
6301965
6302229
6302429
6302523
6302843
6303015
6303161
6303253
6303547
6303567
6303749
6303947
6304097
6304135
6304211
6304249
6304343
6304473
6304487
6304645
6304695
6304795
6304851
6304933
6304981
6305253
6305329
6305351
6305665
6305933
6306019
6306125
6306673
6306805
6306963
6307065
6307687
6307775
6307871
6307883
6307939
6308037
6308175
6308459
6308475
6308537
6308757
6308949
6309093
6309113
6309441
6309541
6310011
6310153
6310735
6311115
6311235
6311269
6311431
6311649
6311745
6311937
6312285
6312331
6312389
6312451
6312877
6312893
6312933
6313111
6313173
6313407
6313531
6313609
6313695
6314243
6314391
6314421
6314529
6314573
6315073
6315193
6315233
6315251
6315567
6315589
6315593
6315727
6315911
6315947
6316325
6316607
6316845
6316933
6316983
6317373
6317909
6318251
6318385
6318435
6318475
6318587
6318755
6318887
6319125
6319161
6319369
6319455
6319953
6319987
6320085
6320205
6320511
6320673
6321083
6321087
6321145
6321299
6321335
6321463
6321713
6321725
6321867
6321881
6322011
6322059
6322425
6322481
6322553
6322675
6322735
6322815
6323289
6323525
6323565
6323697
6323701
6323757
6323879
6323975
6324335
6324409
6324721
6324811
6324869
6325205
6325339
6325493
6325581
6325623
6325923
6326041
6326743
6326999
6327461
6327801
6327839
6327993
6328079
6328175
6328269
6328423
6328593
6328705
6328909
6329055
6329113
6329225
6329309
6329547
6329579
6329601
6329647
6329707
6330159
6330455
6330555
6330759
6330851
6330899
6331017
6331363
6331381
6331403
6331413
6331423
6331541
6331681
6331707
6331741
6331795
6331817
6332003
6332023
6332037
6332111
6332145
6332171
6332203
6332265
6332323
6332333
6332345
6332395
6332425
6332613
6332773
6332941
6333109
6333147
6333223
6333431
6333647
6333747
6333751
6333817
6333889
6334065
6334477
6334579
6334689
6334721
6334835
6335055
6335077
6335213
6335289
6335373
6335413
6335473
6335555
6335693
6335925
6335999
6336093
6336163
6336171
6336297
6336509
6336729
6337131
6337321
6337411
6337459
6337461
6337485
6337555
6337755
6337775
6337857
6338027
6338379
6338459
6339003
6339029
6339141
6339647
6339707
6339923
6340101
6340345
6340351
6340419
6340889
6341127
6341161
6341165
6341191
6341305
6341479
6341531
6342169
6342541
6342803
6342945
6343185
6343473
6343977
6344017
6344049
6344149
6344245
6344287
6344359
6344487
6344673
6344973
6345183
6345417
6345547
6345989
6346017
6346115
6346143
6346199
6346477
6346615
6346735
6346941
6347045
6347157
6347289
6347495
6347921
6347933
6348253
6348367
6348491
6348685
6348713
6348875
6348879
6348945
6349005
6349021
6349143
6349475
6349695
6350159
6350333
6350335
6350477
6350503
6350959
6351099
6351547
6351567
6351681
6351787
6352241
6352259
6352301
6352355
6352609
6352623
6353045
6353059
6353167
6353257
6353287
6353315
6353395
6353683
6353703
6353785
6353947
6354145
6354195
6354381
6354595
6354839
6354857
6355149
6355181
6355557
6355569
6355903
6355931
6355933
6356017
6356021
6356339
6356397
6356547
6356625
6356697
6356791
6356943
6357043
6357065
6357399
6357503
6357615
6357965
6358001
6358079
6358199
6358355
6358369
6358375
6358519
6358919
6358983
6359009
6359031
6359221
6359413
6359435
6359457
6359543
6359575
6359727
6359847
6359895
6359921
6359923
6360237
6360345
6360573
6360649
6360877
6361015
6361233
6361537
6361551
6361639
6361867
6362011
6362035
6362283
6362331
6362413
6362955
6362983
6363129
6363179
6363301
6363469
6363559
6363763
6364057
6364125
6364291
6364483
6364829
6364881
6365123
6365481
6365667
6365689
6366267
6366433
6366607
6366629
6366669
6367143
6367165
6367183
6367349
6367557
6367703
6367997
6368561
6368801
6368869
6368941
6369057
6369243
6369249
6369529
6369595
6369751
6369867
6370389
6370553
6370667
6370675
6370701
6371135
6371213
6371233
6371363
6371627
6371775
6372039
6372209
6372405
6372739
6372779
6372801
6372973
6373065
6373135
6373187
6373467
6373727
6374049
6374185
6374255
6374353
6374465
6374567
6374581
6374885
6375157
6375383
6375603
6375769
6375863
6375865
6375975
6376063
6376129
6376457
6376607
6376957
6377065
6377099
6377147
6377619
6378173
6378479
6378537
6378547
6378883
6379017
6379223
6379347
6379705
6379807
6379901
6380115
6380221
6380239
6380279
6380433
6380755
6381079
6381271
6381297
6381509
6381515
6381591
6381933
6382605
6382655
6382661
6382701
6382711
6382721
6382873
6382911
6383129
6383441
6383513
6383743
6383863
6384081
6384119
6384193
6384325
6384759
6385139
6385319
6385333
6385351
6385441
6385567
6385675
6385735
6385849
6385857
6386241
6386247
6386513
6386901
6387021
6387047
6387221
6387417
6387747
6387883
6387929
6387961
6388345
6388441
6388701
6388745
6388789
6389121
6389309
6389403
6389571
6389761
6389887
6389955
6390069
6390077
6390389
6390431
6390535
6390677
6390717
6391133
6391265
6391411
6392033
6392083
6392281
6392287
6392331
6392423
6392639
6392715
6392823
6393067
6393147
6393217
6393293
6393355
6393447
6393473
6393501
6393701
6393989
6394117
6394139
6394339
6394525
6394913
6395013
6395017
6395139
6395217
6395407
6395755
6396015
6396117
6396837
6396945
6397117
6397183
6397329
6397335
6397347
6397371
6397377
6397451
6397655
6397707
6397935
6397977
6398015
6398259
6398263
6398291
6398359
6398463
6398581
6398595
6398645
6398799
6398823
6398931
6399047
6399273
6399343
6399355
6399587
6399853
6400285
6400441
6400473
6400759
6400833
6400989
6401227
6401383
6401433
6401449
6401725
6401801
6401891
6402011
6402037
6402111
6402155
6402169
6402539
6402555
6402683
6402739
6402953
6403189
6403203
6403311
6403437
6403605
6403619
6403631
6403759
6403783
6403823
6404057
6404421
6404471
6404533
6404585
6404593
6404723
6405145
6405207
6405305
6405375
6405421
6405949
6406103
6406133
6406255
6406417
6406657
6406733
6406919
6407069
6407255
6407479
6407645
6407659
6407701
6407751
6408329
6408693
6408921
6409023
6409053
6409079
6409085
6409103
6409213
6409321
6409343
6409387
6409493
6409581
6409863
6410011
6410023
6410319
6410357
6410549
6410729
6410827
6411029
6411281
6411419
6411487
6412063
6412157
6412237
6412353
6412381
6412489
6412537
6412545
6412645
6412661
6412667
6412721
6412935
6413051
6413107
6413567
6413635
6413649
6413855
6413871
6414013
6414703
6414737
6415063
6415339
6415529
6415971
6415989
6416113
6416925
6417085
6417099
6417147
6417157
6417335
6417391
6417405
6417441
6417479
6417659
6417947
6417955
6417963
6418189
6418311
6418459
6418651
6418679
6418743
6418777
6418813
6418869
6418887
6418903
6418947
6419409
6419669
6419801
6419889
6420033
6420229
6420487
6420503
6420879
6421339
6421581
6421643
6421701
6421789
6422025
6422113
6422153
6422415
6422479
6422519
6422857
6422875
6422981
6423013
6423059
6423283
6423601
6423933
6424035
6424105
6424271
6425413
6425485
6425547
6425883
6426111
6426173
6426293
6426305
6426465
6426757
6426893
6427099
6427103
6427529
6427609
6427861
6428139
6428181
6428495
6428675
6428685
6429109
6429257
6429269
6429295
6429761
6429831
6429881
6429967
6429981
6430197
6430223
6430477
6430527
6430561
6430613
6430797
6430803
6430835
6430911
6430997
6431019
6431169
6431367
6431389
6431539
6431541
6431557
6431573
6431695
6431735
6431791
6432283
6432501
6432525
6432631
6432645
6433031
6433159
6433457
6433585
6433597
6433599
6433721
6433933
6434079
6434093
6434227
6434309
6434461
6434675
6434803
6434813
6434849
6434921
6435085
6435215
6435401
6435419
6435453
6435573
6435585
6435719
6435737
6435863
6435919
6436019
6436369
6436525
6436739
6436815
6436921
6437177
6437267
6437285
6437291
6437413
6437429
6437707
6437775
6437947
6438049
6438071
6438343
6438503
6438609
6438627
6438669
6438725
6438807
6438823
6439013
6439221
6439231
6439321
6439535
6440313
6440453
6440539
6440647
6440687
6440931
6440977
6441311
6441333
6441403
6441439
6441785
6441811
6442069
6442259
6442385
6442399
6442501
6442623
6442735
6442823
6443059
6443061
6443345
6443371
6443543
6443565
6443721
6443791
6443909
6444055
6444083
6444223
6444261
6444289
6444547
6444589
6444611
6444817
6445279
6445317
6445587
6445603
6445669
6445711
6445739
6445817
6445937
6445995
6446045
6446151
6446263
6446439
6446651
6446689
6446895
6447017
6447047
6447103
6447283
6447297
6447327
6447385
6447523
6447595
6447649
6447681
6448039
6448191
6448257
6448595
6448597
6448629
6448659
6448843
6449053
6449145
6449167
6449185
6449291
6449353
6449389
6449397
6449403
6449433
6449439
6449523
6449527
6449755
6449903
6449921
6450019
6450087
6450231
6450279
6450307
6450335
6450671
6450757
6450875
6450933
6450969
6451369
6451405
6451497
6451501
6451531
6451577
6451773
6451923
6451969
6451971
6452183
6452279
6452439
6452529
6452537
6452649
6453053
6453145
6453271
6453329
6453427
6453625
6453631
6453799
6453965
6453987
6454337
6454543
6454869
6454997
6455103
6455137
6455141
6455155
6455285
6455367
6455609
6455621
6455721
6455827
6455891
6455933
6455947
6455995
6456041
6456179
6456215
6456253
6456291
6456443
6456815
6456897
6457099
6457151
6457413
6457487
6457641
6457775
6457847
6457893
6458091
6458475
6458675
6458891
6459119
6459133
6459301
6459551
6459859
6459953
6460027
6460089
6460335
6460537
6460613
6460669
6460703
6460799
6461429
6461539
6461587
6461737
6461887
6462209
6462321
6462359
6462385
6462463
6462559
6462857
6462973
6463073
6463239
6463503
6463551
6463701
6463861
6463863
6464263
6464317
6464321
6464469
6464679
6464723
6464867
6464961
6465033
6465141
6465197
6465423
6465623
6465953
6466145
6466347
6466407
6466477
6466891
6467211
6467247
6467355
6467607
6467741
6468261
6468285
6468523
6468569
6469057
6469213
6469279
6469297
6469333
6469355
6469597
6469795
6469827
6469867
6469993
6470085
6470211
6470407
6470753
6470831
6470895
6471107
6471401
6471507
6471803
6472093
6472231
6472301
6472337
6472803
6473025
6473283
6473373
6473715
6473851
6473965
6473993
6474061
6474173
6474191
6474211
6474529
6474569
6474605
6474779
6474873
6474909
6474913
6475003
6475021
6475035
6475213
6475339
6475759
6475811
6475831
6475859
6475927
6476457
6476525
6476869
6476917
6477403
6477519
6477575
6477643
6478033
6478321
6478799
6478833
6478883
6478913
6479009
6479011
6479133
6479317
6479439
6479441
6479591
6479625
6480495
6480503
6480527
6480717
6480721
6480739
6480867
6481001
6481151
6481177
6481273
6481407
6481427
6481687
6481763
6481949
6481953
6482211
6483111
6483257
6483261
6483315
6483393
6483471
6483633
6483697
6483773
6483787
6483847
6483965
6483997
6484091
6484101
6484167
6484239
6484339
6484569
6484579
6484911
6484983
6485039
6485209
6485241
6485313
6485699
6485815
6486025
6486193
6486327
6486411
6486459
6486531
6486635
6486663
6486737
6486985
6487165
6487213
6487347
6487435
6487551
6487639
6487711
6487733
6487809
6487861
6487891
6487973
6488109
6488461
6488519
6488565
6488579
6488757
6488791
6488843
6488915
6489071
6489123
6489357
6489813
6490089
6490331
6490651
6490789
6490807
6490861
6490929
6491105
6491259
6491463
6491521
6491525
6491529
6491619
6491733
6491929
6491957
6492081
6492229
6492313
6492329
6492459
6492587
6492621
6492791
6492927
6493049
6493291
6493341
6493389
6493483
6493601
6493791
6493901
6493941
6493981
6493983
6494039
6494085
6494329
6494409
6494449
6494683
6494785
6495527
6495581
6496509
6496525
6496817
6497085
6497321
6497561
6497843
6497919
6498171
6498203
6498927
6499001
6499021
6499023
6499353
6499505
6499561
6499621
6499847
6500037
6500351
6500429
6500829
6500933
6500975
6501169
6501171
6501313
6501377
6501689
6501701
6501835
6501851
6502147
6502283
6502315
6502481
6502605
6502905
6502961
6503003
6503015
6503141
6503337
6503385
6503517
6503775
6503937
6504017
6504213
6504291
6504511
6504645
6504683
6504701
6504725
6504939
6505039
6505415
6505475
6505983
6506023
6506027
6506125
6506545
6506565
6506729
6506781
6506803
6506819
6506971
6507017
6507569
6507669
6507829
6507915
6507987
6507997
6508013
6508497
6508591
6508621
6508797
6508825
6508889
6509039
6509075
6509087
6509123
6509269
6509439
6509513
6509577
6509605
6509957
6510013
6510521
6510797
6511069
6511091
6511547
6511649
6511753
6511821
6511827
6511835
6512185
6512267
6512353
6512517
6512585
6512699
6512723
6512779
6512885
6512923
6512941
6512973
6513003
6513075
6513149
6513255
6513303
6513755
6513969
6514067
6514073
6514199
6514311
6514337
6514373
6514501
6514537
6514799
6514849
6515227
6515235
6515455
6515525
6515557
6515571
6515891
6516259
6516311
6516431
6516447
6516459
6516599
6516885
6517187
6517609
6517753
6517935
6518135
6518211
6518461
6518743
6518925
6519181
6519221
6519251
6519371
6519655
6519663
6520115
6520397
6520539
6520543
6520821
6520865
6521041
6521307
6521401
6521433
6521645
6521733
6521899
6521917
6522021
6522053
6522151
6522249
6522293
6522295
6522309
6522457
6522867
6523011
6523065
6523073
6523081
6523091
6523095
6523305
6523321
6523431
6523443
6523445
6523589
6523591
6523719
6523801
6524241
6524401
6524515
6524567
6524913
6525223
6525305
6525345
6525379
6525519
6525561
6525741
6525743
6526253
6526351
6526497
6526727
6526989
6527001
6527011
6527145
6527429
6527537
6527753
6527861
6527957
6528283
6528435
6528533
6528621
6528693
6528701
6528757
6528789
6529185
6529317
6529509
6529575
6529585
6529671
6529907
6529935
6530003
6530027
6530193
6530737
6530743
6530877
6530881
6530899
6530921
6530959
6530975
6531005
6531201
6531291
6531397
6531447
6532277
6532297
6532301
6532509
6532681
6532737
6533075
6533251
6533493
6533583
6533661
6533801
6533827
6533859
6534149
6534151
6534403
6534449
6534497
6534535
6534655
6534741
6534755
6534829
6534927
6535189
6535197
6535213
6535473
6535585
6535887
6535895
6535917
6535919
6536053
6536487
6536795
6536797
6536931
6537109
6537143
6537243
6537317
6537323
6537497
6537617
6537635
6537811
6538117
6538143
6538333
6538593
6538645
6538663
6538727
6538903
6538913
6538923
6538967
6539003
6539377
6539575
6539597
6539609
6539613
6539619
6539693
6539839
6539929
6539997
6540167
6540215
6540507
6540543
6540601
6540777
6540843
6540927
6541451
6541493
6541591
6541635
6541761
6541853
6541901
6542113
6542201
6542417
6542491
6542531
6543091
6543245
6543313
6543445
6543575
6543707
6544287
6544307
6544393
6544583
6544655
6544685
6544805
6544961
6544991
6545075
6545263
6545267
6545403
6545637
6545639
6545843
6545855
6546027
6546039
6546067
6546077
6546275
6546467
6546639
6546705
6546831
6547211
6547529
6547905
6547965
6547989
6548105
6548303
6548399
6548535
6548627
6548753
6548765
6548933
6549165
6549255
6549263
6549345
6549535
6549631
6549675
6549703
6549919
6549943
6550031
6550039
6550197
6550461
6550541
6550609
6550691
6550697
6550881
6551499
6551639
6551651
6551739
6551933
6552001
6552073
6552105
6552275
6552335
6552403
6552511
6552677
6552793
6552859
6552883
6552939
6553195
6553249
6553281
6553527
6553565
6553599
6553765
6553909
6554271
6554515
6554777
6554795
6554811
6554895
6554913
6555043
6555135
6555243
6555259
6555589
6555983
6556051
6556069
6556201
6556333
6557149
6557349
6557385
6557395
6557533
6557543
6557641
6557731
6557805
6557881
6557935
6558081
6558133
6558235
6558697
6558723
6558797
6558973
6558997
6559105
6559117
6559121
6559243
6559421
6559535
6559625
6559797
6560023
6560127
6560311
6560355
6560475
6560979
6561177
6561219
6561297
6561429
6561433
6561461
6561665
6561729
6561939
6562021
6562461
6562499
6562677
6562697
6562705
6562927
6563005
6563341
6563373
6563741
6563827
6563899
6564045
6564337
6564591
6564605
6564751
6564899
6564967
6565005
6565007
6565103
6565119
6565171
6565327
6565337
6565399
6565501
6565521
6565661
6565905
6566209
6566289
6566299
6566411
6566531
6566589
6566659
6567009
6567087
6567515
6567595
6567623
6567715
6567911
6567941
6568027
6568101
6568157
6568555
6568611
6568639
6568721
6568969
6569099
6569277
6569395
6569465
6569619
6569803
6569821
6570115
6570441
6570461
6570619
6570655
6570785
6570795
6571107
6571191
6571341
6571435
6571453
6571475
6571763
6571795
6571913
6572261
6572471
6572761
6573005
6573119
6573471
6573549
6573587
6573607
6573869
6574013
6574081
6574195
6574401
6574465
6574481
6574547
6574583
6574603
6574747
6575069
6575121
6575273
6575585
6576055
6576121
6576259
6576631
6576709
6577007
6577073
6577165
6577679
6578213
6578265
6578309
6578409
6578491
6578537
6578743
6578829
6578875
6579005
6579007
6579463
6579519
6579747
6579773
6579911
6579923
6580061
6580183
6580281
6580521
6580547
6580603
6581023
6581059
6581153
6581219
6581255
6581459
6581465
6581483
6581493
6581633
6581707
6581755
6581815
6581829
6581885
6582065
6582081
6582175
6582179
6582459
6582481
6582621
6583161
6583193
6583255
6583371
6583557
6583855
6584071
6584111
6584197
6584563
6584567
6584589
6584841
6584859
6584909
6585141
6585267
6585299
6585609
6585785
6586017
6586077
6586119
6586211
6586399
6586415
6586487
6586499
6586663
6586677
6586695
6586897
6586951
6586999
6587233
6587349
6587379
6587517
6587801
6587945
6588185
6588243
6588361
6588369
6588399
6588489
6588655
6588787
6588975
6589195
6589279
6589401
6590049
6590173
6590269
6590325
6590645
6590679
6590947
6591061
6591085
6591251
6591665
6591737
6591753
6591857
6591879
6591999
6592041
6592149
6592187
6592211
6592295
6592345
6592363
6592639
6592685
6592773
6593091
6593103
6593575
6593593
6593729
6593755
6593775
6594091
6594227
6594295
6594359
6594427
6594639
6594813
6594997
6595677
6595871
6595893
6595911
6595917
6596033
6596061
6596099
6596115
6596287
6596677
6596819
6597207
6597217
6597327
6597363
6597373
6597467
6597591
6597711
6597835
6597925
6598257
6598351
6598381
6598485
6598573
6598607
6598781
6598839
6598889
6598963
6599065
6599111
6599375
6599705
6599733
6599997
6600133
6600231
6600279
6600291
6600835
6600845
6601009
6601031
6601087
6601125
6601511
6601701
6602013
6602067
6602169
6602415
6602483
6602695
6602701
6602837
6603037
6603287
6604069
6604267
6604357
6604477
6604613
6604839
6605117
6605173
6605211
6605231
6605779
6605921
6606057
6606071
6606209
6606359
6606751
6606759
6606871
6607623
6608013
6608239
6608365
6608373
6608435
6608547
6608721
6608769
6609009
6609101
6609173
6609237
6609283
6609325
6609455
6609553
6609585
6609741
6609763
6609943
6610129
6610181
6610477
6610485
6611065
6611173
6611431
6611491
6611543
6611815
6611905
6612027
6612087
6612157
6612201
6612603
6612701
6612757
6612767
6612897
6613395
6613415
6613533
6613687
6614069
6614331
6614373
6614673
6614737
6614769
6614775
6614861
6614951
6615075
6615137
6615165
6615213
6615381
6615569
6615573
6615591
6615847
6616161
6616163
6616225
6616239
6616411
6616475
6616533
6616585
6616629
6616703
6616759
6617189
6617333
6617599
6617657
6617721
6618015
6618047
6618115
6618233
6618301
6618505
6618545
6618553
6618559
6618581
6618923
6619151
6619223
6619251
6619589
6619851
6620007
6620105
6620207
6620249
6620537
6620575
6620747
6620947
6621155
6621407
6621573
6621595
6621613
6621823
6621987
6622159
6622279
6622357
6622625
6622819
6622945
6623197
6623209
6623273
6623311
6623645
6623709
6623723
6623815
6623891
6623899
6624065
6624311
6624389
6624393
6624485
6624593
6624987
6625093
6625149
6625207
6625353
6625499
6625547
6625737
6625751
6625843
6625905
6626233
6626443
6626781
6627029
6627151
6627457
6627465
6627731
6627783
6627939
6628031
6628079
6628143
6628251
6628283
6628289
6628339
6628451
6629295
6629311
6629781
6630039
6630247
6630267
6630415
6630685
6630791
6630803
6630839
6630855
6630865
6630979
6631265
6631281
6631377
6631457
6631835
6631851
6631981
6631995
6632229
6632313
6632325
6632365
6632523
6632553
6632559
6632597
6632643
6632683
6632777
6632809
6632875
6633269
6633865
6634297
6634331
6634389
6634827
6634909
6634913
6634975
6635381
6635479
6635547
6635631
6635679
6635803
6636729
6636793
6636893
6636947
6636953
6637051
6637223
6637461
6637997
6638001
6638505
6638511
6638567
6638669
6638731
6638923
6639013
6639041
6639179
6639193
6639263
6639661
6639715
6639831
6640081
6640159
6640821
6640835
6641285
6641291
6641419
6641471
6641501
6641631
6641661
6641861
6641879
6641987
6641997
6642059
6642091
6642345
6642385
6642737
6642787
6643057
6643077
6643191
6643353
6643557
6643643
6643669
6643689
6643783
6643879
6644261
6644269
6644365
6644879
6644915
6645033
6645133
6645181
6645229
6645353
6645429
6645477
6645805
6645955
6645989
6646053
6646151
6646257
6646263
6646519
6646767
6647035
6647447
6647913
6648023
6648059
6648275
6648295
6648537
6648587
6648599
6648629
6648899
6648953
6649105
6649191
6649377
6649483
6649907
6649941
6649961
6650129
6650553
6650589
6650621
6650629
6650689
6651147
6651269
6651569
6651571
6651613
6651661
6651735
6651773
6651823
6651933
6652215
6652505
6652507
6652609
6652955
6653023
6653197
6654051
6654095
6654159
6654231
6654423
6654581
6654643
6654671
6654719
6654935
6655127
6655253
6655397
6655409
6655747
6655757
6655791
6655795
6655861
6655879
6655949
6656009
6656199
6656363
6656393
6656403
6656405
6656889
6656933
6657207
6657393
6657403
6657501
6657599
6657681
6657733
6657971
6658223
6658463
6658845
6658903
6658963
6659247
6659367
6659379
6659431
6659487
6659557
6659661
6659795
6659807
6659943
6660213
6660285
6660425
6660433
6660491
6660505
6660565
6660657
6660665
6660763
6660969
6661135
6661255
6661711
6661889
6661923
6661957
6662069
6662121
6662311
6662461
6662643
6662839
6662923
6662969
6663383
6663443
6663477
6663517
6663713
6663881
6663889
6663945
6664183
6664697
6664875
6664923
6665063
6665067
6665109
6665145
6665521
6665671
6665749
6665813
6665841
6665877
6666015
6666099
6666495
6666527
6666539
6666625
6666801
6667409
6667529
6667627
6667701
6667827
6668057
6668165
6668231
6668385
6668387
6668651
6668901
6668983
6669131
6669149
6669153
6669165
6669571
6669679
6669691
6669719
6669815
6669845
6670007
6670073
6670147
6670487
6670509
6670691
6670821
6671045
6671101
6671221
6671223
6671449
6671531
6671629
6671769
6671855
6671991
6672087
6672125
6672439
6672605
6672787
6673217
6673375
6673461
6673477
6673493
6673549
6673647
6673743
6673861
6673879
6674001
6674133
6674307
6674373
6674495
6674505
6674537
6674661
6674665
6674907
6674911
6675045
6675161
6675349
6675419
6675897
6675961
6676339
6676397
6676471
6676633
6676803
6676831
6676893
6677229
6677639
6677673
6677703
6677759
6677769
6677827
6677985
6677989
6678049
6678293
6678341
6678397
6678603
6678879
6678907
6678913
6679067
6679147
6679185
6679231
6679637
6679645
6679803
6679923
6680037
6680051
6680069
6680313
6680337
6680465
6680637
6680639
6680897
6681729
6681821
6681823
6682197
6682305
6682597
6682675
6682769
6682861
6683295
6683305
6683359
6683451
6683667
6683697
6683737
6683783
6683815
6684133
6684305
6684307
6684463
6684673
6684877
6684971
6685097
6685473
6685477
6685519
6685569
6685643
6685831
6686081
6686213
6686217
6686367
6686447
6686871
6687173
6687179
6687205
6687323
6687629
6687645
6687927
6688181
6689235
6689535
6689557
6689561
6689743
6689763
6689765
6689955
6690043
6690173
6690331
6690501
6690619
6690699
6690875
6691019
6691173
6691637
6691713
6691939
6692003
6692219
6692271
6692489
6692521
6692685
6692785
6692793
6692969
6692985
6692991
6693025
6693057
6693109
6693155
6693299
6693377
6693675
6693871
6693929
6694607
6694617
6694693
6694753
6694767
6694825
6694965
6694969
6695075
6695155
6695319
6695693
6695715
6695799
6695919
6696243
6696247
6696475
6696677
6697203
6697261
6697403
6697461
6697599
6697623
6697639
6697875
6698037
6698137
6698233
6698251
6698263
6698285
6698417
6698503
6698647
6698843
6698989
6698999
6699045
6699371
6699433
6699457
6699459
6699633
6699799
6700031
6700197
6700283
6700295
6700311
6700373
6700605
6701207
6701439
6701515
6701547
6702071
6702091
6702177
6702297
6702527
6702561
6702889
6703115
6703163
6703215
6703249
6703291
6703297
6703857
6704063
6704411
6704577
6705385
6705429
6705485
6705525
6705951
6706027
6706427
6706487
6706495
6706517
6706581
6706687
6707191
6707401
6707431
6707447
6707631
6707713
6707807
6708209
6708245
6708395
6708791
6708881
6708905
6709205
6709385
6709451
6709457
6709505
6709703
6709817
6709979
6710061
6710167
6710275
6710395
6710475
6710479
6710721
6710767
6711205
6711435
6711565
6711849
6711883
6711921
6711959
6712631
6712731
6712755
6712787
6712841
6712903
6712967
6712977
6713035
6713093
6713095
6713153
6713315
6713447
6713487
6713807
6713933
6714157
6714165
6714313
6714377
6714515
6714563
6714729
6714765
6714793
6714897
6715091
6715141
6715211
6715251
6715305
6715409
6715633
6715823
6716075
6716087
6716153
6716299
6716479
6716581
6716767
6716805
6716813
6716921
6717153
6717363
6717395
6717417
6717515
6717673
6717705
6717765
6717851
6718027
6718165
6718179
6718385
6718461
6718469
6718577
6718855
6718939
6719321
6719725
6719843
6720021
6720357
6720589
6720697
6720981
6721549
6721925
6722021
6722129
6722449
6722529
6722553
6722579
6722645
6722877
6723103
6723127
6723293
6723297
6723311
6723509
6723533
6724079
6724101
6724127
6724151
6724205
6724227
6724671
6724683
6725029
6725061
6725069
6725149
6725163
6725177
6725181
6725339
6725481
6725845
6726019
6726203
6726323
6726343
6726597
6726673
6726759
6726899
6727203
6727885
6728093
6728615
6728689
6728831
6728881
6729001
6729203
6729503
6729647
6729653
6729771
6730087
6730303
6730521
6730523
6730805
6730889
6731059
6731077
6731089
6731203
6731351
6731585
6731779
6731809
6732169
6732257
6732301
6732459
6732827
6732855
6732999
6733039
6733053
6733767
6734033
6734059
6734163
6734239
6734315
6734387
6734491
6734541
6734565
6734595
6734691
6734703
6735081
6735105
6735113
6735315
6735371
6735525
6735609
6735655
6735657
6735791
6735837
6735865
6736281
6736309
6736555
6736639
6736657
6736723
6737027
6737295
6737637
6737837
6737975
6738409
6738485
6738523
6738537
6738605
6738779
6738919
6739023
6739371
6739609
6739613
6739657
6739689
6739843
6740131
6740211
6740305
6740323
6740439
6740539
6740541
6740811
6740877
6740909
6741059
6741475
6741493
6741565
6741685
6741749
6741839
6741937
6742037
6742415
6742565
6742597
6742611
6743007
6743081
6743205
6743231
6743403
6743499
6743727
6743851
6743873
6743927
6744053
6744401
6744423
6744681
6744707
6744821
6744849
6744947
6745183
6745319
6745359
6745445
6745651
6745677
6745679
6745761
6745839
6746047
6746061
6746435
6746615
6746663
6746737
6746969
6746989
6747117
6747215
6747275
6747343
6747361
6747377
6747469
6747551
6747555
6747635
6748113
6748133
6748263
6748463
6748877
6748909
6749013
6749053
6749061
6749115
6749133
6749167
6749377
6749617
6749681
6749723
6749745
6749881
6750231
6750275
6750277
6750359
6750449
6750477
6750489
6750609
6751097
6751195
6751247
6751327
6751551
6751617
6752103
6752359
6752571
6752715
6752725
6752737
6752931
6752975
6753133
6753215
6753267
6753371
6753459
6753473
6753477
6753487
6753523
6753567
6753595
6753799
6754177
6754281
6754371
6754421
6754745
6754973
6755113
6755195
6755211
6755227
6755459
6755573
6755615
6755621
6755821
6755825
6755885
6756103
6756121
6756219
6756243
6756659
6756693
6756807
6756955
6757027
6757065
6757105
6757177
6757367
6757391
6757525
6757623
6757647
6757729
6757825
6757829
6758047
6758325
6758785
6759155
6759557
6759629
6759735
6759879
6759927
6760037
6760085
6760155
6760445
6760545
6760633
6761063
6761271
6761481
6761671
6761733
6761847
6762169
6762249
6762387
6762689
6762725
6762775
6762857
6763027
6763115
6763215
6763417
6763535
6763663
6763683
6763847
6764015
6764289
6764375
6764507
6764747
6764841
6764853
6765113
6765489
6765789
6766097
6766147
6766219
6766523
6766573
6766805
6767277
6767337
6767823
6767893
6767931
6767941
6768849
6768953
6769047
6769143
6769171
6769237
6769375
6769613
6769637
6769775
6769977
6770057
6770347
6770409
6770553
6770583
6770823
6770835
6770905
6770953
6770985
6771001
6771061
6771147
6771167
6771189
6771269
6771713
6771799
6771887
6772551
6773097
6773135
6773203
6773299
6773329
6773501
6773649
6773721
6774009
6774385
6774521
6774845
6774991
6775183
6775259
6775427
6775485
6775661
6775679
6775865
6776123
6776333
6776369
6776477
6776515
6776613
6776711
6776881
6776887
6777005
6777153
6777189
6777253
6777281
6777451
6777633
6777789
6777917
6778003
6778031
6778099
6778103
6778315
6778387
6778409
6778483
6778563
6778593
6778817
6778865
6778917
6779085
6779101
6779107
6779239
6779415
6779577
6779623
6779883
6779887
6780469
6780651
6780705
6780839
6780905
6781471
6781549
6781665
6781741
6781795
6781813
6781843
6781893
6782071
6782097
6782461
6782543
6783275
6783547
6783679
6783789
6783869
6783901
6783943
6784101
6784177
6784261
6784277
6784457
6784519
6784771
6784805
6785001
6785099
6785257
6785283
6785319
6785607
6786097
6786475
6786501
6786609
6786673
6786729
6786735
6786971
6787117
6787471
6787883
6787987
6788337
6788401
6788763
6788867
6789005
6789063
6789165
6789339
6789429
6789495
6789529
6789767
6789789
6789923
6790223
6790347
6790349
6790385
6790399
6790439
6790591
6790727
6790775
6790989
6791109
6791115
6791125
6791261
6791293
6791667
6791733
6791749
6792313
6792375
6792389
6792495
6792611
6792693
6793111
6793117
6793151
6793545
6793657
6793663
6794049
6794351
6794603
6794813
6794821
6795003
6795043
6795099
6795205
6795333
6795351
6795367
6795379
6795615
6795623
6795701
6795795
6796111
6796351
6796607
6796613
6796783
6796811
6796887
6796897
6796899
6796903
6797095
6797119
6797467
6797525
6797589
6798039
6798067
6798229
6798291
6798371
6798593
6798685
6798783
6798911
6799457
6799535
6799627
6799873
6799927
6800273
6800751
6800793
6800819
6800883
6800931
6801007
6801101
6801123
6801209
6801217
6801255
6801273
6801557
6801595
6801687
6801889
6802145
6802227
6802283
6802381
6802551
6802923
6803015
6803097
6803099
6803103
6803341
6803447
6803541
6803683
6803729
6804019
6804077
6804331
6804341
6804423
6804521
6804553
6804855
6804995
6805099
6805121
6805155
6805211
6805273
6805291
6805375
6805381
6805619
6805633
6805927
6806091
6806331
6806429
6806435
6806503
6806541
6806673
6806683
6807027
6807275
6807617
6807655
6807755
6807961
6808019
6808083
6808313
6808343
6808411
6808417
6808593
6808601
6808639
6808727
6808795
6808889
6808939
6808983
6809149
6809275
6809295
6809475
6809535
6809921
6809965
6810161
6810261
6810453
6810625
6810679
6810719
6810759
6811333
6811635
6811789
6811791
6811799
6811835
6811843
6811937
6811945
6812173
6812275
6812435
6812523
6812599
6812611
6812713
6813023
6813097
6813219
6813383
6813521
6813831
6813841
6814217
6814359
6814363
6814471
6814541
6814675
6814943
6815073
6815169
6815197
6815267
6815579
6815759
6815817
6815831
6816237
6816283
6816299
6816343
6816447
6816531
6816615
6816729
6816913
6816951
6816999
6817103
6817199
6817477
6817641
6817647
6817729
6818003
6818691
6818883
6819001
6819241
6819243
6819263
6819455
6819653
6819757
6819769
6819793
6819817
6820161
6820287
6820395
6820647
6820703
6820715
6821145
6821181
6821193
6821309
6821539
6821557
6821575
6821775
6821907
6822397
6822413
6822615
6822753
6822775
6823003
6823131
6823173
6823953
6824069
6824559
6824627
6824873
6825261
6825329
6825349
6825461
6825817
6826127
6826407
6826463
6826593
6826649
6826715
6826765
6826845
6826847
6826903
6826919
6826953
6827239
6827261
6827447
6827577
6827767
6827785
6827845
6827959
6828209
6828323
6828331
6828433
6828505
6828559
6828619
6828665
6828889
6828927
6829001
6829021
6829103
6829329
6829345
6829777
6830195
6830217
6830717
6830719
6830731
6830785
6830911
6831381
6831665
6831749
6831765
6831893
6832073
6832175
6832527
6832639
6832651
6832699
6832875
6832899
6833111
6833245
6833357
6833473
6833659
6833953
6834087
6834323
6834479
6834491
6834497
6834799
6835041
6835057
6835113
6835127
6835273
6835447
6835611
6835741
6835853
6836023
6836075
6836097
6836519
6836687
6836827
6836877
6837079
6837249
6837283
6837489
6837685
6837701
6837791
6838151
6838219
6838303
6838785
6839045
6839451
6839467
6839783
6840017
6840157
6840251
6840433
6840449
6840545
6840685
6840955
6840977
6841033
6841083
6841215
6841263
6841279
6841293
6841333
6841387
6841539
6841587
6841627
6842035
6842045
6842059
6842359
6842483
6842501
6842957
6843167
6843193
6843247
6843597
6843629
6843689
6843733
6843775
6843845
6843893
6843979
6844227
6844369
6844381
6844415
6844475
6844907
6845099
6845369
6845709
6845713
6846253
6846341
6846429
6846467
6846563
6846697
6846701
6846861
6847125
6847445
6847671
6847733
6847775
6847827
6848019
6848175
6848369
6848431
6848535
6848627
6848683
6848783
6849033
6849359
6849475
6849715
6849905
6849977
6850293
6850351
6850385
6850403
6850433
6850571
6850735
6851061
6851145
6851177
6851683
6851725
6851739
6851877
6852217
6852457
6852545
6852603
6852699
6852875
6852907
6852917
6853013
6853117
6853245
6853479
6853647
6853707
6853737
6853821
6853965
6854175
6854439
6854749
6854765
6854927
6855023
6855087
6855167
6855219
6855315
6855363
6855645
6855907
6855917
6856311
6856501
6856821
6856999
6857093
6857333
6857437
6857513
6857683
6857733
6858217
6858303
6858857
6858885
6858979
6859025
6859145
6859237
6859331
6859347
6859355
6859551
6859703
6859717
6859729
6859767
6859997
6860121
6860169
6860351
6860443
6860531
6860709
6860737
6860985
6861281
6861701
6861725
6862031
6862299
6862327
6862349
6862501
6862505
6862565
6862743
6862791
6862797
6862849
6862929
6862965
6862985
6862997
6863131
6863217
6863535
6863589
6863709
6863917
6863973
6864117
6864265
6864441
6864531
6864717
6864719
6864859
6865029
6865215
6865415
6865439
6865493
6865689
6865859
6865987
6866061
6866193
6866355
6866471
6866775
6866789
6867575
6867755
6867819
6868195
6868261
6868333
6868343
6868491
6868711
6868757
6868773
6869255
6869651
6869661
6869687
6869877
6869971
6869975
6870027
6870035
6870083
6870171
6870591
6870595
6870599
6870843
6870903
6871329
6871465
6871579
6871653
6871767
6871773
6871953
6872313
6872547
6872745
6872841
6873223
6873409
6873417
6873631
6873729
6873961
6873991
6874009
6874107
6874593
6874653
6874679
6874895
6874917
6874979
6875231
6875249
6875353
6875395
6875481
6875659
6875787
6875929
6875969
6876011
6876055
6876177
6876427
6876437
6876455
6876515
6876573
6876645
6876741
6876907
6877029
6877137
6877193
6877301
6877307
6877313
6877353
6877553
6877565
6877617
6877733
6877769
6877797
6877809
6877943
6878051
6878107
6878157
6878245
6878329
6878423
6878425
6878501
6878545
6878605
6878617
6878875
6878963
6879081
6879103
6879517
6879863
6880225
6880233
6880269
6880285
6880295
6880329
6880441
6880577
6880643
6880857
6881069
6881119
6881203
6881391
6881497
6881919
6881933
6881989
6882037
6882331
6882463
6882581
6882615
6882651
6883175
6883261
6883615
6884101
6884515
6884549
6884555
6884649
6884745
6884805
6884981
6885081
6885137
6885179
6885341
6885565
6885643
6885837
6885885
6885927
6885945
6885965
6885969
6886061
6886341
6886797
6887211
6887329
6887373
6887381
6887425
6887549
6887631
6887647
6887693
6887741
6888127
6888447
6888455
6888719
6888743
6888801
6888999
6889039
6889331
6889395
6889403
6889781
6889919
6889969
6890099
6890185
6890463
6890511
6890513
6890579
6890729
6890947
6890979
6891429
6891493
6891497
6891741
6891813
6891961
6891971
6892003
6892051
6892081
6892253
6892295
6892323
6892543
6892555
6892573
6892783
6892823
6892923
6893183
6893431
6893459
6893985
6894015
6894089
6894153
6894735
6894777
6895033
6895173
6895283
6895361
6895641
6895817
6895853
6895915
6895953
6896117
6896145
6896191
6896605
6896791
6896807
6896989
6897033
6897109
6897209
6897263
6897305
6897591
6897643
6897815
6897839
6897901
6898009
6898025
6898061
6899291
6899527
6899597
6899627
6899871
6899877
6899885
6899991
6900227
6900419
6900425
6900687
6900759
6900805
6900989
6901005
6901109
6901475
6901511
6901583
6901841
6901959
6902131
6902225
6902265
6902269
6902311
6902345
6902787
6902875
6902965
6902969
6903371
6903405
6903531
6903675
6903755
6903853
6903867
6903965
6904047
6904587
6904603
6904709
6905207
6905391
6905445
6905557
6905571
6905585
6905649
6905737
6905903
6906181
6906219
6906333
6906585
6906643
6906771
6907099
6907451
6907455
6907653
6907745
6907849
6907931
6908101
6908133
6908339
6908423
6908629
6908631
6908751
6909135
6909383
6909403
6909693
6909705
6909893
6910483
6911005
6911113
6911147
6911195
6911495
6911551
6911603
6911615
6911637
6911693
6911981
6912033
6912105
6912143
6912157
6912229
6912443
6912817
6913059
6913341
6913591
6913671
6913695
6913861
6913949
6913971
6913975
6914271
6914357
6914371
6914483
6914569
6914597
6914669
6914789
6914885
6915013
6915033
6915377
6915533
6915935
6916043
6916109
6916819
6916847
6916881
6916949
6917391
6917779
6917825
6917871
6918041
6918053
6918149
6918335
6918489
6918571
6918573
6918701
6919227
6919279
6919369
6919595
6919745
6919933
6919989
6920101
6920149
6920483
6920491
6920529
6920589
6920645
6920817
6920973
6921039
6921335
6921545
6921571
6921623
6921983
6922275
6922303
6922319
6922401
6922505
6922639
6922743
6922843
6922895
6923005
6923113
6923271
6923375
6923677
6923751
6923961
6923965
6924333
6924385
6924389
6924447
6925165
6925181
6925253
6925895
6925961
6926163
6926165
6926191
6926257
6926263
6926343
6926415
6926475
6926529
6926589
6927045
6927635
6927719
6927751
6927843
6928079
6928231
6928351
6928599
6928633
6928673
6928971
6929107
6929179
6929449
6929593
6929793
6930007
6930041
6930057
6930217
6930237
6930463
6930629
6931019
6931039
6931109
6931349
6931439
6931773
6931957
6932009
6932125
6932403
6932425
6932561
6932637
6932681
6933009
6933095
6933271
6933325
6933579
6933605
6933687
6933879
6933917
6933945
6934021
6934051
6934315
6934321
6935013
6935043
6935181
6935375
6935431
6935441
6935451
6935913
6935923
6936071
6936131
6936249
6936291
6936373
6936445
6936563
6936635
6936853
6936857
6936865
6936917
6936945
6937143
6937249
6937409
6937603
6937689
6937815
6938013
6938023
6938091
6938187
6938255
6938293
6938295
6938323
6938443
6938453
6938759
6938785
6938819
6938837
6939785
6939951
6940023
6940227
6940497
6940585
6940761
6940803
6940875
6940957
6940967
6940985
6941109
6941211
6941231
6941281
6941341
6941545
6941771
6942103
6942255
6942303
6942305
6942579
6942731
6942903
6942973
6943341
6943371
6943523
6943605
6943885
6943913
6943915
6943919
6943949
6944027
6944233
6944383
6944481
6944641
6944673
6944733
6944989
6945127
6945323
6945357
6945547
6945661
6945741
6945863
6945903
6945975
6946039
6946205
6946309
6946415
6946539
6946639
6946647
6947001
6947021
6947119
6947499
6947563
6947683
6947865
6948307
6948623
6948633
6948741
6948781
6949203
6949369
6949379
6949399
6949685
6949869
6950061
6950067
6950149
6950195
6950565
6950581
6950717
6950721
6950759
6950775
6950925
6951229
6951379
6951397
6951421
6951927
6951943
6952001
6952091
6952097
6952133
6952611
6952615
6952617
6952683
6952775
6952879
6952955
6953307
6953535
6953699
6954031
6954271
6954367
6954499
6954863
6954929
6955087
6955159
6955259
6955403
6955623
6955801
6955917
6956021
6956031
6956053
6956151
6956243
6956461
6956565
6956731
6956875
6956887
6957347
6957385
6957665
6957687
6957759
6957899
6957973
6958097
6958277
6958395
6958473
6958875
6958901
6958963
6959085
6959111
6959315
6959341
6959385
6959495
6959499
6959557
6959949
6960115
6960357
6960415
6960671
6960723
6960807
6960897
6960913
6960953
6961221
6961407
6961665
6961709
6961747
6961755
6961953
6962319
6962573
6962587
6962677
6962709
6962747
6962907
6963111
6963293
6963423
6963513
6963515
6964081
6964167
6964555
6964603
6964671
6965165
6965189
6965397
6966051
6966123
6966237
6966325
6966699
6967007
6967163
6967403
6967485
6967623
6967801
6967825
6967931
6968165
6968223
6968597
6968649
6968669
6969049
6969167
6969439
6969507
6969707
6969711
6969807
6970159
6970425
6970551
6970569
6970619
6970715
6970789
6970851
6970859
6970887
6971187
6971591
6971883
6971979
6971983
6972251
6972319
6972363
6972499
6972659
6972681
6972747
6972903
6972921
6972941
6973091
6973445
6973727
6973799
6973923
6974299
6974407
6974445
6974481
6974639
6974779
6974797
6974819
6975067
6975105
6975515
6975677
6975793
6975939
6976317
6976381
6976457
6976807
6976819
6976999
6977105
6977141
6977415
6977495
6977499
6977503
6977587
6977611
6977707
6977787
6977813
6978169
6978189
6978383
6979065
6979205
6979273
6979593
6979599
6979605
6979677
6979713
6979855
6979983
6980095
6980375
6980471
6980735
6981085
6981199
6981203
6981239
6981279
6981501
6981563
6981761
6982555
6982565
6982585
6982619
6982723
6983167
6983325
6983889
6984089
6984365
6984499
6984625
6984653
6984949
6984977
6985115
6985311
6985617
6985749
6985787
6985877
6985881
6986017
6986019
6986021
6986039
6986135
6986295
6986389
6986415
6986675
6986703
6986931
6986933
6987163
6987269
6987475
6987479
6987575
6987649
6987697
6987759
6987765
6987887
6987965
6988049
6988267
6988407
6988637
6988749
6988871
6989405
6989463
6989581
6989663
6989751
6989857
6989929
6990181
6990227
6990267
6990451
6990537
6990571
6990753
6990867
6991011
6991035
6991227
6991413
6991429
6991677
6991727
6991891
6991927
6991995
6992341
6992441
6992527
6992733
6992933
6992961
6993053
6993131
6993291
6993369
6993533
6993625
6994165
6994229
6994513
6994521
6994665
6994891
6994921
6995339
6995579
6995907
6995949
6995993
6996129
6996157
6996197
6996253
6996303
6996553
6996771
6996775
6996967
6997167
6997217
6997349
6997367
6997463
6997555
6997753
6997873
6998125
6998253
6998283
6998337
6998343
6998367
6998463
6998603
6998841
6998875
6999033
6999123
6999291
6999539
6999657
6999693
6999705
6999859
6999921
6999941
