# proven primes: b with (b^32+1)/2 prime (aprcl), block [7000000,8000000)
7000159
7001141
7001293
7001679
7001833
7001925
7002019
7002023
7002117
7002351
7002705
7002979
7003223
7003847
7003925
7004037
7004233
7004277
7004387
7004577
7004647
7004789
7004917
7005051
7005171
7005529
7005677
7005815
7006137
7006461
7006575
7006695
7006795
7006979
7007077
7007413
7007677
7007723
7007813
7007855
7008015
7008223
7008415
7008659
7008743
7008761
7008941
7009237
7009271
7009349
7009455
7009501
7009531
7009575
7010083
7010241
7010249
7010391
7010479
7010703
7010803
7010823
7010871
7010935
7011197
7011225
7011257
7011341
7011459
7011481
7011929
7012257
7012405
7012477
7012505
7012773
7012799
7012867
7012911
7012923
7013003
7013079
7013125
7013219
7013577
7013757
7013829
7013957
7014151
7014415
7014857
7015275
7015301
7015353
7015543
7015635
7015805
7015879
7016275
7016569
7016845
7016911
7016955
7017073
7017075
7017271
7017279
7017443
7017487
7017659
7017717
7017721
7017859
7017867
7017889
7018205
7018405
7018785
7019289
7019519
7019531
7019751
7019859
7019903
7020097
7020165
7020183
7020275
7020319
7020331
7020503
7020517
7020541
7020647
7020709
7020731
7020769
7021085
7021303
7021325
7021487
7021741
7022087
7022177
7022239
7022293
7022417
7022501
7022545
7022551
7022567
7022943
7023251
7023629
7024163
7024267
7024293
7024337
7024369
7024471
7024621
7024683
7024733
7024783
7024967
7025029
7025405
7025543
7025591
7025661
7025733
7026175
7026311
7026579
7026983
7027057
7027447
7027839
7027881
7028013
7028047
7028067
7028239
7028351
7028389
7028505
7028657
7028697
7028909
7029323
7029337
7029437
7029557
7029609
7029655
7029673
7030127
7030267
7030319
7030373
7030567
7030589
7030623
7030669
7030697
7030745
7030811
7031005
7031059
7031113
7031373
7031469
7031489
7031577
7031677
7031809
7031819
7031991
7032037
7032385
7032423
7032625
7032729
7032823
7032843
7033101
7033149
7033175
7033263
7033525
7033833
7033847
7033887
7034229
7034343
7034407
7034571
7034793
7034961
7034979
7034997
7035189
7035349
7035415
7035703
7035857
7036291
7036521
7036601
7036613
7036785
7037305
7037349
7037375
7037457
7037675
7037787
7037809
7037939
7038385
7038523
7038587
7039283
7039893
7040125
7040305
7040449
7040497
7040527
7041021
7041031
7041067
7041493
7041539
7041697
7041995
7042209
7042313
7042427
7042611
7042667
7042813
7042889
7043095
7043305
7043435
7043523
7043831
7043909
7044033
7044541
7044883
7045189
7045241
7045295
7045761
7046021
7046333
7046337
7046455
7046835
7046927
7046955
7047011
7047293
7047363
7047399
7047453
7047613
7047731
7047773
7047859
7048047
7048149
7048229
7048645
7048815
7048941
7049125
7049199
7049267
7049375
7049659
7049683
7049959
7050095
7050331
7050455
7050497
7050997
7051213
7051693
7051703
7051771
7051849
7052059
7052219
7052265
7052299
7052825
7052857
7052967
7053149
7053579
7053755
7053825
7053877
7053915
7054175
7054229
7054281
7054385
7054457
7054689
7054697
7055107
7055205
7055393
7055897
7055995
7056189
7056339
7056775
7056899
7056987
7057053
7057127
7057237
7057299
7057373
7057761
7058377
7058403
7058535
7058617
7058655
7058661
7058733
7058971
7059005
7059037
7059125
7059431
7059459
7059661
7059669
7059889
7059917
7060259
7060457
7060479
7060687
7060971
7061035
7061477
7061579
7061595
7061673
7061711
7061851
7061897
7061921
7062107
7062203
7062309
7062719
7062739
7062743
7062823
7062843
7062889
7063055
7063213
7063231
7063337
7063703
7063819
7063861
7063885
7064057
7064223
7064313
7064913
7064927
7064979
7065007
7065061
7065111
7065119
7065195
7065351
7065395
7065439
7065589
7065645
7065915
7065921
7065987
7066175
7066211
7066341
7066487
7066555
7066579
7067137
7067281
7067413
7067517
7067615
7067675
7068119
7068633
7069223
7069313
7069455
7069891
7069945
7070027
7070043
7070045
7070159
7070423
7070425
7070579
7070687
7070901
7070973
7071315
7071523
7071585
7071597
7071859
7071929
7071949
7072065
7072335
7072341
7072467
7072469
7072501
7072531
7072627
7072745
7072893
7073141
7073405
7073473
7073487
7073513
7073559
7073877
7074403
7074463
7074543
7074871
7075049
7075223
7075231
7075439
7075665
7075985
7076083
7076301
7076337
7076417
7076817
7076881
7076883
7076901
7076905
7076981
7077207
7077365
7077911
7077925
7078135
7078157
7078301
7078549
7078603
7078711
7078795
7078967
7079047
7079117
7079429
7079767
7079845
7079883
7079971
7079997
7080211
7080545
7080603
7080675
7081087
7081109
7081381
7081505
7081605
7081793
7081999
7082243
7082305
7082375
7082499
7082601
7082835
7082851
7082913
7082979
7083021
7083121
7083143
7083149
7083321
7083587
7083651
7083707
7083985
7084013
7084041
7084083
7084177
7084195
7084371
7084617
7084645
7084799
7084955
7085027
7085353
7085639
7085695
7085867
7086299
7086315
7086489
7087223
7087233
7087439
7087659
7087879
7087983
7088015
7088231
7088245
7088349
7088413
7088449
7088555
7088599
7088779
7088825
7088885
7089033
7089035
7089213
7089255
7089493
7089499
7089565
7089663
7089687
7089737
7089849
7089989
7090029
7090269
7090337
7090403
7090431
7090689
7091031
7091215
7091369
7091439
7091523
7091689
7091779
7092045
7092467
7093071
7093361
7093393
7093399
7093415
7093657
7093687
7093907
7094001
7094021
7094057
7094157
7094221
7094275
7094373
7094535
7094589
7094601
7094905
7094923
7094993
7095013
7095075
7095081
7095195
7095409
7095505
7095669
7095717
7095915
7095941
7096215
7096255
7096325
7096419
7096427
7096785
7096843
7097105
7097175
7097279
7097315
7097527
7097585
7097627
7098707
7098815
7098859
7098919
7099101
7099477
7099571
7099631
7099635
7099735
7099837
7099931
7099983
7100041
7100111
7100115
7100269
7100405
7100511
7100577
7100593
7100651
7101057
7101247
7101811
7101933
7102007
7102235
7102271
7102373
7102535
7102603
7102725
7102733
7102781
7103029
7103173
7103279
7103327
7103371
7103435
7103711
7103761
7104139
7104333
7104351
7104461
7104489
7104669
7104699
7105075
7105205
7105249
7105263
7105279
7105451
7105541
7105561
7105821
7105829
7105893
7106069
7106081
7106153
7106157
7106291
7106371
7106525
7106829
7107027
7107127
7107259
7107369
7107473
7107621
7107933
7107943
7107955
7108165
7108629
7108645
7108683
7108751
7108753
7109025
7109273
7109327
7109391
7109423
7109427
7109541
7109559
7109585
7109725
7110071
7110211
7110215
7110247
7110295
7110451
7110455
7110547
7110557
7110599
7110731
7110971
7111019
7111061
7111169
7111389
7111597
7111707
7112013
7112193
7112389
7112529
7112583
7112627
7112725
7112731
7112839
7112879
7112887
7113043
7113107
7113253
7113315
7113463
7113491
7113541
7113597
7113769
7113837
7113897
7114003
7114175
7114183
7114257
7114351
7114549
7114583
7114631
7114695
7114833
7115341
7115517
7115539
7115655
7115695
7115731
7116011
7116031
7116077
7116237
7116465
7116707
7116813
7116851
7116881
7116977
7116987
7117089
7117105
7117197
7117251
7117507
7117595
7117651
7117699
7117729
7117947
7117991
7118007
7118009
7118123
7118143
7118271
7118587
7118619
7119361
7119441
7119591
7119751
7119801
7119979
7120197
7120211
7120377
7120567
7120693
7120905
7120907
7121039
7121131
7121247
7121479
7121541
7121597
7121659
7121853
7121879
7122235
7122317
7122409
7122775
7122965
7123009
7123131
7123179
7123299
7123319
7123351
7123481
7123507
7123563
7123579
7123657
7123687
7123969
7124009
7124611
7124617
7124785
7124841
7125067
7125225
7125287
7125325
7125329
7125367
7125849
7126109
7126237
7126239
7126255
7126263
7126323
7126523
7126609
7126627
7126667
7126675
7127225
7127255
7127353
7127429
7127533
7128025
7128091
7128261
7128319
7128601
7128651
7128893
7129165
7129485
7129711
7129889
7130277
7130285
7130347
7130383
7130495
7130541
7130705
7130869
7130903
7131021
7131151
7131335
7131477
7131549
7131577
7131899
7131971
7132059
7132117
7132351
7132413
7132511
7132675
7132833
7132897
7133065
7133443
7133499
7133837
7134101
7134295
7134345
7134671
7134777
7134801
7134977
7135447
7135495
7135575
7135761
7135853
7135977
7135997
7136133
7136205
7136315
7136319
7136633
7136709
7136875
7137163
7137199
7137263
7137549
7137647
7137713
7137717
7137949
7138007
7138135
7138229
7138261
7138345
7138517
7138545
7138591
7138747
7138775
7138841
7138917
7139003
7139101
7139191
7139215
7139321
7139693
7139983
7140043
7140061
7140203
7140307
7140343
7140403
7140507
7140937
7140943
7141209
7141377
7141483
7141543
7141837
7141921
7142075
7142155
7142213
7142287
7142507
7142659
7142681
7143291
7143371
7143443
7143573
7143593
7143927
7144129
7144189
7144295
7144633
7144921
7144941
7145051
7145197
7145299
7145479
7145551
7145581
7145583
7145629
7145733
7145795
7146059
7146097
7146173
7146195
7146387
7146397
7146463
7146693
7146795
7146875
7146969
7146985
7147091
7147255
7147321
7147481
7147495
7147539
7148083
7148153
7148193
7148377
7148559
7148667
7149021
7149111
7149305
7149425
7149653
7149861
7150071
7150097
7150263
7150271
7150523
7150623
7150789
7151537
7152059
7152343
7152349
7152429
7152555
7152881
7152901
7152913
7152971
7153137
7153185
7153545
7153643
7153691
7153707
7153761
7154141
7154291
7154309
7154603
7154745
7155023
7155083
7155097
7155303
7155345
7155733
7155847
7156033
7156039
7156057
7156561
7156599
7156795
7156935
7157213
7157271
7157557
7157583
7157805
7158363
7158481
7158541
7158553
7158943
7159007
7159019
7159125
7159149
7159185
7159345
7159549
7159721
7159779
7159817
7159831
7160163
7160197
7160199
7160305
7160345
7160495
7160709
7160741
7160875
7160989
7161057
7161067
7161145
7161241
7161613
7162067
7162247
7162251
7162309
7162423
7162427
7162493
7162531
7162745
7162843
7163169
7163369
7163467
7163611
7163665
7163801
7163885
7163959
7164023
7164215
7164397
7164705
7164725
7164855
7164915
7164983
7165111
7165115
7165187
7165673
7165933
7166073
7166373
7166477
7166675
7166741
7166765
7166925
7166985
7167061
7167241
7167249
7167253
7167425
7167469
7167555
7167631
7167711
7167927
7167929
7167999
7168115
7168169
7168599
7168961
7168991
7169221
7169243
7169337
7169419
7169633
7169659
7169721
7169995
7170427
7170439
7170521
7170701
7170737
7170903
7171131
7171259
7171353
7171371
7171385
7171591
7171683
7171885
7172165
7172309
7172325
7172327
7172443
7172495
7172499
7172715
7172743
7172849
7173089
7173271
7173573
7173633
7173653
7174127
7174169
7174411
7174499
7174603
7174709
7174895
7175097
7175231
7175407
7175497
7175523
7175587
7175611
7176437
7176567
7176625
7176749
7176935
7176979
7177133
7177363
7177419
7177567
7177625
7177911
7178007
7178113
7178115
7178263
7178293
7178519
7178681
7179241
7179245
7179535
7179577
7179783
7179799
7179903
7180143
7180295
7180349
7180409
7180631
7180673
7180715
7180783
7180801
7180819
7181171
7181213
7181229
7181331
7181389
7181789
7181895
7181979
7182053
7182163
7182461
7182481
7182495
7182497
7182597
7182909
7183037
7183043
7183345
7183365
7183423
7183671
7183783
7183949
7183953
7184183
7184191
7184241
7184353
7184411
7184539
7184599
7184615
7184785
7184833
7184907
7185203
7185251
7185565
7185591
7185599
7185819
7185915
7186155
7186239
7186715
7186719
7186795
7186853
7186977
7187013
7187109
7187157
7187161
7187183
7187301
7187337
7187657
7187685
7187971
7188153
7188175
7188185
7188207
7188331
7188463
7188505
7188553
7188671
7188675
7188755
7188791
7189027
7189067
7189335
7189449
7189745
7189747
7189883
7189901
7189995
7190165
7190167
7190253
7190285
7190329
7190465
7190505
7190635
7190713
7190721
7191003
7191011
7191207
7191419
7191421
7191523
7191871
7191887
7192055
7192081
7192157
7192265
7192317
7192481
7192809
7192867
7193025
7193203
7193205
7193271
7193451
7193545
7193655
7193685
7193713
7193991
7194343
7194499
7195221
7195423
7195477
7195557
7195625
7195873
7196121
7196145
7196241
7196627
7196723
7196973
7197047
7197111
7197119
7197453
7197571
7198175
7198197
7198369
7198423
7198517
7198789
7198883
7198909
7198953
7198965
7199279
7199283
7199401
7199409
7199489
7199493
7199511
7199765
7199983
7200035
7200165
7200343
7200607
7200769
7200849
7201007
7201015
7201231
7201259
7201377
7201671
7201717
7201897
7202569
7202745
7203089
7203093
7203137
7203205
7203213
7203573
7203735
7203919
7203963
7204083
7204175
7204539
7204913
7205255
7205669
7205701
7205867
7206015
7206095
7206123
7206509
7206567
7206669
7206811
7207059
7207261
7207309
7207317
7207407
7207461
7207683
7207701
7207703
7208567
7208743
7209143
7209715
7209739
7209905
7210143
7210145
7210295
7210499
7210835
7211013
7211033
7211067
7211073
7211277
7211295
7211593
7211843
7212175
7212205
7212253
7212299
7212349
7212411
7212429
7212487
7212555
7212713
7212721
7212753
7212791
7212899
7213069
7213225
7213397
7213525
7213733
7213861
7213949
7214061
7214289
7214349
7214567
7214573
7214773
7215233
7215353
7215775
7216087
7216147
7216193
7216195
7216501
7216637
7216721
7216991
7217229
7217233
7217249
7217597
7217833
7217841
7218057
7218311
7218323
7218525
7218585
7218643
7218713
7218821
7218887
7218897
7219055
7219183
7219189
7219257
7219375
7219417
7219487
7219537
7219553
7219713
7219851
7219915
7219965
7220107
7220139
7220227
7220583
7220717
7220875
7220905
7220979
7221251
7221349
7221361
7221431
7221527
7221759
7222123
7222143
7222297
7222521
7222587
7222589
7222603
7222775
7223209
7223757
7223825
7223895
7223915
7223939
7224073
7224221
7224249
7224513
7224515
7224523
7224809
7225017
7225021
7225373
7225711
7226069
7226213
7226279
7226353
7226375
7226379
7226403
7226771
7226799
7227121
7227145
7227163
7227689
7228067
7228163
7228199
7228387
7228423
7228615
7228827
7229027
7229129
7229217
7229393
7229473
7229633
7229673
7229729
7229795
7229881
7229903
7229931
7229961
7229985
7230009
7230211
7230293
7230313
7230763
7230863
7231003
7231083
7231135
7231145
7231267
7231273
7231527
7231535
7231543
7231657
7231731
7231867
7232271
7232407
7232425
7232431
7232477
7232591
7232651
7233803
7233873
7233929
7233933
7233953
7234043
7234161
7234375
7234781
7235311
7235405
7235575
7235709
7235777
7235849
7235853
7235935
7235993
7236145
7236263
7236277
7236295
7236321
7236541
7236563
7236647
7236665
7236871
7237055
7237883
7237981
7238007
7238121
7238151
7238341
7238401
7238419
7238443
7238561
7238799
7239111
7239159
7239269
7239495
7239589
7239685
7239825
7240381
7240597
7240737
7240899
7241501
7241547
7242331
7242511
7242545
7242595
7242649
7242713
7242813
7242921
7243181
7243183
7243497
7243985
7243987
7244055
7244163
7244271
7244497
7244523
7244599
7244647
7244793
7244961
7245107
7245147
7245199
7245257
7245385
7245397
7245515
7245961
7245977
7246087
7246535
7246581
7246589
7246861
7247085
7247229
7247461
7247747
7247991
7248071
7248167
7248365
7248367
7248653
7248771
7248891
7248905
7248911
7248967
7249063
7249175
7249469
7249485
7249603
7249653
7249893
7249983
7250131
7250201
7250463
7250475
7250779
7250859
7250873
7251181
7251319
7251415
7251527
7251549
7251697
7251707
7252225
7252325
7252385
7252453
7253141
7253283
7253531
7253651
7253687
7253743
7253909
7254207
7254239
7254287
7254327
7255001
7255019
7255313
7255357
7255485
7255521
7255777
7255833
7255845
7255891
7256097
7256359
7256451
7256567
7256625
7256673
7256749
7257281
7257321
7257385
7257509
7257933
7258323
7258387
7258881
7258949
7259189
7259477
7259539
7259575
7259629
7259687
7259727
7259953
7260027
7260113
7260129
7260163
7260225
7260295
7260879
7261385
7261613
7261771
7261987
7262381
7262687
7262787
7262933
7263069
7263215
7263247
7263265
7263319
7263901
7263935
7264241
7264291
7264355
7264669
7264747
7265013
7265037
7265169
7265269
7265385
7265433
7265833
7265875
7266105
7266137
7266193
7266391
7266425
7266457
7266561
7266799
7266867
7267079
7267147
7267157
7267213
7267285
7267385
7267497
7267731
7267745
7268165
7268183
7268191
7268517
7268523
7268533
7268609
7268743
7268835
7268887
7268895
7269085
7269367
7269425
7269553
7269593
7269815
7269903
7269965
7270017
7270109
7270147
7270189
7270431
7270601
7270789
7270947
7271611
7271847
7272023
7272203
7272209
7272381
7272625
7272825
7272851
7273021
7273091
7273189
7273301
7273341
7273559
7273563
7273727
7273807
7273811
7273841
7274347
7274421
7274639
7274725
7274845
7274927
7275147
7275455
7275515
7275531
7275613
7276201
7276213
7276247
7276431
7276483
7276797
7276937
7277083
7277097
7277127
7277185
7277199
7277651
7277709
7277711
7277775
7277973
7277981
7278003
7278057
7278143
7278225
7278319
7278795
7278825
7278857
7278905
7278947
7278963
7279025
7279129
7279131
7279251
7279327
7279755
7279791
7279867
7280027
7280071
7280231
7280361
7280383
7280423
7280513
7280523
7280791
7280855
7280903
7280907
7280909
7281101
7281167
7281179
7281195
7281315
7281411
7281733
7281931
7282259
7282331
7282645
7282821
7282869
7283011
7283057
7283093
7283099
7283227
7283457
7283465
7283755
7283985
7284025
7284047
7284333
7284871
7285129
7285155
7285297
7285391
7285515
7285603
7285675
7286027
7286121
7286189
7286209
7286307
7286431
7286505
7286697
7286969
7286977
7286981
7286991
7287087
7287211
7287229
7287313
7287363
7287437
7287459
7287663
7288221
7288647
7288677
7289121
7289127
7289133
7289271
7289531
7289899
7289911
7289953
7290077
7290223
7290241
7290589
7290621
7290631
7290771
7290777
7290823
7291059
7291133
7291549
7291559
7291585
7291613
7291747
7291789
7291803
7291899
7292047
7292113
7292133
7292171
7292313
7292395
7292673
7292821
7293305
7293489
7293561
7293715
7294159
7294221
7294815
7294825
7294941
7294993
7295087
7295095
7295109
7295477
7295583
7295595
7295603
7295759
7295767
7295801
7295855
7295965
7296029
7296081
7296231
7296315
7296403
7296795
7297101
7297509
7297739
7297825
7297885
7297901
7298569
7298595
7298629
7298641
7298837
7299027
7299105
7299269
7299827
7299979
7300193
7300611
7300647
7300737
7300807
7300873
7300935
7301011
7301257
7301269
7301285
7301497
7301607
7301799
7301827
7301917
7301987
7302069
7302221
7302497
7302603
7302969
7302981
7303127
7303195
7303447
7303501
7303687
7303735
7304155
7304169
7304423
7304681
7305225
7305229
7305273
7305335
7305453
7305487
7305645
7305659
7306093
7306289
7306385
7306471
7306573
7306619
7306733
7306797
7306933
7306985
7307127
7307231
7307263
7307385
7307543
7307571
7307837
7307891
7307951
7307955
7308307
7308445
7308467
7308715
7308757
7308767
7308831
7308991
7309047
7309137
7309311
7309351
7309529
7309597
7309633
7309803
7310121
7310521
7310567
7310647
7310863
7310985
7310993
7311027
7311057
7311235
7311275
7311295
7311299
7311613
7311681
7311763
7311971
7311997
7312019
7312039
7312093
7312229
7312241
7312299
7312309
7312321
7312607
7312659
7312963
7312985
7313065
7313115
7313153
7313469
7313593
7314039
7314213
7314297
7314409
7314473
7314525
7314793
7314877
7314979
7315313
7315455
7315917
7315965
7316007
7316455
7316467
7316645
7316681
7316789
7316841
7316919
7317219
7317261
7317265
7317351
7317547
7317565
7317721
7317903
7317909
7318225
7318503
7318625
7318655
7318725
7318757
7318843
7318905
7319047
7319131
7319185
7319401
7319415
7319657
7319703
7319957
7320009
7320013
7320055
7320059
7320339
7320487
7320721
7320799
7321221
7321281
7321317
7321493
7321763
7321865
7322027
7322357
7322587
7322661
7322669
7322903
7322915
7323137
7323241
7323243
7323283
7323333
7323563
7323639
7323679
7323735
7323851
7324031
7324101
7324117
7324381
7324459
7324983
7325079
7325231
7325287
7325491
7325565
7325583
7325631
7325989
7326005
7326101
7326301
7326639
7326749
7327429
7327493
7327587
7327687
7328129
7328269
7328367
7328371
7328391
7328397
7328439
7328493
7328575
7328593
7328805
7328811
7328929
7329029
7329097
7329113
7329255
7329265
7329431
7329575
7329687
7329775
7329791
7329799
7329955
7330161
7330563
7330655
7330727
7330733
7330885
7331091
7331297
7331321
7331361
7331363
7331381
7331653
7331699
7331873
7331913
7331949
7332121
7332223
7332275
7332483
7332517
7332585
7332711
7332799
7332817
7332921
7332983
7333001
7333009
7333017
7333065
7333477
7333521
7333563
7333955
7333973
7334303
7334437
7334529
7334677
7334721
7334731
7335027
7335063
7335065
7335295
7335369
7335449
7335571
7335651
7335715
7335867
7336097
7336207
7336367
7336461
7336511
7336519
7336573
7336617
7336887
7336941
7337021
7337097
7337321
7337517
7337555
7337565
7337759
7338105
7338393
7338537
7338761
7338815
7339133
7339229
7339349
7339461
7339679
7339869
7339873
7339901
7339913
7339921
7339959
7340039
7340259
7340521
7340543
7340571
7340583
7340587
7340807
7340893
7341177
7341307
7341475
7341527
7341567
7341591
7342041
7342103
7342125
7342137
7342491
7342507
7342543
7342767
7342877
7343079
7343181
7343237
7343319
7343403
7343405
7343771
7343777
7343847
7344077
7344247
7344331
7344701
7344787
7344789
7344793
7344861
7344977
7345125
7345345
7345605
7345827
7345881
7345969
7346081
7346153
7346225
7346403
7346803
7347031
7347307
7347367
7347379
7347495
7347503
7347637
7347689
7347721
7347877
7347881
7347927
7347977
7348037
7348391
7348691
7348789
7348919
7349277
7349459
7349649
7349699
7349887
7349889
7349937
7350049
7350063
7350073
7350103
7350343
7350357
7350461
7350507
7350515
7350533
7350727
7350773
7351145
7351189
7351199
7351863
7351899
7351971
7352169
7352263
7352301
7352401
7352595
7352623
7352971
7352993
7353185
7353349
7353447
7353457
7353743
7353843
7353863
7353901
7353929
7353997
7354007
7354155
7354241
7354357
7354459
7354749
7354763
7354923
7355135
7355681
7355899
7356197
7356361
7356365
7356469
7356509
7356551
7356607
7356843
7356967
7357217
7357237
7357299
7357355
7357637
7357639
7357715
7357717
7357753
7357825
7357931
7358087
7358399
7358469
7358689
7358761
7358813
7358887
7359069
7359105
7359157
7359279
7359297
7359605
7359645
7359653
7359983
7360429
7360443
7360689
7360735
7360779
7360941
7361041
7361557
7361559
7361689
7361749
7361777
7361969
7362163
7362247
7362273
7362281
7362509
7362511
7362549
7362619
7362903
7363017
7363337
7363379
7363503
7363507
7363791
7363837
7363877
7363951
7364219
7364365
7364601
7364689
7364801
7365009
7365015
7365121
7365659
7365747
7365889
7366035
7366133
7366189
7366491
7366583
7366593
7366647
7366663
7366853
7367175
7367215
7367245
7367253
7367317
7367509
7367575
7367917
7367951
7368097
7368277
7368743
7368971
7368995
7369129
7369217
7369389
7369459
7369465
7369741
7369753
7370005
7370127
7370325
7370585
7370717
7370911
7371037
7371119
7371213
7371277
7371329
7371367
7371401
7371465
7371573
7371627
7371843
7371989
7372005
7372029
7372153
7372399
7372463
7372545
7372829
7372835
7372877
7373135
7373177
7373465
7373611
7373621
7373945
7373973
7374087
7374409
7374729
7374803
7375031
7375223
7375253
7375553
7376167
7376353
7376521
7376527
7377047
7377121
7377517
7377569
7377947
7378117
7378161
7378295
7378317
7378327
7378923
7379163
7379293
7379301
7379695
7379731
7379819
7379833
7379891
7380015
7380061
7380185
7380211
7380229
7380383
7380475
7380651
7380833
7381203
7381237
7381317
7381365
7381477
7381545
7381569
7381625
7381693
7381817
7382013
7382159
7382207
7382213
7382583
7383657
7383939
7383941
7383981
7383983
7384025
7384133
7384177
7384265
7384343
7384395
7384567
7384581
7384715
7384775
7385017
7385147
7385381
7385601
7385909
7386027
7386171
7386331
7386527
7386731
7386737
7386931
7387057
7387165
7387183
7387525
7387635
7387737
7387791
7387807
7387831
7387913
7388235
7388495
7388523
7388729
7388819
7388889
7389423
7389635
7389641
7389739
7389779
7389843
7390161
7390413
7390521
7390723
7390727
7390825
7391663
7391749
7392049
7392305
7392509
7393105
7393229
7393635
7393739
7394131
7394371
7394741
7394923
7395147
7395247
7395707
7395709
7395783
7395929
7396093
7396099
7396205
7396253
7396537
7396723
7396903
7397635
7397851
7397899
7398001
7398007
7398031
7398179
7398183
7398247
7398339
7398453
7398479
7398525
7398565
7398765
7398871
7398925
7398955
7399127
7399255
7399671
7399733
7399927
7400073
7400351
7400413
7400437
7400819
7400885
7400907
7401155
7401169
7401443
7401467
7401485
7401631
7401773
7401863
7401881
7401883
7401979
7402167
7402367
7402449
7402457
7402519
7402817
7403289
7403437
7403523
7403603
7403639
7403661
7403703
7403725
7403727
7403857
7404299
7404373
7404479
7404665
7404669
7404927
7405343
7405351
7405489
7405533
7405609
7405907
7405945
7405977
7405979
7406163
7406295
7406485
7406721
7406917
7406979
7407051
7407195
7407543
7407769
7407861
7407913
7407959
7408015
7408105
7408111
7408167
7408243
7408253
7408407
7408437
7408677
7408775
7408815
7408879
7408921
7408945
7408979
7409661
7409769
7409771
7409863
7409933
7410383
7410425
7410523
7410911
7411077
7411275
7411485
7411623
7411897
7412047
7412137
7412157
7412439
7412569
7412667
7412839
7412979
7413079
7413089
7413231
7413385
7413563
7413857
7414095
7414185
7414231
7414233
7414559
7414667
7415141
7415169
7415195
7415499
7415639
7415895
7415933
7416063
7416195
7416403
7416437
7416475
7416631
7416697
7416727
7416749
7417181
7417301
7417327
7417451
7417457
7417561
7417669
7418033
7418141
7418433
7418535
7418641
7418669
7418817
7418919
7419141
7419153
7419389
7419923
7419969
7419975
7420225
7420281
7420319
7420541
7420557
7420673
7420771
7420887
7420893
7420931
7421239
7421309
7421351
7421391
7421893
7422205
7422517
7422695
7422771
7423235
7423531
7423555
7423583
7423739
7423955
7424069
7424169
7424275
7424367
7424439
7424479
7424513
7424717
7424901
7425151
7425157
7425227
7425271
7425419
7425595
7425815
7425873
7426311
7426363
7426869
7427101
7427361
7427385
7427443
7427515
7427743
7427949
7428103
7428377
7428407
7428661
7429157
7429583
7429675
7429945
7430531
7430557
7430807
7430997
7430999
7431091
7431125
7431353
7431439
7431585
7431873
7432025
7432097
7432173
7432423
7432503
7432807
7432879
7433203
7433337
7433459
7433523
7433641
7433661
7433695
7433797
7433929
7433983
7434143
7434511
7434623
7434715
7434767
7434947
7435101
7435169
7435217
7435383
7435469
7435793
7435849
7435983
7436455
7436581
7436583
7436919
7436927
7437065
7437087
7437129
7437289
7437559
7437689
7437777
7437839
7437975
7437987
7438037
7438049
7438079
7438269
7438493
7438669
7438709
7438849
7439119
7439139
7439169
7439175
7439225
7439409
7439633
7439879
7439909
7440299
7440377
7440415
7440615
7440663
7440717
7440735
7440997
7441093
7441165
7441299
7441553
7441617
7441633
7441663
7441691
7441875
7441965
7442141
7442325
7442617
7442657
7442675
7442767
7443051
7443115
7443169
7443175
7443247
7443691
7443775
7443845
7443879
7444009
7444073
7444199
7444249
7444403
7444411
7444461
7444489
7444647
7444721
7444731
7444775
7444851
7445007
7445221
7445309
7445375
7445383
7445409
7445419
7445561
7445621
7445627
7445721
7446271
7446349
7446457
7446605
7446687
7446851
7446857
7446929
7446947
7446967
7447099
7447115
7447179
7447405
7447435
7447467
7447689
7447709
7447721
7447867
7448053
7448103
7448155
7448197
7448325
7448329
7448617
7448827
7448851
7449085
7449359
7449461
7449649
7449735
7449823
7450021
7450089
7450213
7450411
7450493
7450515
7450565
7450633
7451023
7451249
7451441
7451845
7452013
7452025
7452167
7452173
7452219
7452247
7452613
7452739
7452741
7452931
7452999
7453177
7453217
7453219
7453229
7453293
7453415
7453665
7453983
7453995
7454055
7454161
7454237
7454541
7454571
7454583
7454721
7454815
7455001
7455135
7455277
7455311
7455331
7455487
7455517
7455615
7455731
7455751
7455759
7456409
7456523
7456647
7456705
7456909
7457027
7457309
7457345
7457351
7457527
7457611
7457659
7457881
7457901
7457913
7457937
7457963
7458267
7458333
7458479
7458605
7458743
7458775
7458833
7459005
7459287
7459303
7459837
7459911
7460205
7460379
7460737
7460763
7460855
7460893
7460987
7461025
7461287
7461533
7461597
7461817
7462021
7462371
7462443
7462455
7462757
7463025
7463175
7463261
7463325
7463455
7463615
7463743
7463921
7464133
7464279
7464287
7464399
7464547
7464761
7464947
7465029
7465043
7465047
7465105
7465127
7465503
7465611
7465675
7465981
7466201
7466425
7466579
7466777
7466789
7466895
7467009
7467125
7467153
7467197
7467433
7467593
7467647
7468089
7468169
7468217
7468265
7468877
7469037
7469079
7469241
7469395
7469449
7469511
7470017
7470177
7470285
7470301
7470563
7470649
7470885
7471073
7471321
7471509
7471583
7471635
7471759
7471909
7471929
7472219
7472601
7472703
7472797
7472839
7472893
7472899
7473097
7473217
7473323
7473461
7473483
7473589
7473621
7473631
7473691
7473805
7473885
7473927
7473961
7474697
7474707
7474813
7475093
7475251
7475255
7475561
7475801
7476139
7476537
7476615
7476709
7476775
7476931
7477061
7477095
7477207
7477501
7477701
7477791
7477877
7478039
7478053
7478121
7478521
7478561
7478587
7478647
7478891
7478937
7479039
7479079
7479565
7479607
7479683
7479719
7479773
7479901
7479925
7479929
7479955
7480071
7480199
7480287
7480349
7480391
7480445
7480463
7480531
7480777
7480855
7481087
7481835
7481897
7482201
7482271
7482459
7482529
7482663
7482781
7482889
7483131
7483181
7483809
7483811
7483937
7484109
7484123
7484261
7484559
7484707
7484843
7484945
7485253
7485335
7485941
7485999
7486167
7486265
7486493
7486515
7486657
7486665
7486725
7486933
7486983
7487081
7487391
7487773
7487795
7487805
7487893
7488023
7488185
7488417
7488655
7488711
7488727
7489001
7489089
7489093
7489179
7489181
7489301
7489565
7489673
7489981
7490039
7490307
7490355
7490407
7490819
7491421
7491519
7491635
7491647
7491651
7491705
7491777
7491789
7491957
7491989
7492001
7492185
7492241
7492253
7492265
7492711
7492873
7492947
7492977
7493033
7493035
7493189
7493201
7493465
7493579
7493683
7493919
7493991
7494023
7494045
7494145
7494165
7494417
7494651
7494683
7494737
7494819
7494825
7494831
7495117
7495333
7496047
7496105
7496185
7496201
7496591
7496601
7496899
7497063
7497167
7497183
7497389
7497591
7497673
7497907
7497943
7498103
7498251
7498297
7498461
7498497
7499001
7499013
7499059
7499117
7499357
7499537
7499557
7499569
7499697
7499803
7499833
7500029
7500063
7500115
7500273
7500413
7500459
7500643
7500855
7501145
7501329
7501367
7501755
7501857
7501907
7502085
7502323
7502343
7502475
7502601
7502663
7502837
7502853
7503087
7503221
7503309
7503531
7503549
7503555
7503625
7503809
7503937
7504367
7504459
7504567
7504887
7504955
7505007
7505021
7505179
7505183
7505289
7505459
7505505
7505565
7505571
7505617
7505797
7505917
7506441
7506793
7506849
7506907
7506937
7507105
7507445
7507529
7507563
7507731
7507751
7508183
7508317
7508327
7508407
7508689
7509085
7509129
7509425
7510013
7510017
7510253
7510279
7510433
7510585
7510791
7510831
7510901
7510963
7511021
7511621
7511695
7511777
7512115
7512155
7512175
7512305
7512377
7512561
7512833
7512879
7512949
7513157
7514399
7514413
7514527
7514621
7514933
7515141
7515143
7515245
7515809
7515997
7516107
7516287
7516363
7516369
7516383
7516557
7516681
7516779
7516937
7517125
7517407
7517465
7517477
7517593
7517605
7517699
7517745
7517967
7518195
7518315
7518387
7518445
7518457
7518585
7518727
7518895
7518955
7519285
7519361
7519507
7519523
7519599
7519669
7520001
7520199
7520231
7520733
7520865
7521159
7521235
7521321
7521349
7521403
7521515
7521761
7521963
7521997
7522059
7522077
7522209
7522371
7522511
7522533
7522845
7522983
7523077
7523087
7523413
7523495
7523551
7524129
7524231
7524441
7524493
7525015
7525045
7525513
7525523
7525653
7525721
7525793
7526035
7526071
7526159
7526549
7526665
7526959
7527195
7527363
7527379
7527465
7527589
7527787
7527799
7527813
7527893
7527947
7528011
7528031
7528227
7528269
7528363
7528437
7528449
7528471
7528527
7528889
7529013
7529081
7529087
7529141
7529235
7529845
7529863
7530475
7530587
7530643
7530835
7530913
7531031
7531391
7531409
7531437
7531487
7531679
7531771
7531835
7532001
7532127
7532337
7532455
7532585
7532731
7533185
7533311
7533539
7533635
7533673
7533739
7533759
7533899
7533921
7534267
7534297
7534365
7534479
7534729
7534927
7534995
7535111
7535161
7535259
7535323
7536093
7536153
7536265
7536359
7536459
7536507
7536555
7536629
7536673
7537115
7537341
7537373
7537889
7537899
7538013
7538353
7538661
7538725
7538739
7538745
7538791
7538835
7538857
7538891
7539259
7539371
7539407
7539465
7540275
7540741
7540939
7541099
7541199
7541627
7541803
7541867
7541915
7542029
7542191
7542491
7542555
7542603
7542687
7542729
7542875
7542903
7542941
7542953
7543111
7543305
7543523
7543741
7543941
7544107
7544653
7544659
7544817
7544931
7545057
7545167
7545435
7545669
7546017
7546143
7546301
7546601
7546809
7546905
7547207
7547841
7547901
7547941
7548203
7548281
7548763
7548865
7548987
7549017
7549115
7549139
7549369
7549425
7549479
7549511
7549631
7549633
7549869
7549925
7549979
7550083
7550095
7550209
7550435
7550789
7551119
7551137
7551521
7551639
7551741
7551835
7552105
7552397
7552467
7552645
7552685
7553109
7553383
7553453
7553473
7553607
7553659
7553661
7553687
7553757
7553873
7553965
7554113
7554285
7554399
7554669
7554713
7554913
7555085
7555123
7555285
7555429
7555703
7555709
7555759
7555801
7556005
7556045
7556147
7556263
7556399
7556601
7556691
7556723
7557367
7557641
7557697
7557991
7558047
7558077
7558115
7558171
7558241
7558341
7558837
7558935
7559121
7559179
7559301
7559447
7559491
7559561
7559577
7559649
7559687
7559751
7559793
7559811
7559819
7560203
7560693
7560797
7560831
7560855
7561031
7561099
7561113
7561117
7561161
7561591
7561977
7562089
7562183
7562329
7562619
7562731
7563053
7563059
7563431
7563785
7563947
7563963
7564005
7564077
7564285
7564339
7564525
7564647
7564653
7564803
7564987
7565033
7565083
7565101
7565111
7565277
7565479
7565491
7565573
7565575
7565847
7566113
7566185
7566303
7566331
7566485
7566575
7566813
7566817
7566843
7567975
7567985
7568107
7568379
7568461
7568567
7568691
7569007
7569115
7569273
7569385
7569429
7569551
7569575
7569709
7569723
7569755
7570147
7570209
7570457
7570601
7570663
7570861
7571207
7571341
7571399
7571449
7571629
7571793
7571967
7572499
7572691
7572781
7573011
7573099
7573117
7573127
7573263
7573323
7573377
7573501
7573567
7573763
7573899
7573965
7574413
7574523
7574769
7574959
7575063
7575359
7575425
7575875
7575955
7576105
7576131
7576539
7576551
7576569
7576601
7577173
7577337
7577345
7577443
7577767
7577769
7577935
7578153
7578329
7578363
7578465
7578509
7578583
7579115
7579449
7579821
7579955
7580745
7580829
7580839
7580885
7580989
7581123
7581225
7581267
7581409
7581645
7581701
7581731
7581745
7581815
7581865
7581971
7582063
7582431
7582727
7583037
7583129
7583313
7583375
7583403
7583641
7583917
7583957
7583971
7584013
7584145
7584439
7584567
7584611
7584803
7584855
7584965
7584993
7585055
7585223
7585445
7585607
7585695
7585807
7585887
7585917
7585921
7585997
7586539
7586653
7586745
7586845
7586973
7587019
7587611
7587771
7587957
7588129
7588297
7588839
7589853
7589927
7590047
7590077
7590133
7590267
7590335
7590827
7590995
7591027
7591247
7591335
7591407
7591559
7591789
7591849
7591893
7592007
7592473
7593031
7593149
7593175
7593341
7593355
7593675
7593851
7593893
7593905
7593981
7594085
7594103
7594189
7594201
7594237
7594329
7594343
7594455
7594581
7594781
7594823
7594863
7595141
7595885
7595941
7596455
7596531
7596535
7596863
7596911
7597053
7597075
7597081
7597335
7597439
7598069
7598139
7598269
7598283
7598325
7598749
7599175
7599229
7599335
7599337
7599437
7599495
7599545
7599569
7599611
7599683
7599751
7599787
7599879
7599945
7600055
7600201
7600303
7600347
7600503
7600703
7600757
7600793
7600963
7601057
7601213
7601313
7601403
7601515
7601677
7601719
7601883
7601969
7601997
7602021
7602041
7602063
7602129
7602297
7602481
7602573
7602679
7602753
7602777
7602803
7602845
7602997
7603011
7603033
7603035
7603139
7603317
7603345
7603381
7603649
7603717
7603735
7603855
7603961
7604201
7604237
7604267
7604397
7604539
7604627
7604903
7604935
7605117
7605147
7605221
7605513
7605683
7605759
7605787
7605963
7605999
7606299
7606409
7606489
7606531
7606645
7606661
7606787
7606799
7606811
7606819
7606843
7606853
7606905
7606917
7607009
7607611
7607783
7608325
7608613
7608643
7608913
7608915
7609285
7609459
7609607
7609715
7609765
7610053
7610145
7610151
7610281
7610485
7610525
7610527
7610627
7610701
7610739
7611255
7611611
7611741
7611999
7612213
7612347
7612447
7612631
7612639
7612893
7613083
7613361
7613373
7613387
7613405
7613445
7613631
7613659
7613705
7614079
7614113
7614317
7614415
7614819
7614851
7614917
7614999
7615017
7615045
7615099
7615403
7615817
7615823
7615919
7615933
7615981
7615983
7616117
7616679
7616689
7616823
7616919
7617073
7617259
7617263
7617391
7617415
7617417
7617529
7617647
7617729
7617891
7618027
7618051
7618065
7618133
7618557
7618579
7619177
7619237
7619555
7620001
7620305
7620331
7620403
7620591
7620801
7620911
7621257
7621645
7621741
7621849
7622067
7622107
7622287
7622365
7622549
7622571
7622591
7622837
7623001
7623221
7623271
7623279
7623501
7623505
7623523
7623705
7623901
7623955
7624199
7624207
7624251
7624351
7624425
7624439
7624455
7624475
7624883
7624995
7625069
7625141
7625203
7625223
7625247
7625629
7625659
7625811
7625847
7625961
7625981
7625995
7626125
7626225
7626261
7626339
7626423
7626437
7626753
7626775
7627115
7627233
7627297
7627451
7627489
7627501
7627523
7627633
7627769
7627773
7627881
7628217
7628435
7628441
7628471
7628751
7628835
7628841
7628873
7628951
7629013
7629527
7629707
7629719
7629921
7630021
7630139
7630297
7630395
7630449
7630529
7630695
7630705
7630725
7630929
7630975
7631257
7631405
7631461
7631493
7631743
7631863
7631951
7632239
7632485
7632513
7632541
7632787
7632807
7632991
7633083
7633181
7633329
7633357
7633389
7633499
7634193
7634357
7634367
7634461
7634473
7634483
7634485
7634491
7634531
7634697
7634795
7634825
7635087
7635291
7635443
7635521
7635607
7635857
7635875
7635931
7636003
7636015
7636143
7636247
7636647
7636839
7636979
7637375
7637545
7637575
7637651
7637983
7638045
7638057
7638725
7638827
7639037
7639115
7639225
7639229
7639275
7639299
7639353
7639525
7639775
7639915
7639949
7640447
7640501
7640651
7641111
7641183
7641313
7641657
7641683
7641701
7641769
7641791
7641821
7641947
7642383
7642451
7642803
7643563
7643565
7643699
7643749
7644235
7644475
7644755
7644781
7644857
7644869
7644929
7645315
7645361
7645657
7645759
7645791
7645851
7646117
7646219
7646355
7646385
7646871
7646909
7646979
7647233
7647291
7647293
7647623
7647633
7647871
7647885
7648125
7648447
7648737
7648935
7648981
7649393
7649427
7649625
7649841
7650041
7650359
7650479
7650649
7650729
7650833
7650839
7651245
7651725
7651889
7652015
7652059
7652213
7652217
7652425
7652503
7652507
7652679
7652769
7652783
7652985
7653171
7653179
7653453
7653465
7653487
7653633
7653683
7653817
7653883
7653949
7654597
7654691
7654809
7654937
7655265
7655341
7655363
7655927
7655941
7655973
7656009
7656313
7656367
7656377
7656593
7656653
7656751
7656865
7656875
7657039
7657129
7657189
7657237
7657315
7657551
7657775
7658093
7658213
7658217
7658259
7658303
7658571
7658719
7659081
7659315
7659423
7659983
7660033
7660125
7660657
7660711
7661003
7661117
7661303
7661329
7661507
7661555
7661677
7661731
7661947
7662191
7662229
7662863
7662953
7662979
7663041
7663195
7663351
7663419
7663513
7663549
7663725
7664093
7664495
7664497
7664819
7664843
7664877
7664969
7665007
7665183
7665345
7665555
7665577
7665667
7665775
7665911
7666033
7666101
7666127
7666159
7666167
7666515
7666527
7666547
7666603
7666605
7666667
7666811
7667187
7667245
7667359
7667401
7667429
7667519
7667587
7667619
7667659
7667669
7667691
7667699
7667987
7668031
7668097
7668147
7668167
7668169
7668359
7668703
7669125
7669215
7669471
7669773
7669821
7669875
7670051
7670687
7670755
7670809
7670993
7671357
7671381
7671571
7671675
7671757
7672217
7672271
7672379
7672701
7672707
7672753
7673217
7673519
7673633
7673699
7673749
7673825
7674083
7674301
7674459
7674819
7674855
7675151
7675223
7675241
7675353
7675419
7675611
7675641
7675651
7675677
7675777
7676127
7676255
7676363
7676397
7676477
7676519
7676751
7676813
7676845
7676927
7677381
7677683
7677797
7677857
7677943
7677969
7678209
7678359
7678419
7678425
7678613
7678645
7678983
7679129
7679181
7679253
7679301
7679407
7679423
7679761
7679879
7680095
7680101
7680133
7680395
7680441
7680561
7680707
7680729
7681055
7681203
7681567
7681627
7681629
7681721
7681781
7681827
7681985
7682351
7682449
7682665
7682717
7682727
7682939
7682961
7683253
7683309
7683519
7683527
7683557
7683565
7683577
7683671
7683819
7683827
7684211
7684339
7684773
7684911
7684919
7685019
7685417
7685501
7685555
7685867
7686025
7686039
7686097
7686105
7686325
7686459
7686601
7686615
7686853
7686871
7686873
7686971
7686989
7686999
7687199
7687265
7687275
7687343
7687429
7687445
7687467
7687519
7687531
7687579
7687655
7687779
7688037
7688041
7688341
7688469
7688573
7688921
7689125
7689351
7689839
7690203
7690221
7690259
7690425
7690471
7690485
7690827
7690841
7690967
7691013
7691069
7691179
7691247
7691715
7691719
7691725
7691749
7691753
7691757
7691969
7692041
7692533
7692815
7692835
7692867
7693103
7693553
7693643
7693745
7694223
7694245
7694291
7694659
7694741
7694869
7694915
7695023
7695067
7695147
7695233
7695239
7695587
7695591
7695745
7695825
7696229
7696295
7696299
7696377
7696545
7696729
7696845
7697047
7697235
7697299
7697347
7698169
7698243
7698407
7698449
7698697
7698701
7698795
7698831
7699009
7699277
7699539
7699707
7699751
7699861
7700293
7700549
7700621
7700695
7700995
7701137
7701333
7701519
7701555
7701717
7701965
7702159
7702269
7702365
7702421
7702445
7702473
7702753
7702819
7702823
7702881
7703113
7703193
7704109
7704137
7704355
7704375
7704425
7704445
7704509
7704543
7704929
7704969
7704989
7704991
7705283
7705445
7705483
7705489
7705533
7705551
7705555
7705565
7705795
7706601
7706653
7706699
7707167
7707289
7707375
7707459
7707585
7707647
7707693
7707745
7708013
7708043
7708373
7708467
7708473
7708725
7709071
7709109
7709197
7709223
7709487
7709519
7709571
7709923
7710105
7710131
7710163
7710607
7710655
7710663
7710715
7710847
7710903
7710915
7711043
7711349
7711685
7711725
7711825
7711901
7711935
7712035
7712083
7712135
7712273
7712483
7712649
7712923
7713033
7713285
7713377
7713777
7714189
7714231
7714571
7714605
7714725
7714909
7715127
7715131
7715141
7715363
7715367
7715497
7715703
7715717
7715757
7715935
7715977
7716765
7716837
7716943
7717023
7717035
7717057
7717081
7717217
7717249
7717381
7717859
7718145
7718173
7718303
7718583
7718619
7718677
7718705
7718971
7719273
7719311
7719471
7719505
7719689
7719855
7720025
7720109
7720451
7720465
7720495
7720527
7720553
7720923
7720937
7720979
7721203
7721349
7721415
7721489
7721513
7721525
7721665
7721729
7722513
7722521
7722535
7722555
7722933
7723143
7723671
7723785
7723875
7724143
7724169
7724453
7724477
7724497
7724655
7724733
7725429
7725483
7725563
7725591
7725593
7725609
7725771
7725843
7726351
7726479
7726567
7726583
7726781
7726833
7727069
7727089
7727167
7727407
7727519
7727569
7727773
7727783
7728043
7728059
7728087
7728235
7728261
7729039
7729089
7729093
7729199
7729339
7729429
7729703
7729771
7729831
7729841
7730039
7730061
7730255
7730569
7730593
7730717
7731213
7731405
7731437
7731641
7731663
7732507
7732571
7732845
7732955
7733133
7733401
7733501
7733583
7733721
7733873
7733875
7733881
7734057
7734309
7734363
7734667
7734869
7734879
7734901
7734909
7735103
7735155
7735419
7735889
7735947
7735973
7736117
7736137
7736145
7736369
7736459
7736519
7736659
7736871
7737135
7737155
7737223
7737395
7737677
7737729
7738063
7738285
7738297
7738373
7738547
7738555
7739451
7740357
7740367
7740549
7741055
7741253
7741357
7741763
7741799
7742183
7742361
7742453
7742951
7743031
7743069
7743097
7743393
7743415
7743519
7743539
7743703
7743723
7743749
7743895
7743931
7743989
7744015
7744095
7744271
7744355
7744385
7744645
7744927
7744979
7745043
7745049
7745159
7745277
7745293
7745299
7745451
7745521
7745627
7745639
7745725
7745821
7746025
7746049
7746301
7746375
7746469
7746629
7746747
7746757
7746859
7746909
7747403
7747947
7748029
7748187
7748601
7748713
7748965
7749089
7749171
7749295
7749433
7749439
7749495
7749551
7749681
7749807
7749909
7750125
7750169
7750221
7750307
7750353
7750409
7750487
7750499
7750705
7750887
7750917
7751281
7751319
7751369
7751471
7751767
7751817
7751837
7752085
7752097
7752139
7752295
7752349
7752367
7752441
7752491
7753005
7753009
7753133
7753749
7753753
7753779
7753847
7753893
7753927
7754023
7754025
7754103
7754199
7754223
7754339
7754461
7754541
7754611
7754633
7754767
7754965
7755073
7755517
7755647
7755691
7755761
7756169
7756243
7756413
7756481
7756525
7756871
7757059
7758079
7758265
7758967
7759005
7759029
7759099
7759183
7759215
7759245
7759299
7759587
7759727
7759923
7760129
7760273
7760287
7760309
7760353
7760363
7760737
7760807
7761027
7761111
7761135
7761167
7761219
7761345
7761597
7761931
7762023
7762209
7762419
7762519
7762553
7762985
7763073
7763089
7763789
7764481
7764801
7765017
7765053
7765095
7765107
7765609
7765879
7765943
7766009
7766095
7766275
7766299
7766315
7766341
7766489
7766979
7767073
7767429
7767955
7768371
7768453
7768621
7768633
7768847
7769013
7769157
7769181
7769199
7769509
7769595
7769957
7770339
7770427
7770443
7770551
7770673
7770799
7771253
7771279
7771769
7771773
7771779
7771783
7771913
7772041
7772299
7772599
7772773
7772785
7772817
7772899
7772989
7773101
7773129
7773145
7773205
7773335
7773517
7773627
7773997
7774491
7774537
7774567
7774663
7774947
7775425
7775427
7775429
7775741
7776033
7776133
7776259
7776333
7776657
7776823
7776949
7776971
7777091
7777747
7777977
7778037
7778063
7778107
7778141
7778313
7778453
7778487
7778619
7778717
7778763
7779105
7779213
7779597
7779885
7780061
7780443
7780465
7780507
7780623
7780795
7780945
7781159
7781375
7781639
7781803
7782087
7782339
7782395
7782695
7782967
7783079
7783243
7783245
7783387
7783495
7783653
7783783
7784031
7784057
7784269
7784663
7784781
7784821
7785107
7785157
7785171
7785181
7785183
7785237
7785583
7785667
7785695
7785831
7786029
7786073
7786109
7786327
7786411
7786447
7786461
7786671
7786675
7786733
7786941
7787043
7787169
7787243
7787371
7787509
7787615
7787643
7787729
7787769
7787899
7788079
7788787
7788801
7788867
7789067
7789271
7789411
7789415
7789699
7789701
7789757
7789763
7789815
7789909
7790031
7790069
7790099
7790337
7790489
7790865
7791175
7791259
7791299
7791429
7791563
7791619
7791687
7791863
7791933
7791973
7791979
7792079
7792223
7792377
7792411
7792565
7792619
7792627
7792675
7792725
7792959
7793089
7793107
7793125
7793229
7793413
7793937
7794039
7794059
7794191
7794283
7794301
7794443
7794497
7794777
7794831
7794937
7794967
7795049
7795167
7795293
7795321
7795377
7795469
7795779
7795787
7796173
7796253
7796345
7796471
7796511
7796589
7796699
7796765
7796905
7796949
7797159
7797207
7797451
7797509
7797811
7797887
7797911
7798057
7798103
7798143
7798187
7798193
7798209
7798213
7798603
7798669
7798837
7798881
7798883
7798923
7799327
7799373
7799433
7799645
7799805
7800165
7800225
7800481
7800519
7800733
7800919
7800929
7801029
7801085
7801345
7801403
7801439
7801449
7801501
7801611
7801639
7801677
7801757
7801827
7802199
7802557
7802605
7802699
7803009
7803125
7803161
7803263
7803351
7803369
7803443
7803651
7803683
7803707
7803845
7803857
7803971
7804233
7804369
7804467
7804489
7804551
7804679
7804713
7804817
7804863
7805011
7805195
7805297
7805299
7805331
7805601
7805643
7805661
7805879
7806279
7806389
7806543
7806625
7806735
7806769
7806841
7807499
7807591
7807613
7807673
7807785
7807959
7807985
7808059
7808081
7808103
7808669
7808843
7809231
7809249
7809911
7809981
7810035
7810075
7810263
7810319
7810495
7810539
7810555
7810563
7810667
7810965
7810967
7811243
7811253
7811319
7811373
7811589
7811619
7811685
7811813
7811877
7811981
7812069
7812413
7812519
7812971
7813041
7813189
7813345
7813781
7813953
7814025
7814073
7814211
7814305
7814369
7814407
7815427
7815501
7815511
7815571
7815597
7815637
7815729
7816365
7816373
7816435
7816463
7816803
7816827
7817021
7817039
7817057
7817607
7817635
7817949
7817961
7818427
7818455
7818515
7818715
7818749
7818847
7818937
7819347
7819369
7819911
7819989
7820145
7820201
7820249
7820293
7820301
7820401
7820519
7820787
7821025
7821039
7821115
7821253
7821335
7821445
7821497
7822019
7822033
7822035
7822453
7822619
7822807
7823067
7823077
7823079
7823123
7823139
7823231
7823401
7823551
7823631
7823663
7823673
7823931
7823947
7824067
7824173
7824407
7824883
7825015
7825161
7825299
7825313
7825395
7825801
7825941
7826113
7826429
7826517
7826601
7826867
7826925
7826937
7827447
7827449
7827457
7827953
7828053
7828107
7828303
7828509
7828517
7829197
7829211
7829353
7829523
7829685
7829703
7829855
7830137
7830187
7830313
7830395
7830647
7830729
7830803
7831071
7831277
7831909
7831949
7832051
7832385
7832389
7832439
7832873
7832915
7832955
7832995
7833107
7833151
7833257
7833631
7833979
7834095
7834391
7834453
7834475
7834569
7834591
7834751
7834773
7834853
7834885
7835621
7835749
7835809
7835875
7835927
7835993
7836007
7836241
7836283
7836287
7836347
7836509
7836597
7836755
7837089
7837201
7837281
7837337
7837599
7837617
7837881
7837907
7838049
7838057
7838179
7838283
7838355
7838363
7838501
7839011
7839053
7839117
7839265
7839387
7839463
7839721
7839725
7839951
7839955
7839977
7840037
7840285
7840325
7840739
7840793
7841091
7841147
7841227
7841261
7841325
7841435
7841445
7842021
7842057
7842505
7842731
7842843
7842893
7843185
7843191
7843325
7843375
7843411
7843627
7843673
7843741
7843947
7844121
7844199
7844247
7844275
7844337
7844339
7844385
7844949
7844967
7845045
7845165
7845243
7845291
7845419
7845433
7845653
7845817
7845833
7845881
7845985
7846001
7846337
7846471
7846785
7846941
7847287
7847557
7847903
7847943
7848201
7848535
7848773
7848777
7849109
7849233
7849355
7849603
7849613
7849671
7849857
7849899
7850059
7850131
7850193
7850219
7850331
7850495
7850581
7850833
7850983
7851193
7852037
7852159
7852461
7852479
7852671
7853027
7853085
7853493
7853653
7853893
7853937
7854021
7854051
7854151
7854531
7854699
7854841
7854991
7855097
7855215
7855465
7855601
7855805
7856441
7856475
7856521
7856635
7856921
7857033
7857313
7857659
7857739
7857787
7857801
7857917
7858041
7858417
7858741
7858761
7858877
7858911
7859061
7859167
7859191
7859403
7859487
7859573
7859847
7859989
7860287
7860909
7860957
7861017
7861031
7861407
7861693
7862005
7862189
7862191
7862249
7862613
7862863
7862941
7863059
7863109
7863129
7863157
7863785
7863841
7863959
7864003
7864015
7864225
7864465
7864743
7864957
7864969
7864991
7865139
7865267
7865421
7865443
7865477
7865989
7866125
7866251
7866395
7866655
7866919
7866931
7867179
7867427
7867741
7867789
7867917
7867973
7868057
7868333
7868425
7868441
7868443
7868497
7868513
7868593
7868611
7868683
7868763
7868831
7868881
7869691
7869711
7869783
7869791
7869913
7869963
7870075
7870285
7870309
7870795
7871171
7871465
7871515
7871761
7871917
7872001
7872025
7872267
7872311
7872581
7872765
7872893
7873007
7873451
7873597
7873629
7873703
7873891
7873997
7874015
7874051
7874233
7874265
7874509
7874571
7874707
7874725
7874729
7874737
7874761
7874811
7875031
7875091
7875303
7875495
7875567
7875817
7876051
7876199
7876207
7876289
7876539
7876667
7876897
7877249
7877265
7877445
7877487
7877547
7877563
7877699
7877825
7878389
7878601
7878605
7878609
7878769
7878817
7878971
7879219
7879241
7879779
7879869
7879883
7879915
7879973
7880077
7880089
7880263
7880281
7880293
7880349
7880351
7880365
7880529
7880549
7880731
7880781
7880809
7880907
7881083
7881125
7881227
7881385
7881409
7881423
7881527
7881551
7881735
7881993
7882121
7882433
7882525
7882737
7882909
7882935
7883103
7883205
7883437
7883465
7883485
7883493
7883723
7883895
7884087
7884117
7884265
7884779
7884785
7884935
7885013
7885139
7885383
7885399
7885401
7885585
7885731
7885805
7885927
7886209
7886227
7886829
7886855
7886901
7886937
7886945
7887017
7887031
7887139
7887347
7887423
7887465
7887751
7887787
7887905
7887919
7888183
7888363
7888725
7888931
7889069
7889225
7889273
7889389
7889531
7889845
7890447
7890559
7890901
7891079
7891143
7891443
7891579
7891701
7891909
7891913
7891963
7892295
7892321
7892357
7892373
7892487
7892585
7892595
7892623
7892975
7893087
7893163
7893187
7893223
7894089
7894167
7894213
7894275
7894325
7894351
7894423
7894519
7895297
7895423
7895441
7895449
7895451
7895825
7895925
7895937
7895947
7896567
7896735
7896999
7897417
7897533
7897613
7897627
7897717
7897737
7897855
7897995
7898011
7898077
7898285
7898609
7898793
7898809
7898831
7898997
7899087
7899109
7899683
7899691
7899871
7899885
7900037
7900075
7900151
7900155
7900363
7900431
7901187
7901451
7901621
7901669
7901741
7901785
7901815
7901907
7902081
7902117
7902129
7902579
7902595
7902605
7903175
7903195
7903399
7903425
7903515
7903595
7903779
7904061
7904319
7904377
7904381
7904431
7904811
7904877
7904921
7905483
7905509
7905851
7906001
7906057
7906103
7906419
7906479
7906489
7906521
7906787
7906799
7906843
7907029
7907065
7907233
7907293
7907301
7907551
7907601
7907853
7907861
7907979
7908075
7908091
7908095
7908277
7908383
7908411
7908565
7908659
7908773
7908835
7909277
7909335
7909339
7909521
7909675
7909701
7909757
7909985
7909989
7910095
7910197
7910377
7910467
7910769
7910835
7910903
7910975
7911075
7911079
7911211
7911213
7911383
7911779
7911841
7912019
7912311
7912501
7912631
7913069
7913181
7913293
7913551
7913637
7913827
7913957
7913959
7914157
7914185
7914543
7914703
7915129
7915237
7915361
7915371
7915881
7915913
7916089
7916289
7916497
7916631
7916961
7917181
7917425
7917865
7918291
7918309
7918425
7918541
7918627
7918739
7919153
7919663
7919809
7919817
7919845
7920243
7920471
7920551
7920727
7920913
7920955
7920985
7920995
7921263
7921575
7921703
7921749
7921823
7921903
7922081
7922315
7922591
7922695
7922751
7922821
7923219
7923337
7923359
7923791
7924163
7924259
7924291
7924565
7924767
7924801
7924835
7924907
7924971
7925009
7925057
7925101
7925143
7925225
7925551
7925615
7925681
7925729
7925743
7925829
7925941
7926199
7926301
7926315
7926365
7926711
7926727
7926891
7926933
7926997
7927103
7927205
7927769
7927917
7927931
7928295
7928301
7928625
7928725
7928779
7928785
7928905
7929387
7929389
7929423
7929747
7929749
7929797
7929909
7929987
7930025
7930193
7930247
7930363
7930567
7930863
7931305
7931503
7931709
7931727
7931777
7931829
7931839
7931849
7932075
7932245
7932577
7932733
7933321
7933331
7933589
7934245
7934489
7934771
7934893
7934927
7935081
7935103
7935145
7935273
7935715
7935737
7935817
7935819
7936083
7936261
7936495
7936531
7936553
7936775
7936835
7936963
7937045
7937053
7937073
7937149
7937167
7937215
7937241
7937427
7937449
7937463
7937477
7937765
7937779
7938039
7938115
7938305
7938461
7938621
7938653
7938861
7938879
7939081
7939253
7939273
7939305
7939363
7939375
7939425
7939687
7939893
7940245
7940293
7940467
7940527
7940651
7940733
7940737
7940769
7940861
7940937
7940959
7940989
7941279
7941409
7941725
7942137
7942161
7942221
7942271
7942481
7942879
7943217
7943273
7943495
7943633
7943823
7943903
7943973
7944101
7944155
7944307
7944401
7944541
7944653
7944703
7944753
7945007
7945047
7945257
7945279
7945397
7945587
7945589
7945639
7945689
7945731
7945969
7946119
7946191
7946311
7946363
7946579
7946807
7946833
7947011
7947239
7947273
7947435
7947783
7947883
7947985
7948057
7948069
7948189
7948249
7948281
7948567
7948687
7948693
7948695
7948759
7949411
7949575
7949777
7950033
7950053
7950093
7950141
7950215
7950239
7950871
7950885
7950983
7951005
7951173
7951381
7951403
7951707
7951909
7951941
7951987
7952065
7952163
7952417
7952503
7952667
7952839
7952851
7952921
7953199
7953453
7953711
7953739
7953819
7954029
7954113
7954613
7954915
7955051
7955269
7955367
7955849
7955871
7956315
7956447
7956465
7956503
7956703
7956805
7956895
7957071
7957229
7957375
7957465
7957645
7957819
7958131
7958137
7958243
7958321
7958327
7958341
7958383
7958399
7958569
7958735
7958791
7958883
7959115
7959123
7959185
7959239
7959509
7959539
7959549
7959817
7959923
7960023
7960049
7960189
7960199
7960293
7960325
7960333
7960377
7960783
7960965
7961053
7961083
7961417
7961555
7961617
7961621
7962007
7962027
7962223
7962427
7962737
7962847
7962871
7963575
7963775
7963783
7963795
7963831
7963845
7963935
7964035
7964055
7964421
7964555
7964885
7964899
7965301
7965487
7965665
7965829
7966017
7966023
7966139
7966187
7966225
7966315
7966397
7966447
7966495
7966627
7966639
7966745
7966811
7966875
7966879
7967231
7968217
7968499
7968523
7968733
7968769
7968903
7968969
7968977
7969177
7969191
7969397
7969411
7969517
7969701
7970031
7970087
7970155
7970237
7970313
7970701
7970897
7970953
7970975
7971059
7971137
7971393
7971431
7971497
7971593
7971745
7972003
7972027
7972135
7972249
7972377
7972541
7972669
7972695
7972849
7972953
7973019
7973025
7973065
7973453
7973535
7973685
7973723
7973745
7973787
7974171
7974801
7974861
7974979
7975587
7975755
7976015
7976385
7976737
7976751
7976899
7977061
7977077
7977569
7977615
7977637
7977997
7978175
7978181
7978355
7978423
7978555
7978629
7979117
7979143
7979239
7979387
7979395
7979997
7980109
7980201
7980277
7980335
7980553
7980701
7980777
7980825
7981173
7981263
7981401
7981475
7981533
7981651
7981681
7981705
7981785
7981991
7982101
7982177
7982281
7982287
7982351
7982669
7982821
7982841
7983105
7983113
7983151
7983267
7983479
7983639
7983983
7984245
7984255
7984259
7984537
7984639
7984841
7984877
7985329
7985375
7985681
7985727
7985839
7985953
7986075
7986249
7986291
7986293
7986619
7986631
7986699
7987089
7987277
7987351
7987517
7987645
7987659
7987743
7987777
7987953
7988227
7988247
7988409
7988467
7988701
7988839
7988883
7989151
7989157
7989185
7989279
7989335
7989353
7989355
7989421
7989425
7989489
7989659
7989717
7989759
7989869
7989969
7990375
7990405
7990411
7990491
7990539
7990723
7990781
7990785
7990811
7990881
7990969
7991057
7991079
7991163
7991399
7991451
7991749
7991787
7992103
7992301
7992389
7992517
7992643
7992713
7992835
7992899
7992951
7992955
7993159
7993195
7993437
7993465
7993567
7993921
7994037
7994109
7994391
7994687
7994753
7994891
7995079
7995347
7995495
7995581
7995991
7996113
7996201
7996373
7996433
7996597
7996703
7996713
7996809
7996841
7996985
7997075
7997357
7997461
7997579
7997941
7997971
7998325
7998383
7998613
7998807
7999003
7999135
7999145
7999161
7999303
7999341
7999401
7999577
