# proven primes: b with (b^32+1)/2 prime (aprcl), block [8000000,9000000)
8000145
8000537
8000687
8000775
8000925
8000981
8001237
8001563
8001617
8001883
8001957
8001965
8002161
8002257
8002331
8002417
8002451
8002515
8002613
8002713
8002753
8002843
8002959
8003035
8003067
8003125
8003321
8003389
8003435
8003559
8003573
8003635
8003877
8003889
8004035
8004149
8004193
8004291
8004297
8004401
8004753
8004783
8004831
8005017
8005213
8005419
8005637
8006045
8006179
8006235
8006237
8006667
8006875
8007063
8007235
8007259
8007491
8007611
8007637
8008035
8008147
8008299
8008585
8008621
8008931
8008973
8009175
8009211
8009249
8009389
8009469
8009689
8009699
8009711
8009825
8009855
8009967
8010205
8010241
8010407
8010429
8010437
8010699
8011091
8011111
8011145
8011641
8011667
8011789
8011807
8012391
8012413
8012537
8012573
8012643
8012647
8012663
8012785
8012953
8012989
8013101
8013167
8013181
8013223
8013315
8013381
8013407
8013519
8013555
8013571
8014057
8014089
8014127
8014217
8014701
8014719
8014755
8014873
8014889
8014953
8015233
8015307
8015359
8015959
8016145
8016387
8016641
8016657
8016751
8016853
8017107
8017385
8017835
8017861
8018395
8018415
8018541
8018603
8018709
8018787
8019041
8019445
8019459
8019719
8020019
8020637
8020815
8020849
8021035
8021103
8021117
8021173
8021281
8021355
8021399
8021413
8021569
8021681
8021831
8021857
8022057
8022063
8022127
8022383
8022455
8022521
8022639
8022647
8022689
8022733
8022767
8022853
8023005
8023189
8023249
8023359
8023647
8023825
8023967
8024029
8024153
8024213
8024269
8025083
8025125
8025187
8025439
8025509
8025555
8025895
8026023
8026173
8026265
8026355
8026499
8026545
8026775
8026821
8027231
8027273
8027279
8027299
8027621
8027689
8027829
8027981
8028263
8028349
8028509
8028597
8028651
8028883
8028895
8029021
8029389
8029513
8029955
8029973
8030217
8030249
8030579
8030667
8030729
8030745
8030823
8030981
8031161
8031279
8031299
8031439
8031761
8031873
8031945
8031971
8032001
8032325
8032441
8032533
8032599
8032715
8032907
8033201
8033449
8033509
8033567
8033583
8034189
8034611
8034711
8034875
8034909
8034923
8035169
8035407
8035411
8035601
8035763
8035817
8035823
8036007
8036187
8036189
8036275
8036385
8036399
8036769
8037267
8037293
8037555
8037619
8037681
8037725
8037911
8037941
8038001
8038007
8038131
8038291
8038371
8038613
8038733
8038889
8039353
8039385
8039459
8039649
8039693
8040259
8040279
8040389
8040445
8040657
8040701
8041013
8041061
8041103
8041147
8041309
8041591
8041651
8041719
8041737
8041755
8041865
8041983
8042027
8042135
8042219
8042359
8042405
8042615
8042721
8042751
8042975
8043151
8043163
8043213
8043261
8043359
8043493
8043731
8043787
8043827
8044611
8044809
8044861
8044891
8044947
8045187
8045325
8045589
8045701
8045845
8045851
8046015
8046103
8046127
8046147
8046413
8046503
8046797
8046885
8047311
8047459
8047639
8048207
8048357
8048479
8048563
8048777
8048857
8048865
8048955
8049001
8049371
8049389
8049811
8049957
8050271
8050389
8050681
8050827
8050945
8050977
8051045
8051087
8051137
8051271
8051403
8051723
8051767
8052341
8052747
8052879
8052895
8053305
8053345
8053443
8053451
8053597
8053651
8053825
8053935
8053985
8053999
8054059
8054367
8054469
8054589
8054693
8054721
8054791
8054889
8054939
8054997
8055031
8055125
8055471
8055631
8055837
8056067
8056253
8056309
8056347
8056441
8056495
8056511
8056661
8056687
8057029
8057179
8057423
8057611
8057671
8057759
8057863
8057927
8058203
8058477
8058597
8058763
8058865
8059057
8059107
8059553
8059599
8059657
8059803
8059985
8059991
8060311
8060473
8060617
8060631
8060687
8060697
8061089
8061115
8061217
8061239
8061487
8061527
8061869
8062097
8062123
8062389
8062423
8062701
8062799
8063025
8063075
8063439
8063691
8063707
8063769
8063967
8063971
8064095
8064229
8064303
8064377
8064655
8064679
8064941
8065195
8065281
8065521
8065619
8065659
8065789
8065897
8066065
8066425
8066427
8066631
8066683
8066713
8066853
8066873
8067013
8067033
8067083
8067201
8067287
8067377
8067385
8067397
8067457
8067647
8067783
8067967
8068213
8068333
8068371
8068391
8068619
8069495
8069537
8069739
8070037
8070043
8070193
8070209
8070379
8070415
8070423
8070693
8070905
8070987
8071073
8071213
8071371
8071447
8071481
8071533
8071719
8071893
8071941
8072007
8072055
8072225
8072273
8072291
8072351
8072391
8072569
8072721
8072905
8073025
8073189
8073329
8073549
8073757
8074021
8074169
8074203
8074489
8074573
8074827
8074881
8074915
8075161
8075171
8075397
8075437
8075481
8075561
8075711
8075891
8075995
8076083
8076109
8076113
8076177
8076511
8077023
8077197
8078033
8078271
8078349
8078363
8078447
8078733
8078819
8078899
8079059
8079077
8079177
8079205
8079307
8079351
8079439
8079575
8079641
8079743
8079827
8079975
8080323
8080433
8080593
8080935
8080979
8081147
8081213
8081631
8081777
8081851
8082001
8082129
8082309
8082393
8082431
8082613
8082647
8082671
8082711
8083147
8083437
8083769
8083931
8084067
8084129
8084321
8084725
8084807
8084855
8084905
8085131
8085151
8085229
8085419
8085489
8085603
8085689
8085771
8085997
8086177
8086539
8086631
8086633
8086869
8086909
8086919
8087103
8087187
8087491
8087915
8088029
8088637
8088837
8088893
8088973
8089125
8089327
8089375
8089569
8089613
8089711
8090179
8090341
8090617
8090653
8090797
8090977
8091459
8091941
8091967
8092747
8093029
8093045
8094791
8094897
8094987
8095089
8095201
8095253
8095351
8095527
8095597
8095973
8096113
8096205
8096487
8096569
8096589
8096787
8096879
8096979
8097223
8097379
8097451
8097471
8097695
8098115
8098213
8098411
8098611
8098643
8098733
8098823
8098899
8098999
8099069
8099255
8099291
8099387
8099395
8099461
8099621
8099807
8099879
8099935
8100019
8100021
8100079
8100129
8100341
8100487
8100587
8100847
8100977
8101007
8101377
8101441
8101475
8101555
8101731
8101999
8102025
8102203
8102285
8102403
8102621
8102717
8103383
8103407
8103459
8103577
8103593
8103667
8103827
8103931
8104097
8104137
8104253
8104263
8104465
8104507
8104703
8104783
8104911
8104995
8105225
8105259
8105287
8105303
8105775
8105863
8105997
8106101
8106189
8106233
8106363
8106391
8106439
8106479
8106669
8106757
8106789
8106829
8106999
8107027
8107609
8107731
8107745
8107957
8108313
8108371
8108483
8108671
8108719
8108757
8108759
8108833
8108891
8108991
8109223
8109317
8109437
8109553
8110321
8110535
8111859
8111981
8112325
8112341
8112489
8112801
8113285
8113319
8113357
8113699
8114003
8114397
8114475
8114577
8114615
8114643
8114823
8114841
8114985
8115075
8115111
8115343
8115507
8115785
8115815
8115855
8115929
8116355
8116417
8116523
8116561
8116781
8116873
8116929
8116947
8116973
8116979
8117129
8117151
8117307
8117423
8117559
8117799
8117863
8117925
8117943
8117971
8118017
8118177
8118225
8118251
8118287
8118433
8118521
8118555
8118677
8118685
8118927
8118935
8118963
8119003
8119107
8119119
8119263
8119457
8119495
8119673
8119741
8119803
8119971
8120035
8120051
8120191
8120263
8120275
8120303
8120593
8120833
8120939
8120985
8121117
8121257
8121531
8121805
8122097
8122157
8122175
8122233
8122257
8122445
8122453
8122513
8122957
8122999
8123187
8123507
8123553
8123663
8123709
8123915
8123919
8124141
8124145
8124195
8124199
8124451
8124767
8124869
8125103
8125255
8125617
8125683
8125883
8126243
8126279
8126519
8126573
8126587
8126613
8127063
8127459
8127475
8127737
8127813
8128003
8128023
8128081
8128337
8128363
8128547
8128549
8128633
8128667
8128681
8128683
8128695
8128993
8129053
8129129
8129181
8129257
8129453
8129467
8129653
8129667
8129767
8130291
8130577
8130677
8130781
8130813
8131015
8131497
8131535
8131671
8131799
8131843
8132091
8132135
8132469
8132609
8132611
8132725
8132993
8133101
8133159
8133231
8133361
8133519
8133607
8133655
8133833
8133861
8134579
8134709
8134823
8134883
8134889
8134905
8135065
8135513
8135563
8135595
8135601
8135721
8135727
8136027
8136031
8136059
8136219
8136237
8136249
8136255
8136327
8136495
8136559
8137209
8137263
8137315
8137459
8137737
8137907
8138115
8138643
8138679
8139195
8139311
8139439
8139505
8139667
8139673
8139705
8139765
8139861
8140603
8140625
8140645
8140655
8141085
8141337
8141563
8141785
8142269
8142435
8142481
8142589
8142689
8142941
8142947
8143463
8143745
8143829
8144131
8144195
8144261
8144373
8144459
8144563
8144647
8144681
8144779
8144903
8145099
8145281
8145319
8145325
8145437
8145565
8146031
8146053
8146171
8146181
8146257
8146325
8147161
8147171
8147195
8147575
8147663
8147707
8147977
8148153
8148337
8148385
8148443
8148669
8148709
8148751
8148913
8149179
8149677
8149805
8149945
8149955
8150143
8150251
8150281
8150483
8150675
8150701
8150773
8151383
8151661
8151813
8151961
8152019
8152237
8152283
8152325
8152417
8152747
8152827
8152935
8153025
8153101
8153215
8153301
8153533
8153687
8153767
8153849
8153867
8154393
8154405
8154415
8154491
8154829
8154925
8155069
8155173
8155179
8155391
8155639
8155709
8155721
8155991
8156183
8156343
8156465
8156753
8156995
8157021
8157117
8157175
8157187
8157533
8157539
8157609
8157739
8157855
8157889
8158089
8158587
8158731
8158805
8159185
8159721
8159755
8159979
8160201
8160231
8160401
8160441
8160635
8160811
8161045
8161085
8161241
8161691
8161895
8162195
8162349
8162497
8163027
8163235
8163347
8163447
8163567
8163571
8163857
8164067
8164069
8164145
8164331
8164333
8164465
8164479
8164525
8164581
8164671
8164739
8164875
8164951
8165043
8165065
8165301
8165353
8165545
8165877
8166125
8166387
8166403
8166445
8166525
8166541
8166995
8167575
8167777
8168203
8168305
8168353
8168381
8168481
8168559
8168663
8168823
8169019
8169077
8169191
8169211
8169371
8169509
8169721
8169769
8169845
8170003
8170051
8170347
8170691
8170701
8171085
8171097
8171417
8171579
8171611
8171685
8171687
8171943
8172207
8172229
8172369
8172503
8172657
8172737
8172979
8173051
8173097
8173315
8173435
8173529
8173731
8173853
8174089
8174125
8174133
8174135
8174247
8174433
8174471
8174627
8175461
8175525
8175691
8175809
8175861
8176017
8176141
8176193
8176207
8176247
8176343
8176427
8176463
8176497
8176675
8176679
8176885
8176901
8176913
8176915
8176949
8177097
8177211
8177271
8177297
8177539
8177699
8177805
8177987
8178135
8178185
8178201
8178381
8178549
8178663
8178765
8178785
8179033
8179101
8179173
8179249
8179333
8179345
8179359
8179453
8179527
8180163
8180197
8180281
8180311
8180327
8180329
8180555
8180557
8180677
8181055
8181267
8181371
8181439
8181657
8181811
8182241
8182537
8182563
8182591
8182675
8182735
8182905
8183215
8183241
8183291
8183717
8183877
8183905
8184035
8184279
8184493
8184555
8184935
8184975
8185125
8185245
8185465
8185501
8185579
8185585
8185665
8185741
8185817
8185917
8185951
8186113
8186223
8186269
8186345
8186395
8187023
8187175
8187187
8187195
8187385
8187767
8188011
8188495
8188541
8188927
8188947
8188989
8189131
8189245
8189373
8189401
8189511
8189919
8190153
8190301
8190363
8190439
8190511
8190723
8190743
8190979
8191005
8191059
8191329
8191343
8191351
8191365
8191465
8191547
8191913
8191999
8192069
8192131
8192137
8192157
8192259
8192281
8192675
8192767
8192911
8193235
8193311
8193319
8193671
8193677
8193695
8193805
8193837
8193929
8194327
8194425
8194437
8194445
8194485
8194781
8194837
8195231
8195319
8195331
8195345
8195369
8195731
8195901
8196319
8196415
8196587
8196637
8196669
8196801
8196905
8197047
8197219
8197301
8197407
8198013
8198059
8198401
8198597
8198707
8198809
8198959
8198975
8199243
8199321
8199427
8199475
8199617
8200025
8200033
8200057
8200135
8200229
8200501
8200545
8200627
8200709
8200727
8200929
8201065
8201189
8201249
8201263
8201651
8201659
8201819
8201955
8202105
8202573
8202615
8202929
8203111
8203163
8203209
8203295
8203827
8204853
8204965
8205211
8205265
8205389
8205545
8205743
8205879
8205889
8205967
8206367
8206557
8206695
8206887
8206907
8207101
8207201
8207229
8207263
8207521
8207581
8207759
8207951
8208069
8208283
8208309
8208841
8208951
8208989
8209005
8209191
8209193
8209243
8209303
8209345
8209891
8209945
8210169
8210315
8210371
8210415
8210783
8210965
8211067
8211353
8211409
8211475
8211481
8211593
8211789
8211839
8211855
8211857
8211941
8211981
8211999
8212217
8212321
8212325
8212337
8212381
8212439
8212537
8212691
8213109
8213169
8213271
8213345
8213465
8213497
8213515
8213529
8213691
8213897
8214157
8214391
8214449
8214659
8215013
8215085
8215367
8215759
8215915
8215929
8216221
8216311
8216587
8216697
8216705
8216715
8216765
8217031
8217085
8217111
8217141
8217189
8217363
8217445
8217457
8217591
8217739
8217741
8217795
8218015
8218185
8218471
8218549
8218813
8218881
8219171
8219333
8219377
8219477
8219553
8219581
8220263
8220621
8220763
8221003
8221107
8221155
8221175
8221561
8221577
8221763
8221985
8222119
8222145
8222249
8222505
8222637
8222707
8222787
8222939
8223027
8223423
8223531
8223539
8223737
8223857
8224231
8224657
8224705
8224719
8224753
8224773
8225001
8225205
8225349
8225357
8225705
8225719
8225861
8225943
8226141
8226233
8226277
8226353
8226379
8226425
8226451
8226655
8226939
8227199
8227335
8227359
8227361
8227719
8227725
8227745
8227813
8227993
8228049
8228157
8228287
8228403
8228527
8228849
8228959
8228969
8229197
8229209
8229371
8229373
8229477
8229521
8229525
8229579
8229743
8230135
8230181
8230845
8230927
8231067
8231165
8231225
8231503
8231707
8231775
8231919
8231983
8232159
8232225
8232229
8232295
8232547
8232555
8233089
8233189
8233249
8233271
8233713
8233997
8234071
8234143
8234231
8234267
8234279
8234687
8234801
8234939
8234949
8235165
8235225
8235373
8235605
8235969
8236041
8236133
8236449
8236693
8236955
8237117
8237125
8237157
8237173
8237237
8237265
8237379
8237711
8237825
8237993
8238021
8238057
8238075
8238193
8238351
8238413
8238499
8238521
8238569
8238639
8238865
8238913
8239265
8239333
8239349
8239959
8240199
8240355
8240523
8240563
8240741
8240949
8241045
8241047
8241055
8241323
8241355
8241595
8241709
8242455
8242507
8242787
8242823
8242963
8243179
8243331
8243749
8244423
8244511
8244593
8244611
8244981
8245167
8245273
8246133
8246295
8246529
8246787
8246865
8247027
8247069
8247147
8247337
8247455
8247525
8247617
8247807
8247887
8248089
8248157
8248349
8248351
8248713
8248879
8249001
8249057
8249187
8249307
8249469
8249517
8249547
8249639
8249901
8249993
8250041
8250079
8250109
8250501
8250555
8250639
8250769
8251291
8251293
8251553
8251865
8251953
8251999
8252017
8252139
8252167
8252335
8252473
8252503
8252943
8252983
8253009
8253317
8253403
8253545
8253581
8253623
8253659
8253709
8253729
8254013
8254239
8255135
8255577
8255841
8255877
8255933
8255971
8256007
8256345
8256363
8256365
8256443
8256487
8256635
8256759
8256879
8256927
8257095
8257311
8257975
8258031
8258213
8258229
8258281
8258551
8258831
8258865
8258997
8259073
8259099
8259269
8259465
8259597
8259947
8259955
8260005
8260143
8260183
8260323
8260727
8260841
8260855
8260865
8260915
8260925
8260949
8261105
8261393
8261409
8261517
8261655
8261795
8262189
8262233
8262269
8262489
8262501
8262621
8262843
8263283
8263339
8263347
8263423
8263585
8263617
8263619
8263771
8264185
8264323
8264447
8264465
8265129
8265419
8265943
8266573
8266867
8267041
8267097
8267167
8267239
8267371
8267393
8267451
8267505
8267513
8267515
8267735
8267741
8267781
8267895
8267913
8268023
8268301
8268399
8268757
8268889
8269031
8269225
8269405
8269485
8269517
8269627
8269715
8270195
8270315
8270363
8270639
8270823
8271067
8271147
8271163
8271239
8271753
8271761
8271981
8272041
8272301
8272423
8272443
8272493
8272611
8272743
8273083
8273295
8273303
8273319
8273533
8274079
8274241
8274253
8274423
8274457
8274521
8274543
8274665
8274873
8275067
8275113
8275271
8275531
8275551
8275593
8275713
8275755
8275885
8275887
8275975
8276069
8276189
8276249
8276371
8276591
8276665
8276933
8277077
8277091
8277335
8277533
8277563
8277635
8277687
8277785
8277877
8277905
8278119
8278515
8278545
8278743
8278777
8278971
8279041
8279371
8279493
8279683
8279841
8279895
8280023
8280187
8280639
8280671
8280783
8280853
8281179
8281243
8281477
8282011
8282137
8282571
8282613
8282627
8282643
8282745
8282769
8282969
8283699
8283831
8284003
8284231
8284375
8284507
8284533
8284691
8284727
8285255
8285367
8285465
8285833
8285939
8285997
8286027
8286051
8286073
8286203
8286439
8286487
8286703
8286721
8286871
8287395
8287451
8287475
8287495
8288057
8288141
8288429
8288433
8288531
8289037
8289143
8289325
8289371
8289441
8289497
8289761
8290029
8290059
8290275
8290529
8290663
8290667
8290713
8290737
8291117
8291523
8291621
8291811
8291861
8292113
8292229
8292235
8292241
8292261
8292345
8292369
8292731
8292819
8292823
8292839
8293211
8293259
8293325
8293339
8293369
8293393
8293405
8293465
8293473
8293621
8293875
8293941
8294175
8294305
8294413
8294711
8294729
8294771
8294777
8294991
8295025
8295081
8295355
8295361
8295589
8295623
8295809
8295897
8295957
8296049
8296107
8296185
8296329
8296341
8296389
8296489
8296657
8296737
8296899
8296929
8296955
8296985
8297009
8297213
8297217
8297251
8297299
8297301
8297309
8297361
8297971
8298235
8298237
8298729
8298839
8299177
8299303
8299541
8299777
8299933
8299937
8300081
8300339
8300459
8300607
8300691
8300881
8300899
8300979
8300993
8300999
8301159
8301495
8301787
8301815
8301841
8301867
8302045
8302291
8302331
8302365
8302367
8302459
8302919
8302939
8303011
8303115
8303401
8303433
8303767
8303811
8303897
8304109
8304199
8304827
8304833
8304891
8304901
8305093
8305159
8305411
8305545
8305587
8305641
8305719
8305723
8305747
8305791
8305865
8305973
8305979
8306371
8306401
8306831
8306869
8306921
8307053
8307085
8307175
8307209
8307273
8307427
8307937
8308041
8308053
8308213
8308583
8308709
8309707
8309975
8310759
8310935
8310971
8311163
8311223
8311309
8311473
8311575
8311657
8311711
8312051
8312273
8312339
8312413
8312491
8312835
8313203
8313221
8313289
8313451
8313575
8313661
8313747
8313957
8313979
8314375
8314595
8314763
8314795
8315027
8315313
8315403
8315655
8315659
8315675
8315823
8316221
8316697
8316779
8317093
8317133
8317433
8317591
8317605
8317899
8317977
8318009
8318345
8318781
8318831
8318969
8319003
8319073
8319217
8319775
8319923
8319985
8320061
8320109
8320247
8320381
8320753
8320769
8320855
8320857
8320907
8320955
8321195
8321203
8321437
8321463
8321555
8321833
8321843
8322467
8322561
8323007
8323489
8323519
8323637
8323721
8324471
8324585
8324853
8324923
8324991
8325003
8325013
8325165
8325297
8325393
8325431
8325463
8325827
8326003
8326085
8326103
8326223
8326245
8326291
8326339
8326483
8326869
8326903
8327403
8327451
8327859
8327865
8327875
8328093
8328571
8328631
8328797
8328925
8329057
8329305
8329333
8329355
8329801
8329865
8329881
8329929
8329933
8329953
8330263
8330457
8330501
8330895
8330909
8331033
8331041
8331043
8331285
8331765
8331767
8331801
8331857
8331921
8331997
8332029
8332043
8332095
8332223
8332661
8332703
8332727
8332759
8332811
8332985
8333139
8333217
8333259
8333303
8333469
8333515
8333619
8333625
8333723
8333789
8333955
8333999
8334011
8334189
8334351
8334457
8334511
8334517
8334531
8334847
8334919
8334983
8335103
8335333
8335477
8335609
8335669
8335889
8336135
8336699
8336791
8336909
8337061
8337265
8337409
8337525
8337731
8337885
8337925
8337931
8337937
8337989
8338275
8338299
8338335
8338469
8338643
8338683
8338795
8339195
8339315
8339331
8339383
8339477
8339727
8339991
8340051
8340109
8340207
8340397
8340619
8341183
8341221
8341233
8341607
8341619
8341771
8341937
8342259
8342335
8342359
8342537
8342721
8342821
8342843
8342937
8342961
8343185
8343215
8343327
8343661
8344015
8344067
8344227
8344571
8344791
8345045
8345121
8345153
8345165
8345183
8345189
8345405
8345451
8345475
8345689
8345865
8345999
8346503
8346505
8346725
8346805
8347053
8347223
8347361
8347731
8347783
8347821
8347995
8348181
8348213
8348227
8348299
8348317
8348415
8348561
8348725
8348951
8349157
8349373
8349619
8349815
8350017
8350575
8350585
8350959
8350995
8351211
8351341
8352209
8352267
8352449
8352561
8352591
8353097
8353205
8353255
8353263
8353299
8353607
8353731
8353857
8353983
8354239
8354289
8354471
8354563
8354915
8354939
8355019
8355061
8355289
8355297
8355325
8355899
8356213
8356367
8356523
8356805
8356873
8357121
8357307
8357349
8357389
8357491
8357575
8357581
8357653
8357729
8357873
8358009
8358207
8358363
8358427
8358641
8358707
8358861
8359073
8359285
8359365
8359423
8359467
8359523
8359611
8359839
8360013
8360135
8360207
8360215
8360383
8360447
8360523
8360623
8360733
8360783
8361131
8361591
8361715
8361949
8362013
8362117
8362439
8362717
8362973
8363117
8363241
8363285
8363659
8363725
8363915
8364105
8364461
8364469
8364699
8364703
8364777
8364783
8365029
8365195
8365217
8365787
8365969
8365985
8366111
8366285
8366319
8366545
8366573
8366617
8367259
8367285
8367465
8367559
8367563
8367651
8367687
8367819
8367843
8368067
8368357
8368359
8368439
8368793
8369199
8369209
8369301
8369679
8369795
8369843
8369915
8370021
8370243
8370257
8370369
8370433
8370441
8370483
8370505
8370549
8370565
8370645
8370859
8371123
8371179
8371267
8371637
8372131
8372141
8372289
8372385
8372631
8372751
8372803
8372807
8373777
8373979
8374229
8374393
8374439
8374763
8374765
8374893
8374959
8375001
8375073
8375187
8375217
8375363
8375381
8375587
8375617
8375633
8375655
8375883
8375969
8376137
8376405
8376549
8376683
8376785
8377033
8377265
8377301
8377303
8377891
8377903
8378015
8378221
8378239
8378293
8378297
8378595
8378663
8378799
8378833
8379139
8379367
8379683
8379715
8380111
8380125
8380877
8381143
8381503
8381667
8381739
8381927
8382081
8382091
8382137
8382487
8382631
8382633
8382787
8382865
8382929
8383263
8383269
8383271
8383391
8383443
8383529
8383555
8383681
8383783
8383829
8384239
8384543
8384685
8384935
8384983
8385271
8385287
8385333
8385411
8385775
8385911
8385989
8386115
8386371
8386765
8386779
8386907
8386931
8387051
8387067
8387163
8387169
8387253
8387431
8387597
8387763
8387783
8387949
8388149
8388207
8388225
8388367
8388709
8388773
8388841
8388997
8389157
8389355
8389421
8389503
8389609
8389769
8389821
8390015
8390031
8390077
8390097
8390111
8390179
8390417
8390427
8390563
8390989
8391177
8391307
8391421
8391699
8391725
8392215
8392339
8392433
8392795
8393091
8393159
8393169
8393343
8393421
8393427
8393651
8393755
8394035
8394069
8394147
8394205
8394239
8394317
8394533
8394669
8394735
8394803
8394863
8395053
8395259
8395261
8395325
8395421
8395649
8395681
8396041
8396057
8396063
8396071
8396177
8396197
8396265
8396365
8396489
8396591
8396613
8396651
8396703
8396793
8396841
8396903
8396929
8397013
8397027
8397081
8397097
8397139
8397499
8398497
8398609
8398781
8398937
8398975
8399183
8399437
8400083
8400309
8400343
8400457
8400565
8400611
8400681
8400819
8401061
8401661
8401813
8401847
8401935
8402089
8402209
8402273
8402313
8403111
8403407
8403527
8403531
8403601
8403681
8403743
8403823
8404029
8404247
8404395
8404617
8404871
8404911
8404959
8405029
8405133
8405585
8405675
8405761
8405919
8406201
8406205
8406349
8406369
8406417
8406449
8406499
8406549
8406689
8406849
8407125
8407911
8408213
8408269
8408501
8408809
8408847
8408947
8409077
8409123
8409475
8409541
8409571
8409729
8409917
8409937
8410017
8410123
8410225
8410311
8410757
8411101
8411457
8411753
8411809
8412047
8412533
8412547
8412581
8412605
8412639
8412769
8412791
8413237
8413299
8413403
8413803
8413821
8414311
8414543
8414951
8414953
8414965
8415111
8415213
8415339
8415775
8415779
8415879
8416041
8416173
8416269
8416297
8416543
8416593
8416673
8416755
8416805
8416809
8416933
8417005
8417023
8417227
8417247
8417297
8417445
8417563
8417863
8417871
8417925
8418087
8418151
8418247
8418343
8418615
8418645
8418669
8419123
8419207
8419499
8419573
8419627
8419709
8419973
8420037
8420059
8420199
8420271
8420273
8420347
8420425
8420439
8420447
8420515
8420961
8420991
8421071
8421117
8421131
8421133
8421159
8421325
8421419
8421439
8421447
8421483
8421601
8421607
8422111
8422231
8422375
8422409
8422465
8422479
8422501
8422691
8422833
8422853
8422971
8423001
8423015
8423059
8423089
8423217
8423289
8423343
8423533
8423675
8423681
8424095
8424321
8424491
8424605
8424651
8424685
8424727
8424785
8425505
8425557
8425763
8425985
8426019
8426267
8426357
8426381
8426655
8426735
8426875
8426901
8427001
8427037
8427085
8427121
8427213
8427315
8427633
8427687
8428527
8428879
8428901
8428911
8429003
8429055
8429235
8429319
8429377
8429537
8429719
8430043
8430131
8430321
8430341
8430707
8430903
8431135
8431143
8431171
8431375
8431565
8431595
8431657
8431759
8431803
8432105
8432113
8432217
8432513
8432647
8432677
8432819
8432993
8433009
8433165
8433285
8433301
8433345
8433507
8433575
8433583
8433999
8434027
8434047
8434049
8434239
8434649
8434701
8434721
8434949
8434979
8435011
8435623
8435855
8435871
8435961
8436473
8436587
8436689
8436727
8436779
8436783
8436821
8436839
8437059
8437219
8437329
8437331
8437351
8437527
8437719
8438019
8438329
8438447
8438619
8438823
8438879
8439111
8439635
8439753
8439873
8439885
8439955
8440349
8440525
8440645
8440757
8440769
8440889
8441085
8441103
8441269
8441437
8441439
8441719
8441745
8441797
8441823
8441867
8442001
8442103
8442137
8442141
8442261
8442539
8442689
8442693
8442707
8442877
8442905
8443303
8443327
8443425
8443505
8443591
8443703
8443809
8443903
8444053
8444363
8444799
8444911
8444965
8445219
8445415
8445585
8445849
8445881
8446243
8446579
8446717
8446923
8447123
8447267
8447297
8447607
8447773
8447865
8448197
8448445
8448883
8449033
8449077
8449251
8449325
8449379
8449663
8449921
8450069
8450073
8450339
8450513
8450805
8450899
8451035
8451315
8451549
8451661
8451729
8451991
8452119
8452183
8452263
8452399
8452417
8452471
8452481
8452521
8452579
8452581
8452685
8452749
8452861
8452907
8452959
8453391
8453771
8453889
8454115
8454355
8454533
8454735
8454737
8454769
8454793
8454875
8454989
8455355
8455569
8455651
8456053
8456253
8456291
8456553
8456649
8456739
8457065
8457181
8457207
8457461
8457713
8457725
8457737
8457953
8457991
8458531
8458801
8459259
8459775
8459895
8460045
8460355
8460407
8460421
8460679
8460777
8460779
8460903
8460923
8461145
8461161
8461221
8461285
8461311
8461883
8462001
8462229
8462785
8462881
8463141
8463219
8463305
8463333
8463391
8463611
8463621
8463767
8463779
8463981
8464087
8464129
8464135
8464291
8464349
8464389
8464431
8464499
8464593
8464715
8464793
8464811
8464903
8465045
8465091
8465795
8466069
8466327
8466387
8466519
8466607
8466739
8466767
8466789
8466807
8467045
8467221
8467241
8467253
8467275
8467327
8467353
8467399
8467529
8467685
8467773
8467839
8467845
8467869
8467891
8467917
8468001
8468095
8468137
8468409
8468593
8468635
8468917
8468961
8469029
8469165
8469377
8469617
8470341
8470477
8470491
8470587
8470643
8470821
8470921
8471061
8471179
8471519
8471665
8471685
8471781
8471845
8471861
8471901
8471981
8471995
8471997
8472119
8472185
8472423
8472493
8472569
8472637
8472723
8472975
8472991
8473183
8473207
8473283
8473445
8473531
8473553
8473585
8473587
8473603
8474175
8474241
8474275
8474345
8474527
8474573
8474575
8474607
8474679
8474723
8474829
8474865
8474903
8474915
8475007
8475183
8475197
8475325
8475477
8475497
8475633
8475861
8476111
8476125
8476277
8476311
8476711
8476901
8477209
8477239
8477273
8477369
8477443
8477597
8477639
8477897
8478013
8478029
8478061
8478411
8478467
8478469
8478507
8478689
8478795
8479353
8479511
8479567
8479583
8479829
8479939
8480147
8480909
8480981
8481319
8481437
8481463
8481671
8481675
8481827
8481945
8481971
8482141
8482395
8482501
8482625
8482691
8482699
8482815
8482875
8482889
8482897
8482977
8483053
8483171
8483307
8483457
8483481
8483599
8483767
8483899
8484009
8484083
8484217
8484599
8484917
8485093
8485191
8485199
8485359
8485375
8485823
8485989
8486313
8486325
8486529
8486645
8486733
8487029
8487211
8487323
8487507
8487567
8487641
8487701
8488049
8488125
8488341
8488387
8488529
8488773
8488857
8489053
8489249
8489487
8489517
8489571
8489581
8489587
8489619
8489993
8490315
8490499
8490867
8490945
8491023
8491033
8491105
8491117
8491119
8491167
8491447
8491595
8491899
8491933
8491945
8491985
8492193
8492509
8492969
8493055
8493279
8493287
8493309
8493315
8493333
8493437
8493483
8493599
8493673
8493693
8493723
8493987
8494295
8494409
8494499
8494675
8494933
8495137
8495241
8495267
8495313
8495367
8495455
8495475
8495677
8495683
8495787
8495791
8495923
8495961
8496215
8496483
8496891
8497453
8497593
8497773
8498223
8498583
8498731
8498759
8499033
8499319
8499623
8499647
8499857
8499883
8499955
8500075
8500341
8500435
8500575
8500837
8500945
8500999
8501121
8501285
8501751
8501973
8502421
8502621
8502695
8503343
8503421
8503449
8503453
8503629
8503831
8503903
8503957
8504133
8504389
8504403
8504557
8504559
8505011
8505237
8505781
8505969
8506057
8506101
8506161
8506227
8506241
8506335
8506385
8506601
8506807
8506845
8506897
8507051
8507073
8507099
8507299
8507805
8507821
8507847
8508071
8508099
8508279
8508295
8508457
8508485
8508497
8508529
8508665
8508695
8508835
8508871
8508903
8509063
8509279
8509289
8509321
8509539
8509627
8509815
8509859
8509935
8510051
8510101
8510325
8510399
8510547
8510767
8510863
8511103
8511497
8511549
8511591
8511771
8511797
8511885
8512203
8512303
8512503
8512749
8512863
8512871
8512905
8513013
8513289
8513601
8513701
8513753
8513879
8513925
8514217
8514231
8514321
8514361
8514571
8514777
8514981
8515033
8515175
8515181
8515239
8515359
8515411
8515431
8515613
8515749
8515819
8515955
8516011
8516123
8516237
8516261
8516275
8516871
8517069
8517245
8517311
8517583
8517667
8517719
8517753
8517845
8517887
8518015
8518233
8518371
8518481
8518611
8518811
8519387
8519745
8519931
8520035
8520147
8520169
8520359
8520471
8520655
8520847
8521363
8521499
8521725
8521767
8521857
8521875
8522031
8522319
8522343
8522639
8523187
8523909
8523973
8524061
8524203
8524343
8524347
8524735
8525455
8525561
8525659
8526033
8526167
8526303
8526421
8526593
8526671
8527121
8527181
8527717
8527801
8527845
8527893
8527901
8528387
8528489
8528849
8528973
8529009
8529187
8529207
8529247
8529417
8529473
8529621
8529847
8529873
8529929
8530083
8530215
8530459
8530667
8530697
8530701
8530819
8530827
8530945
8530983
8531003
8531157
8531307
8531437
8531529
8531799
8532453
8532789
8532837
8532973
8533007
8533017
8533165
8533375
8533449
8533705
8533799
8533979
8533983
8534033
8534185
8534623
8534767
8534793
8535563
8535615
8535883
8535995
8536059
8536099
8536223
8536239
8536411
8536617
8536795
8536799
8536845
8537115
8537211
8537341
8537439
8537455
8537687
8537813
8537823
8538469
8538499
8538541
8538637
8538801
8538953
8539215
8539463
8539471
8539591
8539729
8539773
8539855
8540127
8540169
8540259
8540433
8540779
8541013
8541237
8541339
8541503
8541531
8541575
8541643
8542123
8542159
8542199
8542257
8542361
8542415
8542429
8542701
8542777
8542815
8543273
8543343
8543403
8543567
8543777
8543875
8544277
8544327
8544497
8544521
8544587
8544767
8544841
8544881
8545077
8545187
8545265
8545313
8545321
8545513
8545545
8545943
8546031
8546501
8546587
8546619
8546755
8546967
8547151
8547199
8547395
8547487
8547527
8547579
8547681
8547857
8547971
8547975
8548111
8548203
8548599
8548815
8548911
8549111
8549171
8549277
8549469
8549505
8549835
8550387
8550389
8550469
8550737
8550741
8550993
8551113
8551165
8551219
8551447
8551547
8551727
8552213
8552371
8552425
8552495
8552509
8552523
8552597
8552603
8552675
8552703
8552751
8553115
8553185
8553233
8553273
8553483
8553621
8553693
8553729
8553991
8553995
8554071
8554151
8554221
8554489
8554869
8554897
8554963
8555077
8555313
8555501
8555511
8555545
8555845
8556027
8556379
8556395
8556437
8556467
8556985
8557125
8557385
8557899
8557991
8558153
8558175
8558247
8558257
8558271
8558285
8558323
8558489
8558529
8558651
8558795
8558935
8558985
8559087
8559243
8559261
8559501
8559729
8560017
8560019
8560281
8560303
8560811
8560867
8560885
8560957
8561057
8561063
8561635
8561655
8561695
8561729
8562027
8562129
8562397
8562741
8562847
8562863
8562943
8563187
8563223
8563309
8563411
8563963
8563993
8563997
8564069
8564181
8564199
8564241
8564501
8564505
8564553
8564633
8564875
8565013
8565155
8565381
8565837
8566063
8566085
8566337
8566343
8566473
8566595
8566601
8566869
8567013
8567185
8567233
8567293
8567801
8567809
8567931
8568201
8568219
8568359
8568401
8568445
8568569
8568951
8568991
8569021
8569323
8569375
8569457
8569963
8570051
8570123
8570453
8570473
8570479
8570487
8570567
8570581
8570585
8571087
8571191
8571205
8571233
8571245
8571297
8571623
8571637
8571661
8571825
8571885
8571923
8572135
8572589
8572769
8572985
8573039
8573143
8573705
8574143
8574215
8574329
8574359
8574797
8575015
8575151
8575171
8575245
8575279
8575473
8575819
8575839
8575841
8575923
8576007
8576251
8576319
8576513
8576745
8577003
8577089
8577131
8577263
8577437
8577499
8577735
8577747
8577757
8577893
8577997
8578161
8578857
8578957
8579055
8579187
8579327
8579333
8579417
8579511
8579897
8579963
8580373
8580403
8580737
8580865
8580935
8581191
8581537
8581603
8581647
8581667
8581895
8581935
8582203
8582425
8582731
8582847
8582951
8583069
8583127
8583199
8583545
8583891
8584133
8584173
8584275
8584369
8584645
8584771
8584855
8584883
8584949
8585123
8585543
8585571
8585659
8585689
8585725
8585881
8586019
8586029
8586047
8586129
8586497
8586561
8586577
8586647
8586723
8586725
8586775
8586781
8586953
8587399
8588021
8588255
8588267
8588289
8588319
8588343
8588425
8588477
8588515
8588735
8588773
8588821
8588927
8589313
8589731
8589811
8590013
8590215
8590307
8590623
8590671
8590779
8590797
8590853
8590977
8591001
8591151
8591271
8591383
8591565
8591629
8591777
8591931
8592067
8592223
8592379
8593067
8593187
8593361
8593363
8593445
8593535
8593591
8593707
8593737
8593843
8594043
8594047
8594109
8594193
8594981
8595001
8595111
8595113
8595169
8595261
8595383
8595421
8595641
8595775
8595817
8595853
8596493
8596563
8596961
8596985
8597181
8597209
8597347
8597435
8597691
8597779
8597833
8597879
8597923
8597945
8598001
8598087
8598167
8598555
8598591
8598659
8598663
8598665
8598861
8598899
8598937
8599207
8599309
8599493
8599909
8600005
8600161
8600441
8600507
8600731
8600793
8600837
8600867
8600935
8600983
8601051
8601091
8601101
8601321
8601475
8601501
8601531
8601701
8601731
8602131
8602337
8602359
8602789
8603039
8603099
8603183
8603187
8603229
8603493
8603639
8603649
8603987
8604091
8604581
8604585
8604823
8604915
8605035
8605077
8605421
8605541
8605693
8605725
8605787
8606051
8606265
8606311
8606423
8607051
8607155
8607215
8607457
8607565
8607635
8607659
8607759
8607781
8607851
8608001
8608229
8608233
8608313
8608331
8608469
8608535
8608581
8608615
8608645
8608739
8609107
8609237
8609247
8609667
8609693
8609773
8609851
8610195
8610243
8610445
8610709
8610995
8611243
8611265
8611397
8611577
8611819
8611847
8611875
8612001
8612215
8612363
8612609
8613033
8613247
8613269
8613385
8613391
8613423
8613515
8613543
8613621
8613667
8613849
8614259
8614307
8614601
8614863
8615293
8615321
8615391
8615447
8615981
8616377
8616453
8616583
8616679
8616751
8616849
8616855
8616917
8616967
8617011
8617223
8617241
8617451
8617517
8617883
8618071
8618129
8618153
8618323
8618359
8618369
8618461
8618687
8619403
8619417
8619423
8619473
8619589
8619639
8620145
8620209
8620295
8620321
8620333
8620351
8620425
8620651
8620803
8621055
8621187
8621251
8621441
8621679
8621973
8621979
8622103
8622521
8622851
8623185
8623317
8623395
8623605
8623795
8623929
8623931
8623957
8624087
8624123
8624215
8624465
8624597
8624721
8624835
8625047
8625261
8625795
8625893
8625941
8626025
8626097
8626277
8626477
8626505
8626635
8626683
8626693
8626781
8627079
8627285
8627337
8627569
8627645
8627663
8627669
8627691
8627761
8627805
8627875
8628263
8628537
8628711
8628779
8628907
8628917
8629045
8629121
8629133
8629191
8629263
8629331
8629341
8629413
8629443
8629501
8629531
8629653
8629719
8629967
8630219
8630327
8630331
8630403
8630425
8630579
8630755
8630813
8630837
8630903
8631163
8631339
8631403
8631583
8631889
8632283
8632359
8632363
8632401
8632447
8632529
8632577
8632789
8632793
8632965
8633135
8633165
8633253
8633411
8633475
8633583
8633717
8633801
8633811
8633865
8633895
8634123
8634171
8634187
8634203
8634689
8635053
8635179
8635207
8635409
8635415
8635695
8635761
8635913
8635985
8636043
8636425
8636479
8636485
8636803
8636827
8636851
8636933
8636937
8636973
8636983
8637013
8637089
8637331
8637339
8637485
8637527
8637571
8637909
8638057
8638149
8638179
8638191
8638477
8638637
8638743
8638939
8639181
8639209
8639229
8639311
8639345
8639489
8639545
8639669
8639777
8639859
8639881
8639953
8639975
8639977
8640103
8640241
8640293
8640335
8640381
8640475
8640549
8640567
8640747
8640869
8640943
8641087
8641201
8641763
8641895
8641951
8641971
8642053
8642163
8642417
8642433
8642497
8642563
8642711
8642715
8643063
8643257
8643409
8643555
8643559
8643621
8643885
8644001
8644047
8644059
8644211
8644609
8644727
8644733
8644887
8644911
8645251
8645395
8645401
8645409
8645493
8645563
8646373
8646495
8646515
8646527
8646553
8646615
8646777
8646983
8647093
8647151
8647163
8647213
8647485
8647607
8647901
8648041
8648071
8648249
8648251
8648293
8648299
8648471
8648689
8649065
8649085
8649197
8649351
8649365
8649407
8649435
8649585
8649929
8650101
8650239
8650395
8650399
8650415
8650419
8650425
8650441
8651155
8651327
8651563
8651919
8651971
8651999
8652211
8652249
8652321
8652415
8652503
8652983
8653075
8653287
8653399
8653513
8653523
8653555
8653813
8653847
8654247
8654437
8654447
8654475
8654507
8654515
8654549
8654695
8654701
8654737
8654833
8655021
8655131
8655183
8655603
8655705
8655829
8655991
8656041
8656245
8656281
8656291
8656345
8656679
8656919
8657009
8657177
8657251
8657445
8657465
8657557
8657641
8657771
8657789
8657903
8658311
8658443
8658795
8658873
8658995
8659007
8659071
8659565
8659745
8659855
8660139
8660347
8660605
8660927
8660947
8660991
8661083
8661085
8661147
8661199
8661447
8661491
8661515
8661527
8661577
8661595
8661651
8661677
8661791
8661969
8662105
8662123
8662161
8662169
8662389
8663141
8663163
8663237
8663281
8663303
8663561
8663939
8663957
8664253
8664353
8664479
8664573
8664775
8664985
8665203
8665237
8665571
8665809
8665919
8666009
8666351
8666455
8666521
8666811
8666849
8667067
8667101
8667239
8667379
8667391
8667625
8668395
8668539
8668605
8668883
8669045
8669107
8669675
8669739
8669767
8669777
8669789
8669881
8670009
8670235
8670239
8670273
8670513
8670641
8670765
8670833
8670881
8670889
8671241
8671259
8671273
8671505
8671545
8672027
8672165
8672207
8672625
8672693
8672723
8672739
8672771
8672779
8672825
8672873
8673279
8673377
8673435
8673439
8673485
8673559
8673575
8673737
8673813
8674033
8674063
8674135
8674403
8674735
8674779
8674785
8675067
8675265
8675353
8675777
8675925
8675987
8676139
8676149
8676217
8676223
8676325
8676515
8676619
8676791
8676835
8676839
8677307
8677341
8677427
8677553
8677601
8677613
8677831
8677989
8678001
8678099
8678119
8678375
8678393
8678463
8678505
8678547
8678601
8678633
8678635
8678831
8678953
8679219
8679421
8679637
8679781
8679811
8679815
8680185
8680187
8680539
8680553
8680839
8681009
8681131
8681217
8681221
8681283
8681511
8681587
8681867
8682003
8682015
8682163
8682271
8682375
8682447
8682459
8682811
8682855
8683191
8683199
8683409
8683775
8683909
8684503
8684547
8684569
8684607
8684807
8685395
8685629
8685885
8686011
8686219
8686437
8686609
8686697
8686847
8687099
8687235
8687249
8687269
8687367
8687543
8687545
8687587
8687705
8687945
8688023
8688057
8688073
8688111
8688263
8688283
8688477
8688765
8689009
8689153
8689283
8689529
8689571
8689753
8689819
8689915
8690129
8690473
8690571
8690609
8691031
8691081
8691181
8691193
8691259
8691455
8691547
8691767
8691887
8691923
8692061
8692341
8692471
8692529
8692881
8692969
8693051
8693057
8693075
8693287
8693553
8693667
8693905
8693969
8694043
8694167
8694291
8694325
8694411
8694461
8694587
8694635
8694873
8695083
8695233
8695241
8695341
8695585
8695649
8695823
8695905
8696143
8696157
8696829
8696883
8696973
8696983
8697143
8697223
8697745
8697865
8697899
8697923
8698075
8698079
8698097
8698165
8698283
8698329
8698397
8698401
8698593
8698595
8698789
8698837
8699045
8699063
8699071
8699119
8699273
8699405
8699583
8699957
8699989
8700053
8700225
8700251
8700583
8700611
8700803
8700977
8701021
8701213
8701249
8701347
8701391
8701605
8701735
8701763
8701875
8701931
8702199
8702433
8702465
8702917
8702941
8702947
8703069
8703101
8703147
8703405
8703469
8704383
8704465
8704471
8704505
8704741
8704761
8704975
8705099
8705411
8705633
8705965
8705997
8706003
8706019
8706077
8706115
8706597
8706677
8706803
8706865
8707129
8707145
8707209
8707333
8707441
8707547
8707933
8707941
8708007
8708385
8708479
8708693
8708869
8708923
8709237
8709469
8709537
8709593
8710143
8710327
8710513
8710877
8710925
8711067
8711097
8711221
8711279
8711341
8711581
8711633
8711641
8711693
8711761
8711877
8712061
8712063
8712073
8712115
8712161
8712297
8712383
8712543
8713151
8713161
8713201
8713259
8713275
8713343
8713511
8713567
8713661
8713929
8713933
8714093
8714255
8714319
8714499
8714643
8714779
8714825
8715059
8715333
8715385
8715797
8715935
8715973
8716427
8716463
8716953
8716975
8717001
8717243
8717351
8717375
8717397
8717567
8717587
8717603
8717835
8717871
8717875
8717951
8717967
8718325
8718419
8718609
8718749
8718783
8718797
8718807
8718857
8718867
8718883
8718893
8718983
8718987
8718995
8719065
8719133
8719347
8719435
8719581
8719609
8719647
8719655
8719681
8719771
8720405
8720563
8720571
8720731
8720871
8720893
8721131
8721137
8721359
8721363
8721431
8721667
8721685
8721771
8721847
8722865
8722943
8723051
8723053
8723477
8723487
8723623
8723829
8723877
8724013
8724259
8724303
8724515
8724705
8724743
8724879
8724927
8724977
8725071
8725335
8725659
8725747
8726039
8726137
8726517
8726643
8726767
8726797
8726863
8726913
8727029
8727201
8727225
8727791
8728255
8728467
8728491
8728619
8728669
8728851
8728897
8729107
8729165
8729995
8730035
8730275
8730299
8730359
8730377
8730539
8730615
8730685
8731145
8731255
8731279
8731377
8731507
8731769
8731835
8731875
8731881
8732227
8732287
8732347
8732377
8732923
8733137
8733177
8733235
8733333
8733663
8733767
8733883
8733973
8734039
8734173
8734259
8734295
8734349
8734355
8734385
8734657
8734671
8734737
8734973
8735133
8735225
8735343
8736003
8736383
8736403
8736477
8736529
8736549
8736885
8736889
8736901
8737073
8737127
8737135
8737249
8737395
8737865
8737935
8738069
8738209
8738249
8738429
8738747
8738853
8738885
8739143
8739217
8739247
8739283
8739297
8739385
8739509
8739569
8739633
8739645
8739717
8740013
8740177
8740349
8740367
8740885
8740909
8740911
8740913
8740939
8740945
8741027
8741045
8741199
8741213
8741733
8741787
8741843
8741945
8741975
8741991
8742063
8742177
8742269
8742335
8742761
8742883
8742959
8743001
8743123
8743201
8743233
8743525
8743793
8744103
8744293
8744719
8744729
8744829
8744885
8744911
8744953
8745039
8745107
8745293
8745385
8745415
8745437
8745651
8746223
8746261
8746265
8746505
8746555
8746563
8746825
8746867
8746881
8746963
8747395
8747405
8747607
8747691
8747823
8747945
8747965
8747991
8748075
8748137
8748181
8748283
8748321
8748349
8748401
8748717
8748833
8748853
8748859
8748961
8749067
8749183
8749379
8749405
8749563
8749601
8749801
8749969
8749999
8750239
8750763
8750997
8751031
8751069
8751239
8751447
8751613
8751735
8751875
8752163
8752361
8752587
8753137
8753201
8753373
8753451
8753469
8753507
8753641
8753677
8753885
8754003
8754179
8754277
8754349
8754369
8754379
8754977
8755245
8755455
8755633
8755939
8756041
8756075
8756473
8756869
8756989
8757069
8757191
8757243
8757247
8757447
8757531
8757593
8757787
8757851
8757931
8758201
8758203
8758277
8758319
8758469
8758659
8758709
8758941
8759071
8759189
8759347
8759371
8759717
8759949
8759967
8760011
8760141
8760229
8760885
8760935
8760973
8761023
8761137
8761227
8761375
8761379
8761385
8761613
8761649
8761685
8762145
8762207
8762223
8762603
8762631
8762761
8762953
8763837
8763919
8763953
8764039
8764135
8764209
8764221
8764253
8764299
8764367
8764567
8764737
8765383
8765789
8765903
8765981
8766331
8766427
8766465
8766609
8766665
8766771
8767009
8767319
8767375
8767387
8767413
8767641
8767673
8767679
8767715
8768085
8768131
8768265
8768323
8768445
8768455
8768517
8768979
8768995
8769011
8769305
8769383
8769391
8769413
8769473
8769637
8770065
8770391
8770757
8770915
8771041
8771047
8771075
8771607
8772009
8772129
8772293
8772425
8772703
8772737
8772763
8773013
8773137
8773401
8773469
8773629
8773657
8773729
8773843
8773947
8774063
8774135
8774277
8774497
8774503
8774665
8774827
8775147
8775167
8775855
8776419
8776425
8776525
8777007
8777337
8777459
8777577
8777599
8777615
8777761
8777807
8778333
8778509
8778563
8778757
8778861
8779123
8779617
8779975
8779987
8780213
8780397
8780421
8780675
8780721
8780809
8780935
8781297
8781409
8781417
8781433
8781451
8781453
8781685
8781737
8781779
8782025
8782083
8782197
8782223
8782275
8782419
8782543
8782703
8782809
8782861
8782875
8783193
8783215
8783425
8783737
8783793
8783831
8783865
8784217
8784261
8784475
8784481
8784645
8784883
8785121
8785381
8785517
8785585
8785853
8785991
8786355
8786797
8787159
8787485
8787517
8787653
8787675
8787811
8787817
8787897
8787915
8788053
8788153
8788165
8788469
8788611
8788653
8788707
8788737
8789045
8789201
8789807
8789813
8790139
8790143
8790185
8790211
8790325
8790387
8790841
8790891
8790905
8791069
8791413
8791519
8791577
8792059
8792353
8792535
8793017
8793053
8793131
8793225
8793393
8793497
8793809
8794221
8794569
8794703
8794739
8795655
8795789
8795877
8795883
8795963
8795977
8795985
8796159
8796397
8796477
8796621
8796635
8797165
8797687
8797803
8797935
8798123
8798171
8798475
8798515
8798521
8798655
8798739
8798889
8799107
8799165
8799503
8799545
8799659
8800619
8800649
8800735
8800769
8800915
8800955
8800967
8801327
8801519
8801527
8801637
8801679
8801973
8802395
8802547
8802607
8803291
8803637
8803741
8803891
8803999
8804045
8804047
8804067
8804449
8804661
8804713
8805153
8805213
8805321
8805489
8805561
8805843
8805869
8806231
8806369
8806639
8806645
8806861
8806907
8807113
8807119
8807361
8807393
8807423
8807579
8807699
8808219
8808389
8808651
8808737
8808911
8808961
8809161
8809169
8809197
8809371
8809637
8809697
8809715
8809729
8809989
8810037
8810273
8810459
8810475
8810733
8810741
8811007
8811705
8811831
8811967
8812087
8812117
8812353
8812785
8812941
8812959
8813005
8813083
8813121
8813291
8813533
8813809
8814331
8814425
8814569
8814583
8814639
8814645
8814675
8814715
8814827
8814915
8814921
8815221
8815233
8815291
8815423
8815569
8815627
8815983
8815991
8816083
8816159
8816181
8816323
8816553
8816899
8817213
8817315
8817537
8817577
8817623
8817829
8818001
8818115
8818231
8818237
8818339
8818361
8818531
8818741
8819021
8819045
8819141
8819263
8819495
8819637
8819931
8820043
8820213
8820347
8820441
8820533
8820621
8820913
8821013
8821019
8821307
8821413
8821417
8821463
8821705
8821721
8821839
8821861
8822217
8822653
8822733
8822739
8822823
8823187
8823233
8823291
8823733
8823817
8824023
8824071
8824393
8824429
8824553
8824641
8824657
8824781
8825143
8825383
8825463
8825585
8825697
8825713
8825831
8825869
8826073
8826275
8826317
8826549
8826625
8826681
8826725
8826775
8826829
8826947
8827117
8827123
8827439
8827485
8827621
8827635
8827707
8827799
8827949
8828249
8828273
8828407
8828667
8828723
8828819
8829019
8829315
8829357
8829713
8829915
8830013
8830157
8830213
8830461
8830565
8830699
8830725
8830811
8830885
8831031
8831225
8831233
8831435
8831579
8831585
8831733
8831811
8831919
8832145
8832219
8832343
8832379
8832479
8832507
8832543
8832801
8832941
8833169
8833267
8833337
8833381
8833419
8833737
8833751
8833793
8833885
8833913
8833939
8834003
8834239
8834251
8834569
8834687
8834809
8834897
8835717
8835757
8836367
8836541
8836829
8836919
8836943
8837153
8837799
8837977
8838089
8838201
8838269
8838305
8838517
8838631
8838683
8838743
8838843
8838891
8839221
8839415
8839785
8839787
8839789
8840145
8840247
8840349
8840423
8840615
8840807
8840837
8840879
8840939
8841065
8841569
8841719
8841767
8841769
8841963
8841989
8842097
8842175
8842317
8842495
8842831
8842943
8842955
8843085
8843165
8843229
8843327
8843429
8843461
8843515
8843693
8843769
8843837
8843883
8844039
8844887
8845195
8845425
8845553
8845745
8845793
8846137
8846483
8846511
8846543
8846753
8846967
8847013
8847215
8847339
8847713
8848425
8848785
8849261
8849315
8849333
8849463
8849479
8849499
8849501
8849647
8849831
8849907
8849965
8849991
8849997
8850113
8850573
8850621
8850643
8850751
8850781
8850871
8850885
8851151
8851167
8851177
8851231
8851445
8851495
8851545
8851727
8851783
8851825
8852185
8852323
8852433
8852509
8852711
8852799
8852977
8853427
8853445
8854025
8854087
8854159
8854305
8854397
8854661
8854821
8855161
8855175
8855319
8855367
8855827
8855853
8856189
8856257
8856429
8856599
8856793
8857161
8857201
8857327
8857567
8857585
8857875
8857991
8858069
8858145
8858271
8859013
8859273
8859409
8859529
8859827
8859915
8860135
8860199
8860403
8860573
8860647
8860875
8861047
8861145
8861211
8861715
8861733
8861819
8861939
8861975
8862005
8862269
8862301
8862955
8862965
8863101
8863287
8863495
8864077
8864109
8864127
8864263
8864337
8864379
8864411
8864559
8864573
8864689
8865121
8865177
8865393
8865535
8865715
8865763
8865885
8865931
8865969
8866013
8866621
8866677
8866729
8867079
8867127
8867133
8867171
8867321
8867335
8867603
8867689
8868105
8868113
8868117
8868151
8868191
8868329
8868507
8868559
8868755
8868837
8869171
8869291
8869347
8869867
8870277
8870393
8870591
8870641
8871069
8871231
8871357
8871781
8871799
8871801
8872173
8872187
8872555
8872843
8873031
8873265
8873285
8873325
8873609
8873709
8874037
8874109
8874485
8874495
8874583
8874639
8874913
8874987
8875217
8875345
8875429
8875547
8875589
8875843
8876077
8876379
8876969
8876987
8877033
8877131
8877219
8877431
8877531
8877817
8878273
8878611
8878709
8878911
8878975
8878979
8879111
8879143
8879317
8879459
8879679
8879755
8880059
8880201
8880333
8880339
8880551
8880557
8880745
8880995
8881161
8881185
8881353
8881557
8881603
8881653
8881829
8881869
8881927
8882049
8882251
8882343
8882917
8883203
8883459
8883581
8883773
8883799
8883929
8884153
8884173
8884213
8884369
8884399
8884489
8884503
8884611
8884663
8884857
8885329
8885381
8885399
8885409
8885513
8885765
8885827
8886213
8886851
8886877
8886931
8886951
8887007
8887023
8887757
8887793
8887859
8887867
8888343
8888679
8888699
8888901
8888975
8889009
8889097
8889237
8889271
8889449
8889479
8889485
8889571
8889633
8889635
8889863
8889873
8890143
8890165
8890257
8890861
8891059
8891389
8891427
8891433
8891557
8892061
8892073
8892117
8892283
8892453
8892889
8892971
8893225
8893377
8893403
8893627
8893703
8893827
8894117
8894147
8894809
8894917
8895181
8895231
8895955
8896127
8896333
8896469
8896583
8896667
8896675
8897005
8897017
8897049
8897095
8897319
8897559
8897611
8898075
8898173
8898223
8898321
8898417
8898553
8898793
8898865
8898909
8898967
8899015
8899063
8899079
8899229
8899233
8899461
8899479
8899563
8899801
8899867
8899939
8900077
8900227
8900319
8900361
8900673
8900707
8900717
8900781
8900817
8900875
8900911
8900955
8901181
8901253
8901377
8901387
8901425
8901505
8901543
8901627
8901745
8902433
8902475
8902527
8902763
8902815
8902923
8903035
8903135
8903153
8903199
8903249
8903323
8903353
8903583
8903739
8903767
8903947
8904119
8904251
8904379
8904787
8904889
8904963
8905013
8905035
8905165
8905229
8905593
8905837
8905919
8906007
8906083
8906199
8906383
8906393
8906541
8906549
8906585
8906623
8906753
8906949
8906969
8907077
8907127
8907313
8908093
8908173
8908587
8908597
8908735
8908863
8909317
8909487
8909505
8909797
8909821
8909833
8909869
8909927
8910053
8910083
8910177
8910205
8910349
8910531
8910729
8910765
8910819
8910947
8911117
8911141
8911189
8911423
8911779
8911787
8911989
8912045
8912049
8912337
8912345
8912361
8912375
8912395
8912405
8912551
8912553
8912577
8912789
8913023
8913175
8913319
8913505
8913521
8913549
8913589
8913639
8913797
8913897
8914013
8914353
8914559
8914729
8914809
8914861
8914955
8915009
8915363
8915535
8915653
8915865
8916029
8916487
8916599
8916783
8917017
8917051
8917185
8917373
8917623
8917803
8917969
8918547
8918603
8918695
8918713
8918867
8918911
8919119
8919417
8919687
8919789
8920157
8920249
8920443
8920453
8920483
8920983
8921003
8921071
8921315
8921323
8921517
8921543
8921681
8922009
8922455
8922505
8922513
8922627
8922665
8922755
8922817
8922843
8923003
8923167
8923189
8923413
8923691
8924171
8924205
8924251
8924273
8924513
8924531
8924553
8924779
8924997
8925037
8925383
8925553
8925671
8925827
8925921
8926119
8926277
8926373
8926415
8926431
8926667
8926743
8927367
8927757
8927907
8928019
8928173
8928221
8928615
8928623
8928837
8929139
8929263
8929329
8929835
8929953
8930007
8930029
8930265
8930289
8930521
8930543
8930693
8930797
8930939
8931065
8931121
8931173
8931225
8931379
8931457
8931783
8931911
8932233
8932237
8932657
8932989
8933069
8933199
8933221
8933257
8933299
8933403
8933583
8933587
8933677
8933933
8933961
8934001
8934425
8934449
8934723
8934737
8934953
8935473
8935575
8935765
8936065
8936091
8936333
8936399
8936481
8936689
8936955
8937107
8937127
8937605
8937995
8938011
8938045
8938213
8938521
8938535
8938789
8938845
8938913
8939115
8939353
8939417
8939551
8939681
8939779
8939825
8939881
8939985
8940153
8940209
8940277
8940895
8940977
8941071
8941121
8941371
8941467
8941767
8941797
8941901
8942015
8942107
8942297
8942307
8942543
8942603
8942673
8942997
8943187
8943497
8943529
8943545
8943571
8943705
8943785
8943957
8944135
8944245
8944261
8944665
8944677
8944729
8944771
8944961
8945021
8945145
8945183
8945207
8945225
8945267
8946019
8946165
8946279
8946425
8946601
8946647
8947345
8947485
8947561
8947619
8947963
8948011
8948077
8948167
8948407
8948473
8948579
8948721
8948741
8949125
8949151
8949211
8949395
8949843
8949871
8949923
8950129
8950309
8950417
8950487
8950549
8950619
8950709
8950803
8951161
8951297
8951577
8952223
8952259
8952403
8952443
8952657
8952907
8953091
8953203
8953221
8953639
8953851
8954373
8954633
8954683
8954879
8955085
8955225
8955249
8955343
8955367
8955449
8955463
8955671
8955797
8955977
8956217
8956229
8956593
8956621
8956677
8956771
8957135
8957433
8957567
8957683
8957751
8957845
8958063
8958373
8958515
8958959
8959017
8959235
8959257
8959669
8959675
8959735
8959755
8959941
8960103
8960163
8960199
8960309
8960455
8960581
8960645
8960705
8960765
8960769
8960783
8960929
8960947
8961147
8961239
8961359
8961477
8961527
8961571
8961765
8961845
8962033
8962051
8962289
8962297
8962559
8962585
8962951
8963117
8963281
8963315
8963369
8963383
8963469
8964121
8964199
8964263
8964661
8964681
8964683
8964743
8964959
8965219
8965315
8965451
8965671
8965765
8965929
8966061
8966129
8966131
8966555
8966731
8966889
8967025
8967113
8967239
8967489
8968015
8968041
8968047
8968147
8968209
8968273
8968297
8968319
8968613
8968637
8968709
8968981
8969049
8969501
8969753
8970019
8970213
8970369
8970481
8970537
8970557
8970743
8970783
8970905
8970951
8971109
8971117
8971249
8971477
8971929
8972147
8972829
8973239
8973287
8973597
8973731
8973855
8974245
8974795
8974869
8974911
8975127
8975593
8975905
8976097
8976365
8976955
8977153
8977157
8977709
8977715
8977743
8978057
8978121
8978229
8978405
8978445
8978661
8978695
8978805
8978903
8978927
8979063
8979107
8979111
8979169
8979313
8979765
8980001
8980045
8980181
8980239
8980315
8980335
8980697
8980789
8980817
8980979
8981169
8981265
8981465
8981673
8981755
8982053
8982317
8982439
8982871
8983297
8983451
8983517
8983685
8983845
8983873
8984257
8984309
8984313
8984327
8984409
8984587
8984791
8985149
8985471
8985627
8985689
8985741
8985839
8985851
8985911
8985987
8986519
8986685
8986707
8986721
8987039
8987123
8987415
8987651
8987705
8987759
8987935
8988013
8988033
8988199
8988415
8988419
8988445
8988503
8988511
8988579
8988701
8988739
8988773
8988789
8988989
8989621
8989917
8990245
8990283
8990343
8990375
8990521
8990833
8990967
8991047
8991175
8991263
8991427
8991431
8991511
8991777
8992117
8992321
8992377
8992567
8992649
8992687
8993007
8993081
8993177
8993231
8993537
8993583
8993629
8993647
8993781
8993967
8994229
8994245
8994287
8994329
8994433
8994645
8994693
8995207
8995325
8995381
8995445
8995593
8996065
8996067
8996113
8996137
8996179
8996457
8996479
8996523
8996647
8996793
8997009
8997121
8997227
8997321
8997381
8997925
8998051
8998205
8998413
8998457
8998473
8998667
8998803
8998843
8999137
8999181
8999355
8999751
8999879
8999985
