# proven primes: b with (b^32+1)/2 prime (aprcl), block [9000000,10000000)
9000033
9000173
9000199
9000513
9000567
9000707
9000711
9000739
9000977
9001085
9001131
9001269
9001351
9001359
9001503
9001577
9001651
9001725
9001739
9002679
9002861
9003233
9003487
9003553
9003709
9003725
9003771
9003777
9003835
9003947
9003971
9004361
9004515
9004617
9004799
9004807
9004837
9005063
9005383
9005399
9005487
9005547
9005587
9006111
9006387
9006423
9006821
9007005
9007157
9007235
9007369
9007407
9007465
9007541
9007557
9007649
9007675
9008067
9008217
9008267
9008461
9008647
9008689
9008881
9008921
9009197
9009277
9009355
9009609
9009663
9009805
9009851
9009967
9010019
9010761
9011223
9011263
9011441
9011481
9011657
9011875
9012261
9012269
9012325
9012329
9013073
9013161
9013757
9013761
9013841
9013963
9014071
9014137
9014249
9014427
9014647
9015195
9015217
9015565
9015691
9015775
9015855
9016013
9016163
9016179
9016263
9016581
9016671
9016885
9017591
9017611
9017709
9017835
9017929
9018027
9018121
9018219
9018359
9018437
9018463
9018699
9018897
9018959
9018967
9019061
9019095
9019167
9019293
9019391
9019559
9019705
9020343
9020685
9020779
9020881
9021149
9021731
9021757
9021793
9022163
9022271
9022501
9022731
9023187
9023367
9023817
9023929
9024011
9024191
9024473
9024543
9025045
9025073
9025211
9025261
9025747
9025811
9025891
9026025
9026029
9026043
9026087
9026381
9026441
9026667
9026675
9026785
9026943
9027539
9027737
9027787
9027819
9027877
9027997
9028071
9028219
9028475
9028513
9028525
9028643
9028683
9028769
9028869
9029033
9029115
9029145
9029231
9029499
9029729
9029745
9030105
9030107
9030377
9030651
9030801
9030803
9030813
9031217
9031303
9031547
9031607
9031701
9031789
9031921
9032199
9032567
9032727
9032817
9032973
9032991
9032995
9033107
9033355
9033419
9033627
9033783
9033929
9034151
9034281
9034515
9034593
9034605
9034753
9035093
9035183
9035391
9035405
9035615
9035735
9035889
9035967
9036051
9036137
9036291
9036631
9036791
9036909
9036981
9037223
9037225
9037295
9037345
9037395
9037635
9037759
9038255
9038385
9038955
9039027
9039089
9039103
9039487
9039611
9039797
9039993
9040451
9040549
9040647
9040717
9041115
9041211
9041381
9041581
9041585
9041857
9041873
9042373
9042441
9042443
9042631
9042639
9042725
9043003
9043095
9043101
9043161
9043435
9043569
9043695
9043737
9043959
9043989
9044095
9044121
9044163
9044181
9044581
9044715
9044799
9045043
9045197
9045323
9045325
9045433
9045507
9045529
9045751
9046345
9046487
9046641
9046887
9047243
9047249
9047315
9047391
9047561
9047779
9048017
9048147
9048189
9048387
9048401
9048419
9048719
9048905
9049185
9049223
9049291
9049387
9049615
9049629
9049709
9049871
9050053
9050165
9050285
9050427
9050573
9050605
9050769
9050935
9051069
9051111
9051269
9051365
9051605
9052449
9052515
9052553
9052563
9052637
9052719
9052889
9053039
9053159
9053339
9053437
9053589
9053771
9053985
9054019
9054359
9054423
9054429
9054633
9054791
9055089
9055151
9055167
9055369
9055603
9055653
9055779
9055879
9056039
9056197
9056223
9056241
9056341
9056395
9056439
9056793
9057285
9057433
9057515
9057695
9057765
9057779
9057817
9057879
9058151
9058371
9058585
9058837
9059083
9059143
9059739
9059803
9059967
9060083
9060329
9060413
9060421
9060609
9060639
9060805
9060901
9060945
9061167
9061209
9061241
9061463
9061473
9061625
9061683
9061717
9061741
9061889
9062015
9062363
9062427
9062559
9062657
9062845
9062967
9062975
9063113
9063225
9063285
9063491
9063673
9064025
9064207
9064287
9064453
9064499
9064721
9064899
9065131
9065153
9065397
9065437
9065663
9065731
9065871
9065873
9066219
9066319
9066375
9066699
9067131
9067595
9067637
9067671
9067747
9067815
9067891
9067957
9068131
9068253
9068299
9068323
9068553
9068581
9068601
9068885
9068903
9068913
9069011
9069023
9069107
9069137
9069241
9069263
9069393
9069727
9069861
9069867
9069885
9070087
9070219
9070337
9070465
9070641
9070923
9071073
9071081
9071305
9071443
9071529
9071619
9071779
9072007
9072073
9072221
9072299
9072389
9072795
9073231
9073371
9073377
9073409
9073505
9073587
9074011
9074041
9074109
9074131
9074413
9074549
9074569
9074815
9074937
9074939
9075475
9076251
9076263
9076345
9076461
9076681
9076911
9076917
9076967
9077035
9077197
9077287
9077391
9077535
9077635
9077671
9077783
9077975
9077993
9078213
9078277
9078483
9078489
9078695
9078799
9079015
9079099
9079113
9079133
9079189
9079227
9079289
9079343
9079435
9079655
9079663
9079895
9079929
9080345
9080741
9080751
9080781
9080971
9081101
9081449
9081533
9081713
9081969
9082113
9082243
9082259
9082629
9082687
9083035
9083101
9083151
9083741
9083839
9084235
9084483
9084495
9084733
9084761
9084979
9085019
9085027
9085323
9085351
9085377
9085521
9085711
9086063
9086489
9086585
9086605
9086677
9086763
9086801
9086823
9086879
9087019
9087233
9087303
9087539
9087699
9088047
9088149
9088461
9088597
9089147
9089161
9089225
9089361
9089445
9089451
9089719
9089805
9090355
9090759
9090877
9091117
9091415
9091737
9091945
9091993
9092239
9092389
9092445
9092469
9092481
9092845
9093347
9093393
9093849
9093971
9094093
9094879
9094891
9094947
9095263
9095371
9095565
9095883
9095987
9096011
9096059
9096573
9096843
9097009
9097041
9097155
9097313
9097617
9097619
9097649
9097661
9097691
9098085
9098093
9098163
9098167
9098353
9098485
9098545
9098785
9098861
9098913
9099025
9099317
9099329
9099395
9099619
9099625
9099803
9100095
9100141
9100213
9100553
9100663
9100685
9100931
9101189
9101393
9101657
9101685
9102143
9102405
9102653
9102719
9102827
9102953
9103091
9103119
9103203
9103207
9103763
9103861
9104005
9104065
9104609
9104661
9104853
9104903
9104909
9104945
9105123
9105175
9105273
9105331
9105467
9105489
9105507
9106153
9106255
9106715
9107013
9107257
9107481
9107643
9107733
9107749
9108037
9108079
9108187
9108275
9108461
9108555
9108611
9108785
9109005
9109187
9109337
9109429
9109547
9109597
9109637
9109781
9109811
9109991
9110029
9110089
9110403
9110423
9110579
9111537
9111593
9112233
9112293
9112377
9112505
9112511
9112609
9112857
9113259
9113309
9113451
9113677
9113995
9114047
9114055
9114141
9114307
9114465
9114753
9114847
9115087
9115119
9115225
9115415
9115457
9115499
9115993
9116317
9116541
9116785
9117015
9117043
9117339
9117531
9117593
9117755
9117961
9118051
9118153
9118267
9118365
9118493
9119011
9119235
9119259
9119351
9119787
9119793
9120157
9120267
9120353
9120389
9120641
9120901
9121113
9121365
9121549
9121569
9121643
9121799
9121867
9122201
9122217
9122235
9122257
9122445
9122581
9122883
9123497
9123541
9123603
9123727
9123761
9123863
9123909
9123997
9124039
9124063
9124207
9124217
9124449
9124469
9124569
9124811
9124977
9125083
9125291
9125341
9125759
9125887
9125927
9126043
9126067
9126147
9126155
9126311
9126541
9126599
9126653
9126681
9126825
9126867
9127019
9127027
9127233
9127563
9127597
9127855
9127863
9127865
9127927
9128061
9128171
9128307
9128433
9128607
9129101
9129145
9129721
9129873
9129897
9129989
9130051
9130079
9130237
9130435
9130567
9130715
9130873
9130899
9130985
9131011
9131057
9131157
9131363
9131625
9131891
9131907
9131987
9132039
9132297
9132337
9132351
9132453
9132575
9132681
9132691
9132941
9133555
9133635
9133939
9134159
9134235
9134257
9134323
9134395
9134473
9134489
9134617
9134799
9134829
9134917
9134933
9135125
9135185
9135309
9135315
9135471
9135727
9135785
9135851
9136411
9136523
9136525
9136573
9136721
9136763
9136885
9137181
9137349
9137369
9137433
9137571
9137631
9137801
9137853
9138055
9138259
9138291
9138303
9138319
9138365
9138559
9138567
9138629
9138963
9139039
9139175
9139177
9139275
9139303
9139487
9139509
9139843
9139859
9139953
9140417
9140429
9140575
9140603
9140643
9140677
9140773
9140781
9141195
9141201
9141457
9141469
9141499
9141631
9141645
9141721
9141983
9142073
9142341
9142727
9142771
9142975
9143303
9143415
9143433
9143505
9143775
9143877
9144245
9144321
9144421
9144443
9144477
9144681
9144791
9144861
9145003
9145043
9145081
9145129
9145583
9145703
9145943
9145977
9146253
9146485
9146719
9147251
9147653
9147821
9147965
9147983
9148001
9148071
9148335
9148343
9148425
9148617
9148735
9148835
9148863
9149315
9149459
9149569
9149613
9149693
9149699
9149753
9149829
9149857
9149915
9149961
9150107
9150305
9150335
9150597
9150679
9150805
9151053
9151063
9151231
9151831
9151879
9152011
9152035
9152065
9152227
9152293
9152669
9152791
9152929
9153007
9153145
9153297
9153561
9153599
9153835
9153845
9154189
9154263
9154315
9154449
9154517
9154635
9154717
9154953
9155037
9155179
9155437
9155631
9156205
9156213
9156351
9156685
9156771
9156803
9156823
9157133
9157639
9157685
9157855
9158187
9158191
9158321
9158481
9158539
9158845
9159313
9159713
9159773
9159937
9159949
9160129
9160323
9160709
9160723
9160879
9161035
9161081
9161435
9161439
9161515
9161575
9161859
9161911
9162359
9162361
9162379
9162407
9162433
9162463
9162535
9162565
9162783
9162929
9162937
9163083
9163257
9163275
9163307
9163435
9163633
9163743
9163833
9163933
9164041
9164183
9164195
9164203
9164475
9164519
9164561
9164649
9164747
9164911
9165325
9165539
9165551
9165565
9165725
9166065
9166103
9166269
9166287
9166297
9166383
9166563
9166571
9166975
9167041
9167105
9167227
9167519
9167543
9167865
9167969
9168111
9168149
9168643
9168761
9168817
9169105
9169271
9169289
9169487
9169865
9169981
9170047
9170279
9170323
9170481
9170497
9170537
9170603
9170625
9170695
9170929
9171037
9171043
9171181
9171277
9171307
9171361
9171411
9171501
9171565
9171631
9171917
9172137
9172183
9172289
9172297
9172335
9172409
9172473
9172481
9172599
9172685
9172887
9172901
9172931
9173339
9173549
9174001
9174185
9174563
9174861
9175055
9175085
9175123
9175361
9175541
9175575
9175689
9176083
9176247
9176373
9176377
9176649
9176755
9176943
9176963
9176995
9177011
9177075
9177605
9177629
9177777
9177779
9177793
9178695
9178797
9178835
9178863
9179003
9179163
9179219
9179259
9179331
9179335
9179447
9179471
9179485
9179661
9179965
9180097
9180259
9180301
9180449
9180681
9181017
9181029
9181167
9181411
9181439
9181637
9181671
9181779
9181873
9182159
9182209
9182757
9182871
9183217
9183243
9183261
9183671
9183863
9183991
9184249
9184419
9184623
9184661
9185111
9185119
9185143
9185149
9185249
9185489
9185751
9186183
9186333
9187043
9187129
9187161
9187239
9187491
9187595
9187775
9187857
9187989
9188619
9188783
9189033
9189869
9190071
9190105
9190273
9190275
9190279
9190565
9190691
9190795
9190819
9191097
9191187
9191323
9191473
9191553
9191635
9191683
9191705
9191711
9192035
9192159
9192161
9192369
9192425
9192527
9192539
9192683
9192743
9192813
9193197
9193203
9193409
9193857
9193909
9193971
9194127
9194187
9194265
9194369
9194493
9194535
9194541
9194565
9194631
9194725
9195265
9195399
9195491
9195835
9196013
9196061
9196289
9196311
9196647
9197179
9197269
9197287
9197429
9197469
9197761
9197787
9198175
9198435
9198627
9198725
9198789
9198945
9199203
9199331
9199335
9199375
9199523
9199539
9199765
9200093
9200445
9200601
9200603
9200651
9200933
9201035
9201129
9201165
9201329
9201331
9201395
9201413
9201627
9201669
9201845
9202289
9202301
9202323
9202393
9202873
9202875
9202943
9202993
9203153
9203277
9203377
9203397
9203459
9203521
9203545
9203601
9203861
9203893
9204197
9204603
9204749
9204771
9204815
9204937
9204979
9205037
9205063
9205079
9205655
9205779
9205817
9205861
9206145
9206147
9206245
9206257
9206439
9206463
9206877
9206899
9207015
9207031
9207077
9207131
9207381
9207593
9207805
9207841
9208087
9208355
9208365
9208591
9208709
9208745
9208749
9208753
9208867
9208885
9208917
9209023
9209049
9209261
9209393
9209727
9209777
9209899
9210235
9210239
9210581
9210887
9210949
9211037
9211317
9211395
9211431
9211645
9211687
9211777
9211909
9211921
9212117
9212485
9212491
9212647
9212719
9212777
9213255
9213303
9213321
9213555
9213599
9213773
9213825
9213917
9213933
9214393
9214479
9214615
9214655
9214669
9214751
9214977
9215025
9215221
9215285
9215467
9215787
9215989
9216127
9216277
9216281
9216287
9216331
9216465
9216553
9216577
9216777
9216829
9216899
9217173
9217321
9217341
9217441
9217459
9217793
9217867
9218039
9218089
9218133
9218267
9218331
9218735
9218741
9219065
9219149
9219157
9219481
9219519
9219799
9219917
9220161
9220279
9220351
9220409
9220495
9220693
9220843
9220939
9221113
9221215
9221705
9221761
9221895
9221943
9222143
9222451
9222545
9222719
9222777
9222927
9223083
9223225
9223363
9223393
9223515
9223621
9223901
9224035
9224083
9224227
9224243
9224655
9224719
9225461
9225479
9225547
9225549
9225563
9225623
9225657
9225677
9226181
9226203
9226245
9226287
9226351
9226361
9226403
9226447
9226615
9226821
9227013
9227273
9227345
9227561
9227689
9227699
9228167
9228179
9228291
9228553
9228597
9228771
9228773
9229033
9229239
9229403
9229463
9229509
9229777
9230433
9230563
9230667
9230847
9230857
9231269
9231337
9231445
9231495
9231593
9231761
9232055
9232137
9232239
9232289
9232567
9232625
9232711
9232719
9232731
9232855
9232997
9233095
9233121
9233171
9233177
9233271
9233351
9233537
9233869
9233875
9234543
9234673
9234681
9234755
9234815
9234991
9235041
9235157
9235261
9235267
9235359
9235671
9235925
9236203
9236339
9236491
9236547
9236829
9237101
9238045
9238373
9238645
9239037
9239407
9239573
9239795
9239957
9240001
9240605
9240685
9240987
9241015
9241221
9241363
9241455
9241635
9241775
9242127
9242165
9242189
9242333
9242343
9242375
9242715
9242947
9242991
9242995
9243235
9243495
9243501
9243605
9243627
9243689
9244191
9244297
9244461
9244505
9244557
9244881
9245247
9245455
9245457
9245471
9245833
9245865
9245917
9246015
9246083
9246091
9246241
9246267
9246395
9246545
9246563
9246689
9246721
9247421
9247769
9247947
9248007
9248051
9248201
9248277
9248313
9248389
9248601
9248661
9248787
9248823
9248977
9249283
9249351
9249397
9249401
9249535
9249587
9249745
9249895
9250267
9250345
9250537
9250583
9250883
9251415
9251471
9252177
9252389
9252393
9252647
9252655
9252669
9253061
9253089
9253343
9253435
9254007
9254205
9254227
9254297
9254443
9254515
9255225
9255771
9255799
9255871
9255887
9255945
9256037
9256113
9256119
9256275
9256303
9256427
9256501
9256657
9256719
9256815
9256967
9257021
9257071
9257149
9257341
9257507
9257803
9257959
9258493
9258765
9258859
9258967
9259091
9259405
9259567
9259579
9259857
9259893
9260221
9260445
9260545
9260689
9260693
9260797
9261105
9261249
9261273
9261321
9261395
9261461
9261483
9261507
9261535
9261653
9261669
9261745
9261775
9261785
9261831
9261985
9262027
9262065
9262113
9262143
9262285
9262447
9262517
9262731
9262793
9262953
9263031
9263105
9263113
9263621
9263909
9264041
9264591
9264643
9264671
9264813
9264899
9265045
9265301
9265535
9265625
9265793
9266119
9266141
9266241
9266321
9266339
9266683
9266873
9266893
9267047
9267107
9267483
9267663
9267667
9267767
9267971
9268087
9268125
9268377
9268397
9268399
9268625
9268975
9269101
9269327
9269331
9269367
9269407
9269531
9269541
9269619
9269659
9269765
9269841
9269951
9270073
9270167
9270357
9270477
9270483
9270613
9270623
9270707
9270991
9271513
9271551
9271673
9271901
9271939
9272025
9272289
9272341
9272423
9272425
9272461
9272637
9272793
9272841
9272859
9272875
9272961
9272975
9273149
9273179
9273451
9273649
9273693
9273841
9273885
9273897
9273905
9273923
9273951
9273999
9274041
9274195
9274211
9274227
9274273
9274523
9274613
9274655
9274673
9274713
9274725
9274793
9274807
9275251
9275465
9275531
9275629
9275637
9275787
9275881
9276205
9276229
9276325
9276691
9276811
9277013
9277049
9277171
9277285
9277451
9277701
9277813
9277851
9277999
9278469
9278571
9278627
9278849
9278933
9279023
9279415
9279487
9279581
9279631
9279655
9279663
9279831
9280119
9280161
9280165
9280641
9280789
9280965
9280983
9281115
9281207
9281713
9282149
9282163
9282189
9282305
9282381
9282761
9282909
9282959
9283007
9283217
9283345
9283447
9283693
9283741
9283843
9283957
9283975
9284021
9284067
9284759
9284967
9285115
9285135
9285371
9285407
9285419
9285453
9285547
9285773
9286575
9286699
9286801
9287003
9287565
9287569
9287739
9287875
9288187
9288211
9288239
9288481
9288591
9288765
9288771
9288777
9288819
9289107
9289117
9289193
9289255
9289293
9289553
9289727
9289781
9289815
9289821
9289883
9289907
9290497
9290571
9290701
9290809
9290989
9291025
9291089
9291197
9291201
9291325
9291399
9291463
9291621
9291623
9291713
9291717
9291751
9291871
9292519
9292639
9292799
9292865
9292991
9293029
9293129
9293171
9293267
9293339
9293535
9293569
9293667
9293723
9293927
9294273
9294309
9294489
9294621
9294675
9294677
9294709
9294719
9294731
9294837
9295247
9295281
9295397
9295445
9295709
9295983
9296231
9296445
9296467
9296497
9296699
9296713
9296891
9296913
9297175
9297201
9297271
9297555
9297693
9297859
9297945
9298361
9298369
9298409
9298591
9298637
9298639
9298681
9298883
9299247
9299303
9299313
9299317
9299391
9299401
9299429
9299435
9299641
9299677
9299697
9299939
9299995
9300633
9300855
9301047
9301397
9301675
9301681
9301771
9301807
9301813
9302107
9302195
9302211
9302289
9302601
9302737
9302827
9302829
9303137
9303379
9303763
9303873
9303929
9303943
9303947
9303977
9304093
9304403
9304461
9304531
9304557
9304571
9304687
9304723
9304727
9304747
9304793
9304995
9305507
9305641
9305661
9305767
9305815
9306283
9306313
9306323
9306573
9306693
9307135
9307189
9307247
9307259
9307383
9307765
9307961
9308021
9308155
9308225
9308531
9308627
9308665
9308707
9308767
9309109
9309615
9309729
9309855
9309881
9309981
9310299
9310443
9310615
9310813
9310969
9311237
9311447
9311451
9311453
9311587
9311689
9312119
9312143
9312185
9312295
9312501
9312561
9312751
9312773
9312895
9312925
9312965
9313021
9313159
9313171
9313333
9313381
9313547
9313737
9313933
9313953
9314173
9314503
9314587
9314867
9315043
9315121
9315201
9315287
9315393
9315527
9315597
9315611
9315671
9315787
9315791
9315967
9316019
9316053
9316117
9316141
9316147
9316185
9316401
9316433
9316459
9316643
9316769
9316891
9317275
9317293
9317377
9317515
9317795
9317849
9317853
9318243
9318533
9318553
9318567
9318965
9319087
9319195
9319335
9319431
9319625
9319633
9319747
9319791
9320213
9320507
9320563
9320571
9320659
9320817
9320923
9321059
9321131
9321307
9321325
9321459
9321589
9321731
9321825
9322035
9322349
9322427
9322471
9322501
9322551
9322597
9322675
9322787
9322823
9322931
9322997
9323123
9323221
9323223
9323443
9323559
9323585
9324231
9324367
9324465
9324529
9324715
9324859
9324881
9325151
9325395
9325523
9325567
9325595
9325691
9325701
9325769
9325821
9326067
9326387
9326481
9326523
9326573
9326593
9326599
9326617
9326739
9327099
9327277
9327453
9327663
9327921
9327933
9328121
9328297
9328901
9329039
9329203
9329465
9329485
9329741
9329809
9329863
9329997
9330025
9330175
9330177
9330313
9330629
9330747
9330799
9331041
9331067
9331137
9331415
9331441
9331719
9331731
9331753
9331919
9332065
9332267
9332437
9332449
9332497
9332531
9332629
9332723
9332761
9332967
9333197
9333313
9333583
9333623
9333665
9333825
9333893
9333957
9334151
9334347
9334415
9334437
9334695
9334901
9334961
9334983
9335175
9335265
9335355
9335387
9335843
9336067
9336207
9336265
9336425
9336501
9336755
9336875
9337153
9337545
9337551
9337631
9337705
9337707
9337973
9338185
9338313
9338467
9338551
9338903
9338995
9339019
9339253
9339297
9339457
9339509
9340047
9340237
9340273
9340539
9340653
9340665
9340675
9340755
9340831
9340895
9340983
9341103
9341665
9341889
9342055
9342107
9342121
9342153
9342403
9342417
9342421
9342669
9342769
9342827
9342991
9343181
9343239
9343509
9343675
9343693
9343879
9343981
9344325
9344697
9344771
9344933
9345123
9345231
9345265
9345345
9345369
9345389
9345575
9345599
9345613
9345661
9345933
9346121
9346381
9346403
9346527
9347401
9348071
9348103
9348145
9348167
9348225
9348285
9348437
9348731
9349155
9349415
9349539
9349713
9349927
9350223
9350391
9350397
9350437
9350491
9350941
9351155
9351401
9351417
9351447
9351467
9351685
9351757
9351799
9351845
9352059
9352103
9352145
9352435
9352463
9352495
9352669
9352673
9352763
9352835
9352853
9352871
9352923
9353051
9353221
9353323
9353569
9353931
9354265
9354511
9354551
9354715
9354803
9354805
9354877
9355295
9355419
9355637
9355843
9355849
9355861
9355887
9355915
9355941
9356005
9356141
9356163
9356253
9356285
9356395
9356559
9356713
9357033
9357087
9357139
9357203
9357455
9357795
9357865
9357913
9358015
9358101
9358231
9358293
9358351
9358361
9358545
9358751
9358779
9359279
9359373
9359469
9359745
9359875
9359909
9359993
9360089
9360277
9360421
9360441
9360449
9360495
9360553
9360913
9361015
9361357
9361399
9361429
9361439
9361681
9362117
9362199
9362249
9362303
9362379
9362421
9362467
9362589
9362863
9362983
9363005
9363031
9363377
9363475
9363643
9364233
9364305
9364519
9364545
9364697
9364855
9364859
9364997
9365011
9365059
9365281
9365377
9365537
9365693
9365707
9365739
9365911
9366107
9366179
9366243
9366281
9366371
9366569
9366869
9367245
9367269
9367297
9367345
9367475
9367501
9367963
9368065
9368177
9368775
9368799
9368845
9368863
9368949
9369421
9369473
9369513
9369561
9369575
9369689
9370107
9370149
9370177
9370353
9370739
9370863
9371067
9371257
9371633
9371669
9371697
9371711
9371803
9371923
9372021
9372027
9372307
9372513
9372535
9372637
9373211
9373299
9373565
9373609
9373873
9374001
9374037
9374095
9374105
9374311
9374365
9374393
9374411
9374629
9374661
9374691
9375111
9375145
9375385
9375549
9375745
9375775
9375785
9375849
9375993
9376051
9376789
9377171
9377193
9377275
9377549
9377833
9377973
9378737
9378859
9379029
9379197
9379265
9379333
9379351
9379541
9379563
9379639
9379671
9379791
9379847
9379857
9379885
9379985
9380089
9380619
9380625
9380781
9380965
9381277
9381471
9381531
9381545
9381711
9381781
9381843
9381889
9382201
9382497
9382525
9382697
9382867
9382939
9383017
9383023
9383163
9383189
9383339
9383551
9383855
9383991
9383993
9384037
9384275
9384667
9385013
9385037
9385139
9385285
9385351
9385431
9385449
9385481
9385879
9385945
9386001
9386077
9386437
9386577
9386603
9386851
9386939
9386983
9387311
9387605
9387749
9387767
9387821
9387879
9388003
9388185
9388353
9388543
9388593
9388813
9388839
9388881
9388903
9388973
9389071
9389211
9389767
9389891
9389895
9389911
9389983
9390039
9390063
9390217
9390397
9390421
9390451
9390689
9391073
9391535
9391557
9391923
9391971
9392273
9392393
9392515
9392727
9392817
9392849
9393135
9393309
9393319
9393337
9393393
9393457
9393831
9393855
9394013
9394101
9394145
9394195
9394329
9394527
9394569
9394651
9394691
9394701
9394911
9395039
9395177
9395323
9395341
9395463
9395515
9395631
9395757
9395813
9395819
9395863
9395945
9396075
9396077
9396081
9396555
9396777
9397417
9397775
9397963
9398555
9399131
9399203
9399513
9399653
9399669
9399719
9399981
9400189
9400191
9400265
9400365
9401029
9401193
9401195
9401375
9401509
9401621
9401651
9401911
9401945
9401995
9402103
9402107
9402569
9402589
9402913
9402959
9403013
9403015
9403099
9403163
9403371
9403885
9404125
9404333
9404453
9404703
9404907
9405005
9405027
9405043
9405269
9405515
9405533
9405639
9405817
9405865
9405917
9406005
9406097
9406169
9406253
9406325
9406393
9406649
9406997
9407363
9407365
9407685
9407759
9407771
9407841
9407893
9408033
9408197
9408825
9409135
9409233
9409693
9409749
9409785
9409847
9410051
9410183
9410279
9410341
9410449
9410617
9410823
9411123
9411309
9411409
9411511
9411563
9411609
9411997
9412249
9412457
9412551
9412655
9412975
9413015
9413043
9413089
9413099
9413225
9413255
9413271
9413399
9413479
9413551
9413645
9413685
9413929
9414007
9414039
9414521
9414625
9414845
9414901
9415097
9415181
9415221
9415275
9415311
9415369
9415679
9415707
9415809
9415915
9416029
9416079
9416241
9416347
9416395
9416427
9416771
9416773
9417233
9417437
9417659
9417693
9417793
9417815
9417825
9417929
9418207
9418285
9418373
9418549
9418745
9418779
9418801
9419005
9419007
9419121
9419269
9419381
9419407
9419507
9419589
9419601
9419605
9419641
9419763
9420551
9420621
9420843
9420851
9420901
9420967
9421257
9421285
9421347
9421465
9421767
9421955
9421959
9422107
9422113
9422275
9422667
9422761
9422767
9422871
9423433
9423645
9423779
9423847
9424045
9424097
9424545
9424557
9424629
9424767
9424781
9424811
9425181
9425509
9425751
9426063
9426391
9426423
9426565
9427003
9427035
9427273
9427409
9427479
9427557
9427621
9427801
9427943
9428187
9428251
9428755
9428841
9429149
9429377
9429603
9429793
9429823
9430297
9430479
9430495
9430501
9430605
9430697
9430715
9430789
9430831
9430977
9431141
9431147
9431299
9431477
9431525
9431895
9432553
9432709
9432925
9433061
9433087
9433175
9433315
9433475
9433777
9434349
9434473
9434637
9434675
9434763
9435041
9435713
9435911
9436007
9436233
9436527
9437183
9437231
9437369
9437503
9437605
9437755
9437859
9437863
9438021
9438069
9438085
9438217
9438291
9438421
9438451
9438587
9438661
9438683
9438687
9438821
9438833
9438919
9439129
9439229
9439299
9439301
9439389
9439425
9439519
9439527
9439947
9440251
9440325
9440581
9440621
9440785
9440865
9440897
9441083
9441131
9441169
9441403
9441791
9441899
9441973
9442265
9442273
9442281
9442425
9442427
9442489
9442547
9442917
9442955
9443023
9443025
9443211
9443225
9443259
9443321
9443407
9443617
9443657
9443671
9443857
9443883
9444003
9444065
9444079
9444685
9444791
9444921
9445195
9445285
9445341
9445605
9445713
9445729
9445825
9445977
9446011
9446043
9446085
9446147
9446177
9446515
9446523
9446581
9446601
9446603
9446701
9446863
9446939
9447211
9447577
9447653
9447847
9447903
9447913
9448341
9448349
9448819
9449015
9449137
9449171
9449187
9449649
9449997
9450033
9450163
9450195
9451185
9451459
9451517
9451891
9451997
9452221
9452505
9452619
9452663
9452703
9453089
9453099
9453293
9453547
9453581
9454047
9454153
9454185
9454245
9454515
9454815
9455091
9455107
9455193
9455327
9455387
9455619
9455623
9455719
9455805
9455833
9455995
9456077
9456185
9456637
9456721
9456781
9457111
9457129
9457459
9457495
9458045
9458105
9458399
9458609
9458619
9458623
9458657
9458687
9458771
9458779
9458791
9458971
9459005
9459073
9459117
9459147
9459243
9459381
9459541
9459573
9459593
9459661
9459761
9459845
9460083
9460167
9460219
9460371
9460489
9460533
9460541
9460595
9460883
9461041
9461099
9461253
9461339
9461427
9461633
9461775
9461891
9461987
9462125
9462275
9462483
9462513
9462643
9462669
9462741
9462847
9462949
9463183
9463303
9463337
9463421
9463513
9463517
9464039
9464425
9464443
9464465
9464605
9464725
9464769
9464931
9465043
9465151
9465355
9465361
9465635
9465675
9465683
9466007
9466043
9466119
9466469
9466473
9466591
9466655
9466751
9466781
9467027
9467219
9467713
9467751
9467853
9467969
9468113
9468431
9468577
9468639
9468741
9468839
9468905
9468925
9469351
9469403
9469437
9469789
9469811
9469845
9470063
9470107
9470203
9470235
9470351
9470441
9471153
9471215
9471331
9471669
9471765
9471815
9471839
9472045
9472225
9472373
9472705
9472887
9472991
9473243
9473249
9473377
9473671
9473753
9474047
9474085
9474339
9474363
9474461
9474737
9474999
9475335
9475349
9475447
9475471
9475691
9476073
9476243
9476245
9476325
9476359
9476827
9476969
9476989
9477169
9477207
9477221
9477357
9477449
9477485
9477941
9477983
9478033
9478103
9478261
9478341
9478365
9478385
9478673
9478729
9478805
9478893
9479143
9479161
9479187
9479253
9479259
9479297
9479827
9479887
9479967
9480197
9480431
9480597
9481067
9481401
9481521
9481711
9481741
9481977
9482579
9482623
9482735
9482783
9482857
9482911
9483013
9483097
9483285
9483463
9483999
9484057
9484067
9484075
9484081
9484283
9484387
9484567
9484671
9485015
9485227
9485413
9485469
9485481
9485693
9485779
9485855
9485857
9486061
9486087
9486117
9486155
9486165
9486241
9486339
9486399
9486713
9486743
9486901
9487043
9487271
9487335
9487609
9487995
9488245
9488251
9488297
9488357
9488443
9488669
9488759
9489111
9489537
9489825
9489833
9490021
9490253
9490541
9490629
9490713
9490977
9491211
9491379
9491477
9491571
9491579
9491935
9492181
9492275
9492359
9492935
9493011
9493217
9493425
9493473
9493575
9493671
9493805
9493913
9494075
9494087
9494221
9494275
9494433
9494885
9495023
9495413
9495577
9495597
9495771
9496155
9496175
9496351
9496371
9496503
9496515
9496749
9496773
9497063
9497275
9497419
9497449
9498131
9498429
9498615
9498757
9498845
9498867
9499121
9499233
9499339
9499397
9499665
9499707
9499955
9500345
9500381
9500433
9500615
9500691
9500859
9501047
9501241
9501333
9501553
9501867
9501907
9501929
9501963
9502167
9502379
9502601
9502981
9503247
9503585
9503763
9503937
9504297
9504357
9504367
9504487
9504557
9504593
9504629
9504783
9504837
9504849
9504871
9505003
9505025
9505257
9505377
9505521
9505541
9505557
9505827
9506245
9506263
9506999
9507045
9507139
9507395
9507401
9507483
9507547
9507717
9507875
9507993
9508015
9508209
9508293
9508301
9508385
9508483
9508667
9508755
9508817
9509041
9509163
9509571
9509713
9509737
9509877
9509941
9510009
9510187
9510611
9510701
9511023
9511273
9511315
9511469
9511499
9511517
9511523
9511553
9511595
9511647
9512009
9512389
9512719
9512795
9512835
9512923
9513055
9513429
9513631
9513745
9513761
9513765
9513965
9514185
9514435
9514493
9514605
9515037
9515125
9515175
9515345
9515383
9515401
9515489
9515619
9515713
9515835
9515871
9516003
9516065
9516265
9516375
9516627
9516685
9517149
9517195
9517215
9517519
9518019
9518193
9518245
9518283
9518813
9518825
9518939
9519131
9519201
9519247
9519337
9519453
9519479
9519555
9519933
9520249
9520351
9520367
9520455
9520497
9520663
9520873
9521055
9521131
9521271
9521609
9521693
9521725
9521823
9521921
9522017
9522081
9522657
9522751
9522787
9523191
9523263
9523593
9523667
9523959
9524037
9524181
9524211
9524229
9524737
9524757
9524985
9525095
9525129
9525313
9525423
9525433
9525481
9525549
9525599
9525711
9525885
9525945
9526117
9526869
9526939
9527087
9527131
9527711
9527721
9528191
9528279
9528571
9528689
9528721
9528861
9529001
9529115
9529155
9529485
9529879
9530125
9530145
9530347
9530371
9530413
9530415
9530583
9530649
9530675
9530749
9530811
9530837
9530857
9530919
9531135
9531249
9531297
9531353
9531817
9531869
9532051
9532379
9532525
9532595
9532753
9532845
9532919
9532931
9533137
9533195
9533287
9533333
9533491
9533655
9533871
9533895
9533909
9534007
9534013
9534155
9534493
9534713
9534831
9535013
9535421
9535485
9535489
9535985
9536293
9536367
9536537
9536583
9536705
9536727
9536847
9536865
9536955
9537137
9537145
9537195
9537319
9537433
9537513
9537611
9537693
9537751
9537801
9537809
9537909
9538013
9538151
9538439
9538497
9538501
9538987
9539067
9539171
9539369
9539427
9539461
9539567
9539607
9539647
9539731
9539801
9539867
9539881
9540313
9540575
9540597
9540701
9540789
9540939
9541007
9541087
9541163
9541349
9541491
9541631
9541719
9541793
9541859
9541867
9541901
9542183
9542305
9542437
9542473
9542641
9542757
9542777
9542821
9542877
9543297
9543643
9544183
9544543
9544613
9544623
9544695
9544787
9544829
9544861
9545187
9545387
9545601
9545677
9545713
9545775
9546013
9546355
9546361
9546571
9546627
9546727
9546893
9546993
9547031
9547039
9547217
9547349
9547553
9547603
9547679
9548223
9548237
9548247
9548437
9548549
9548605
9549229
9549349
9549435
9549471
9550011
9550033
9550671
9551477
9551637
9551795
9551797
9552113
9552185
9552409
9552421
9552473
9552509
9552513
9552589
9552665
9553211
9553221
9553269
9553525
9554017
9554133
9554195
9554321
9554347
9554421
9554607
9554743
9554811
9555197
9555205
9555353
9555421
9555621
9556359
9556443
9556511
9556607
9556899
9556995
9557057
9557247
9557253
9557553
9557791
9557875
9557883
9557945
9557951
9558223
9558387
9558405
9558517
9558581
9558655
9558729
9558997
9559107
9559135
9559493
9559535
9559597
9559667
9559881
9559917
9559993
9560225
9560401
9560429
9560657
9560895
9560943
9561275
9561401
9561415
9561443
9561555
9562055
9562181
9562225
9562233
9562649
9562747
9562755
9562943
9563201
9563229
9563245
9563383
9563559
9563859
9563897
9564101
9564673
9564771
9564911
9565165
9565385
9565745
9565903
9565961
9565995
9566035
9566433
9566435
9566469
9566631
9566709
9566787
9567131
9567211
9567283
9567285
9567299
9567397
9567421
9567449
9567555
9567601
9567623
9567627
9567709
9567867
9567989
9568065
9568243
9568439
9568669
9568889
9568941
9569031
9569257
9569327
9569331
9569395
9569511
9569563
9569575
9569695
9569703
9569729
9569815
9570017
9570075
9570123
9570147
9570301
9570303
9570505
9570707
9570811
9570933
9570943
9571011
9571199
9571233
9571235
9571353
9571593
9571701
9572329
9572395
9572793
9572797
9572927
9573179
9573351
9573573
9573625
9573701
9573711
9573719
9573735
9573855
9573939
9574505
9574973
9575163
9575845
9575963
9575969
9576025
9576181
9576467
9576471
9576565
9576611
9576799
9576863
9577209
9577525
9577617
9577629
9577635
9578001
9578131
9578151
9578281
9578349
9578397
9578615
9578687
9578703
9578743
9578775
9578827
9578885
9578957
9579157
9579215
9579277
9579361
9579417
9579443
9579687
9579983
9580111
9580115
9580191
9580655
9580695
9580721
9580745
9580979
9581225
9581403
9581489
9582261
9582377
9582455
9582601
9582647
9582659
9582735
9582877
9582885
9583267
9583323
9583429
9583543
9583545
9583825
9583867
9583931
9583975
9584321
9584411
9584473
9584757
9584817
9584959
9585029
9585229
9585409
9585423
9585441
9585447
9585481
9585583
9585607
9585665
9585685
9585735
9585965
9586093
9586121
9586525
9586751
9587075
9587185
9587399
9587401
9587411
9587535
9587651
9587837
9587845
9588247
9588667
9588671
9588723
9588747
9588933
9588993
9589549
9589591
9589891
9589949
9590169
9590453
9590507
9590525
9591345
9591619
9591667
9591771
9591779
9592047
9592243
9592301
9592377
9592413
9592427
9592535
9593151
9593183
9593333
9593443
9593501
9593663
9593727
9593907
9593999
9594491
9594663
9594671
9594709
9594879
9594893
9595065
9595195
9595383
9595515
9595597
9595615
9596205
9596557
9596673
9596773
9596881
9597065
9597117
9597137
9597653
9597837
9598073
9598277
9598483
9598539
9598577
9598589
9598607
9598657
9598679
9599243
9599477
9599599
9599929
9600085
9600137
9600233
9600371
9600383
9600405
9600407
9600561
9601035
9601153
9601297
9601357
9601361
9601521
9601553
9601605
9601607
9601827
9602091
9602343
9602577
9602605
9602669
9602845
9602859
9602899
9602915
9602955
9603271
9603301
9603487
9603663
9603677
9603823
9603985
9604045
9604317
9604429
9604681
9604861
9605143
9605285
9605309
9605347
9605413
9605633
9605685
9605989
9606199
9606321
9606403
9606419
9606877
9606911
9607025
9607033
9607233
9607235
9607321
9607411
9607513
9607537
9607541
9608065
9608101
9608105
9608155
9608163
9608307
9608491
9608661
9608913
9608917
9609029
9609153
9609259
9609901
9609903
9609935
9610009
9610131
9610309
9610319
9610321
9610399
9610543
9610553
9610623
9610627
9610643
9611031
9611315
9611395
9611673
9611841
9611861
9611935
9611937
9612301
9612341
9612405
9612491
9612537
9612553
9612631
9612673
9612785
9612889
9612987
9613145
9613215
9613271
9613491
9613493
9613551
9613587
9613615
9613989
9614185
9614217
9614223
9614295
9614457
9614689
9614721
9614821
9615167
9615887
9615919
9616049
9616253
9616321
9616471
9616673
9616881
9617053
9617137
9617169
9617317
9617321
9617553
9617835
9618011
9618099
9618101
9618151
9618235
9618355
9618585
9618613
9618757
9618989
9619321
9619501
9619839
9619869
9619941
9620029
9620127
9620315
9620417
9620441
9620533
9620711
9620721
9620791
9620813
9620975
9621013
9621081
9621127
9621389
9621457
9621581
9621983
9622111
9622239
9622301
9622441
9622445
9622539
9622589
9622823
9622923
9623033
9623081
9623107
9623167
9623191
9623349
9623459
9623749
9623789
9623831
9623955
9624155
9624241
9624331
9624509
9624771
9624905
9624961
9625239
9625435
9625485
9625527
9626063
9626375
9626381
9626457
9626535
9626657
9626699
9626731
9626745
9626749
9626891
9626905
9627059
9627113
9627451
9627895
9627929
9628149
9628203
9628209
9628233
9628603
9628761
9629081
9629139
9629207
9629215
9629279
9629297
9629347
9629617
9629713
9629733
9629773
9629837
9629903
9629909
9629951
9630099
9630119
9630171
9630335
9630373
9630387
9630585
9630589
9630623
9630635
9631035
9631749
9631801
9631839
9631855
9631879
9632035
9632711
9632731
9632781
9632825
9632895
9632921
9633097
9633215
9633227
9633245
9633605
9633693
9633831
9633845
9634031
9634035
9634319
9634543
9634569
9634735
9634893
9635001
9635219
9635223
9635225
9635925
9636141
9636311
9636535
9636591
9636621
9636791
9636797
9636885
9637513
9637703
9637911
9638339
9638419
9638439
9638607
9638619
9638643
9638657
9638679
9638837
9638889
9639009
9639047
9639151
9639289
9639293
9639425
9639603
9639705
9639709
9639837
9640175
9640357
9640399
9640581
9641291
9641621
9641683
9641717
9641809
9641937
9642113
9642165
9642345
9642391
9642437
9642987
9643153
9643173
9643391
9643429
9643829
9643845
9643871
9643921
9644007
9644089
9644135
9644333
9644341
9644401
9644465
9644515
9644789
9644981
9645219
9645319
9645371
9645409
9645433
9645961
9646217
9646275
9646475
9646637
9646753
9646827
9647217
9647257
9647325
9647379
9647781
9647829
9648061
9648165
9648307
9648441
9648517
9648687
9648793
9648847
9648907
9649067
9649243
9649265
9649367
9649399
9649587
9649599
9649689
9649791
9649879
9650103
9650159
9650303
9650323
9650407
9650493
9650507
9650991
9651133
9651301
9651381
9651447
9651471
9651479
9651675
9651761
9651771
9652125
9652215
9652627
9652683
9652725
9652961
9653095
9653137
9653165
9653401
9653657
9653765
9653769
9653839
9653929
9653935
9653997
9654231
9654369
9654377
9654415
9654443
9654539
9654565
9654589
9654797
9654831
9654897
9655069
9655079
9655115
9655339
9655549
9655611
9655629
9655639
9655857
9655921
9656207
9656371
9656499
9656525
9656855
9656875
9657417
9657443
9657635
9657765
9657823
9657921
9658047
9658241
9658557
9658801
9658833
9658951
9658955
9659013
9659079
9659307
9659827
9659831
9659835
9659861
9659871
9660099
9660111
9660567
9660673
9660783
9661115
9661285
9661621
9661853
9661899
9662237
9662367
9662599
9662679
9663069
9663201
9663209
9663361
9663553
9663667
9663801
9663813
9663891
9664141
9664255
9664471
9664523
9664747
9664795
9664851
9664899
9665009
9665241
9665547
9665679
9665937
9665969
9666423
9666441
9666671
9666741
9666987
9667207
9667365
9667413
9667473
9667491
9667675
9667735
9667813
9668319
9668579
9668589
9668713
9668739
9668821
9669079
9669139
9669297
9669315
9669377
9669549
9669649
9669663
9669693
9669895
9670257
9670473
9670539
9670625
9670695
9670891
9670973
9671161
9671163
9671225
9671247
9671261
9671847
9672497
9672777
9673015
9673375
9673401
9673501
9673529
9673537
9673703
9674053
9674115
9674313
9674881
9675157
9675229
9675541
9675615
9675805
9676041
9676393
9676409
9676773
9676791
9676855
9676881
9677083
9677143
9677279
9677325
9677455
9677489
9677535
9677629
9677653
9677859
9678077
9678119
9678175
9678181
9678205
9678421
9678541
9678579
9678605
9678675
9678867
9678977
9678981
9678993
9679077
9679091
9679379
9679777
9679831
9680537
9680575
9680671
9681187
9681199
9681595
9681615
9681649
9681809
9681859
9681883
9682111
9682333
9682461
9682489
9682629
9682719
9682731
9683115
9683243
9683365
9683609
9683627
9683735
9683915
9684205
9684279
9684349
9684363
9684371
9684739
9684759
9684791
9685127
9685445
9685751
9685819
9685915
9686137
9686139
9686309
9686643
9686669
9686815
9686849
9686919
9686973
9687011
9687061
9687087
9687599
9687653
9687877
9688047
9688153
9688191
9688219
9688315
9688405
9688435
9688499
9688591
9688679
9689033
9689059
9689163
9689377
9689535
9689605
9689619
9689697
9689777
9689803
9689835
9690059
9690185
9690191
9690287
9690353
9690645
9690705
9690813
9691081
9691345
9691577
9691585
9691977
9692047
9692091
9692631
9692731
9692785
9692967
9693075
9693195
9693719
9693759
9693927
9693939
9694013
9694207
9694329
9694843
9694927
9694969
9695601
9695959
9696135
9696303
9696639
9696765
9696989
9697187
9697297
9697317
9697331
9697455
9697545
9697699
9697799
9697811
9697947
9698021
9698429
9698439
9698451
9698575
9698943
9699029
9699399
9699517
9699649
9699795
9699897
9699941
9700429
9700505
9700521
9700569
9700645
9700695
9700727
9701021
9701043
9701103
9701191
9701211
9701261
9701397
9701521
9701525
9701569
9701975
9702393
9702523
9702575
9702721
9702775
9703431
9703467
9703597
9703763
9703835
9703989
9704035
9704237
9704283
9704383
9704569
9704633
9704919
9705441
9705445
9706145
9706173
9706179
9706299
9706601
9706657
9706735
9706803
9706827
9706933
9707019
9707315
9707321
9707579
9707785
9707799
9707949
9708071
9708507
9708827
9708831
9708857
9708877
9709491
9709519
9709611
9709653
9709777
9709779
9709903
9710147
9710217
9710369
9710399
9710419
9710427
9710435
9710715
9710987
9711091
9711283
9711401
9711437
9711465
9711659
9711857
9711901
9711945
9712005
9712017
9712023
9712043
9712129
9712193
9712293
9713045
9713523
9713665
9713847
9713993
9714001
9714079
9714539
9714853
9714941
9715063
9715191
9715375
9715477
9715537
9715997
9716349
9716485
9716771
9716925
9716949
9717285
9717487
9717553
9717771
9717979
9718065
9718097
9718219
9718237
9718347
9718607
9718767
9718775
9718831
9718893
9718943
9719069
9719229
9719247
9719277
9719319
9719427
9719949
9720073
9720103
9720703
9720729
9720817
9720871
9720999
9721207
9721231
9721391
9721597
9721693
9721803
9721945
9722043
9722101
9722125
9722159
9722615
9723155
9723193
9723383
9723387
9723577
9723677
9724093
9724515
9724625
9724681
9725085
9725201
9725351
9725455
9725571
9725609
9725759
9725811
9725899
9725985
9726221
9726241
9726363
9726873
9726915
9727227
9727297
9727549
9727593
9727915
9727995
9728135
9728311
9728751
9728769
9728845
9728857
9729033
9729189
9729317
9729393
9729475
9729817
9729843
9730245
9730289
9730335
9730339
9730621
9730735
9731061
9731191
9731231
9731245
9731275
9731567
9732033
9732059
9732153
9732269
9732563
9732767
9732829
9732911
9732953
9732963
9733071
9733087
9733101
9733135
9733183
9733205
9733229
9733231
9733255
9733359
9733399
9733483
9733561
9733701
9733999
9734179
9734369
9734519
9734553
9734705
9734723
9734981
9735041
9735269
9735337
9735469
9735499
9735541
9735711
9735833
9735859
9735895
9736035
9736455
9737081
9737185
9737375
9737641
9737761
9737837
9738059
9738131
9738237
9738319
9738377
9738487
9738611
9738943
9738967
9738997
9739375
9739457
9739937
9740017
9740019
9740229
9740409
9740479
9740481
9740845
9740941
9741099
9741219
9741861
9741991
9742127
9742291
9742445
9742461
9742593
9742699
9742751
9742811
9742839
9743045
9743133
9743387
9743417
9743489
9743523
9743589
9743929
9744185
9744367
9744747
9744979
9745135
9745195
9745679
9746023
9746229
9746353
9746525
9746671
9746687
9746759
9746879
9746893
9747161
9748137
9748207
9748287
9748329
9748503
9748509
9748573
9748757
9748867
9748893
9749067
9749381
9749439
9749459
9749521
9749569
9749607
9749933
9750383
9750443
9750539
9750541
9750617
9750729
9750885
9750967
9751073
9751085
9751109
9751245
9751713
9752159
9752639
9752651
9752755
9752853
9752877
9753169
9753207
9753339
9753791
9754135
9754203
9754237
9754311
9754323
9754335
9754601
9754851
9754983
9755009
9755035
9755219
9755231
9755385
9755561
9755705
9755867
9755903
9756089
9756193
9756339
9756735
9756943
9756953
9757073
9757187
9757855
9757861
9758013
9758139
9758369
9758423
9758825
9758895
9759127
9759147
9759359
9759661
9759665
9759785
9760055
9760179
9760259
9760519
9760739
9760967
9761001
9761125
9761555
9762009
9762017
9762021
9762257
9762411
9762455
9762557
9762753
9763003
9763285
9763287
9763633
9763729
9763817
9764203
9764453
9764563
9764621
9764659
9764871
9764953
9765073
9765663
9765807
9765979
9766021
9766131
9766249
9766255
9766333
9766343
9766481
9766513
9766639
9766715
9766811
9766995
9767055
9767119
9767321
9767327
9767445
9767489
9767533
9767689
9767905
9768435
9768583
9768779
9768907
9768943
9769015
9769063
9769121
9769129
9769259
9769321
9769381
9769519
9769817
9769923
9770069
9770201
9770283
9770675
9770811
9770815
9770859
9771061
9771075
9771127
9771185
9771225
9771241
9771463
9771719
9771805
9771863
9772111
9772175
9772287
9772497
9772657
9772711
9772753
9773087
9773113
9773171
9773501
9774017
9774179
9774249
9774323
9774455
9774519
9774981
9775057
9775117
9775427
9775627
9776079
9776139
9776149
9776231
9776393
9776593
9776675
9776803
9776857
9776863
9776873
9776903
9776915
9776935
9777927
9778051
9778575
9778975
9779163
9779179
9779201
9779219
9779733
9780103
9780621
9780655
9780743
9780903
9781097
9781335
9781343
9781467
9781825
9781845
9782171
9782195
9782205
9782575
9782593
9782663
9782669
9782699
9782707
9782837
9782863
9783145
9784119
9784131
9784191
9784499
9784593
9784641
9784911
9785241
9785471
9785477
9785483
9785539
9785645
9785793
9786087
9786361
9786403
9786495
9786507
9786569
9786597
9786687
9786701
9786759
9786789
9786859
9786889
9786893
9786923
9787851
9788759
9788891
9789143
9789181
9789239
9789485
9789487
9789541
9789553
9789817
9789827
9789941
9790177
9790407
9790443
9790495
9790719
9790747
9790805
9791001
9791041
9791185
9791511
9791585
9791635
9791685
9791789
9791805
9791945
9792039
9792223
9792407
9792737
9792895
9793009
9793015
9793019
9793085
9793111
9793355
9793369
9793437
9793461
9793657
9793941
9794033
9794085
9794167
9794289
9794297
9794471
9794539
9794559
9794913
9794925
9795009
9795143
9795159
9795297
9795327
9795519
9796109
9796191
9796505
9796661
9796791
9796899
9797131
9797293
9797403
9797425
9797649
9797915
9797989
9797997
9798247
9798519
9798657
9798811
9799049
9799563
9799661
9799717
9799761
9799773
9799799
9799825
9800095
9800117
9800133
9800151
9800521
9800621
9800723
9800725
9800733
9800763
9800881
9800905
9801003
9801011
9801143
9801303
9801739
9801867
9802017
9802269
9802339
9802347
9802439
9802759
9802779
9803289
9803421
9803461
9803469
9803577
9803627
9803711
9804031
9804265
9804273
9804733
9804859
9805037
9805223
9805309
9805527
9805537
9805553
9805599
9805777
9805817
9806443
9806829
9806851
9807083
9807287
9807359
9807507
9807603
9807659
9807679
9807817
9807953
9808049
9808267
9808285
9808437
9808609
9808709
9808719
9808829
9808871
9809077
9809353
9809391
9809399
9809587
9809737
9809797
9809919
9810025
9810345
9810723
9810937
9811023
9811195
9811411
9811497
9811527
9811633
9811891
9811937
9812045
9812113
9812123
9812397
9812469
9812489
9812555
9812733
9813013
9813039
9813051
9813099
9813285
9813711
9814029
9814273
9814283
9814495
9814499
9814565
9814677
9814731
9814755
9814769
9814815
9815419
9815449
9815483
9815753
9816025
9816033
9816229
9816307
9816827
9816859
9817093
9817129
9817313
9817549
9817743
9818521
9818735
9818903
9819253
9819513
9819683
9819695
9819727
9819895
9819937
9819941
9819953
9820035
9820089
9820363
9820501
9820535
9820779
9820819
9820939
9821023
9821207
9821321
9821447
9821495
9821575
9822129
9822135
9822311
9822475
9822495
9822573
9822633
9822747
9822773
9822817
9822977
9822991
9823025
9823085
9823087
9823277
9823397
9823435
9823529
9823543
9823643
9823903
9823909
9823933
9824167
9824273
9824325
9824451
9824583
9824777
9824779
9824799
9824851
9825175
9825213
9825469
9825473
9825567
9825633
9825777
9825841
9826033
9826239
9826339
9826343
9826645
9826665
9826695
9826949
9827009
9827067
9827183
9827355
9827373
9827673
9827709
9827767
9827871
9827977
9828239
9828279
9828369
9828621
9828855
9829051
9829157
9829265
9829287
9829531
9829643
9829871
9829999
9830107
9830325
9830347
9830579
9830701
9830703
9830949
9831027
9831115
9831393
9831679
9831949
9831973
9832009
9832011
9832097
9832343
9832389
9832395
9832485
9832719
9832965
9832971
9833023
9833047
9833219
9833243
9833295
9833305
9833623
9833643
9833695
9833821
9833879
9834039
9834055
9834263
9834343
9834377
9834509
9834567
9834577
9834591
9834829
9835083
9835135
9835343
9835409
9835901
9835957
9836357
9836549
9836671
9836723
9836905
9836993
9837113
9837263
9837305
9837445
9837449
9837501
9837831
9837977
9838009
9838191
9838205
9838423
9838537
9838757
9838807
9838899
9839067
9839319
9839471
9839523
9839669
9839771
9840283
9840371
9840479
9840591
9840599
9840705
9840797
9840819
9840845
9840853
9840861
9840865
9840935
9841049
9841129
9841363
9841525
9841585
9841679
9841979
9842029
9842287
9842451
9842679
9842693
9842771
9843179
9843345
9843363
9843469
9843895
9843923
9844207
9844551
9844659
9844741
9845313
9845347
9845485
9845531
9845599
9845645
9845847
9846039
9846443
9846501
9846515
9846527
9846589
9846619
9846645
9846845
9847107
9847277
9847403
9847463
9847625
9847743
9847879
9847965
9848109
9848171
9848243
9848499
9848535
9848605
9848623
9848679
9848921
9848943
9848999
9849083
9849111
9849113
9849643
9849755
9849769
9849837
9849871
9849933
9849943
9850431
9850539
9850549
9850577
9850579
9850589
9850639
9850727
9850869
9850885
9850897
9851053
9851169
9851181
9851339
9851475
9851667
9851677
9851681
9851857
9851897
9852203
9852325
9852345
9852405
9852487
9852585
9852827
9852833
9852887
9853033
9853115
9853365
9853399
9853513
9853607
9853985
9854001
9854153
9854209
9854329
9854345
9854487
9854533
9854599
9854831
9855467
9855571
9855755
9855873
9855923
9855983
9856201
9856301
9856307
9856459
9856551
9856591
9856671
9856685
9856801
9856903
9857217
9857265
9857451
9857471
9857761
9858379
9858513
9858563
9858699
9858749
9858977
9859065
9859231
9859497
9859535
9859681
9859743
9859901
9859927
9859953
9860009
9860127
9860425
9860663
9861045
9861161
9861385
9861665
9861693
9861767
9861959
9861979
9862071
9862203
9863021
9863103
9863121
9863461
9864207
9864337
9864345
9864359
9864365
9864405
9864441
9864569
9864951
9864965
9865007
9865039
9865231
9865707
9865753
9865779
9865815
9865913
9865931
9865957
9866375
9867055
9867167
9867501
9867523
9867639
9867865
9867869
9868261
9868527
9868639
9868731
9868749
9869021
9869217
9869449
9869537
9869589
9869693
9869833
9869865
9870001
9870017
9870023
9870399
9870611
9870847
9870961
9871051
9871099
9871185
9871307
9871461
9871543
9871687
9871755
9871853
9872057
9872085
9872255
9872417
9872491
9872819
9873061
9873199
9873271
9873559
9873655
9873731
9874085
9874471
9874561
9874587
9874653
9874813
9875141
9875185
9875569
9875639
9875905
9876003
9876117
9876245
9876535
9876541
9876743
9876833
9876877
9877191
9877599
9877617
9877673
9877677
9877735
9877765
9877825
9877851
9878047
9878135
9878279
9878427
9878497
9878595
9878655
9878663
9878719
9878757
9878879
9879035
9879345
9879435
9879449
9879627
9879863
9880259
9880285
9880415
9880445
9880705
9880851
9880989
9881003
9881037
9881607
9881925
9881935
9882197
9882365
9882673
9882805
9882879
9883267
9883415
9883423
9883673
9884237
9884395
9884457
9884483
9884503
9884647
9884725
9884887
9885151
9885229
9885269
9885295
9885303
9885429
9886091
9886295
9886433
9886715
9886911
9886923
9886941
9886945
9887203
9887343
9887641
9887819
9887879
9888181
9888341
9888391
9888631
9889421
9889423
9889447
9889527
9889615
9889971
9889999
9890093
9890405
9890627
9890743
9890783
9890795
9890881
9891225
9891775
9891853
9891937
9891959
9891963
9892079
9892113
9892365
9892895
9892907
9893073
9893161
9893277
9893283
9893291
9893425
9893439
9893585
9893737
9893793
9893801
9893931
9894403
9894495
9894565
9894709
9894987
9895281
9895659
9895885
9895901
9895903
9895905
9895963
9896043
9896129
9896491
9896539
9896605
9896681
9896919
9896927
9897381
9897555
9897587
9897633
9897669
9897879
9898005
9898183
9898321
9898775
9898875
9898901
9899105
9900137
9900287
9900299
9900589
9900591
9900733
9901313
9901433
9901437
9901517
9901603
9901735
9901809
9901891
9902077
9902125
9902185
9902217
9902237
9902627
9902633
9902659
9902825
9902923
9902993
9903113
9903155
9903421
9904035
9904637
9904687
9904733
9904779
9905239
9905439
9905467
9905509
9905611
9905653
9905893
9905971
9906025
9906149
9906175
9906295
9906327
9907103
9907107
9907505
9907517
9907685
9907977
9908009
9908173
9908439
9908525
9908701
9908767
9908891
9908931
9909507
9909787
9909969
9910149
9910201
9910471
9910851
9911129
9911279
9911465
9911587
9911725
9912335
9912411
9912473
9913081
9913087
9913249
9913345
9913689
9913759
9913885
9914003
9914231
9914253
9914347
9914661
9914665
9914827
9914981
9915263
9915359
9915379
9915437
9915689
9915893
9916109
9916287
9916297
9916449
9916533
9916563
9916969
9917001
9917195
9917267
9917293
9917295
9917567
9917819
9917867
9917959
9917977
9918085
9918119
9918135
9918175
9918479
9918747
9918947
9918977
9918995
9919139
9919145
9919251
9919287
9919489
9919669
9919805
9920011
9920069
9920201
9920291
9920393
9920427
9920493
9920533
9920757
9920785
9920835
9920849
9920997
9921037
9921047
9921119
9921177
9921211
9921215
9921343
9921713
9921795
9922027
9922209
9922301
9922457
9922519
9922613
9922693
9922847
9923237
9923247
9923573
9923683
9924067
9924117
9924151
9924187
9924369
9924445
9924509
9924597
9924645
9924939
9924983
9925009
9925041
9925059
9925157
9925299
9925473
9925493
9925771
9925875
9926057
9926161
9926279
9926351
9926591
9927291
9927339
9927343
9927641
9927703
9927889
9928061
9928197
9928275
9928297
9928407
9928619
9928643
9928863
9929015
9929023
9929355
9929445
9929461
9929479
9929759
9929919
9929999
9930183
9930185
9930441
9930675
9930697
9930723
9931341
9931605
9931717
9931861
9932027
9932121
9932231
9932529
9932755
9932809
9932947
9933189
9933245
9933349
9933607
9934635
9934807
9935119
9935299
9935399
9935411
9935439
9935447
9935529
9935721
9935839
9935887
9936249
9936367
9937035
9937093
9937201
9937227
9937297
9937381
9937459
9937513
9937517
9937533
9937681
9937729
9937755
9937855
9937915
9938005
9938013
9938287
9938419
9938495
9938525
9938897
9938975
9939275
9939433
9939523
9939693
9939763
9940079
9940437
9940505
9940565
9940627
9940815
9941043
9941097
9941101
9941119
9941247
9941609
9941909
9941991
9942363
9942377
9942409
9943417
9943501
9943617
9943665
9943797
9943885
9943929
9943971
9943973
9944081
9944125
9944133
9944157
9944275
9944371
9944747
9944973
9945145
9945431
9945475
9945613
9945891
9945901
9945917
9945985
9946009
9946035
9946085
9946205
9946299
9946511
9946541
9946711
9946831
9946837
9947289
9947311
9947333
9947665
9947751
9947863
9947925
9948043
9948083
9948133
9948227
9948271
9948509
9948553
9948669
9948695
9948795
9948915
9949043
9949049
9949265
9949513
9949539
9949675
9949827
9949975
9950051
9950087
9950317
9950327
9950559
9951033
9951463
9951489
9951681
9951711
9951749
9951847
9951867
9952023
9952329
9952361
9952429
9952467
9952517
9952623
9952963
9953235
9953455
9953655
9953707
9953755
9954345
9954447
9954507
9954537
9954635
9955177
9955223
9955731
9955771
9955793
9955899
9955997
9956043
9956159
9956267
9956295
9956381
9956533
9956625
9957313
9957323
9957333
9957503
9957549
9957585
9957601
9957665
9957901
9958219
9958621
9958625
9958691
9958939
9959085
9959461
9959551
9959739
9959837
9959893
9960015
9960149
9960183
9960231
9960267
9960451
9960553
9960587
9960633
9960891
9961101
9961111
9961563
9961733
9961795
9961895
9962001
9962121
9962139
9962189
9962351
9962475
9962707
9962879
9962949
9963077
9963149
9963429
9963505
9963663
9963757
9963881
9963927
9964219
9964267
9964327
9964385
9964507
9964571
9964711
9964813
9965187
9965203
9965227
9965241
9965299
9965469
9965541
9965573
9965653
9966003
9966287
9966447
9966473
9966797
9966827
9966843
9966847
9966971
9967137
9967329
9967439
9967781
9967925
9967943
9968139
9968255
9968287
9968533
9968615
9968741
9968859
9968877
9969073
9969143
9969149
9969447
9969469
9969911
9969979
9970077
9970157
9970221
9970325
9970397
9970433
9970509
9970521
9970587
9970687
9970811
9970999
9971347
9971541
9971575
9972113
9972131
9972241
9972273
9972411
9972501
9972545
9972635
9973063
9973127
9973221
9973231
9973453
9973547
9973875
9973933
9973969
9973995
9974063
9974319
9974379
9974445
9974495
9974901
9975157
9975211
9975297
9975463
9975565
9975769
9975859
9976009
9976101
9976105
9976193
9976239
9976455
9976533
9976719
9976739
9976785
9976869
9976873
9976879
9977011
9977189
9977213
9977375
9977405
9977697
9977851
9978181
9978245
9978365
9978563
9978599
9978769
9978781
9978879
9978975
9979183
9979337
9979675
9979917
9980009
9980015
9980153
9980183
9980239
9980415
9980695
9980973
9981123
9981317
9981335
9981459
9981501
9981923
9982053
9982151
9982161
9982179
9982253
9982439
9982535
9982539
9982653
9983043
9983155
9983437
9983473
9983673
9983681
9983799
9983815
9983945
9984131
9984163
9984457
9984585
9984597
9984703
9984971
9985099
9985527
9985775
9985935
9985943
9986005
9986031
9986077
9986169
9986263
9986351
9986511
9986677
9986865
9987063
9987099
9987503
9987513
9987691
9987731
9988163
9988257
9988295
9988381
9988401
9988587
9988733
9988745
9989293
9989661
9989807
9989865
9989903
9989969
9990073
9990075
9990447
9991081
9991089
9991129
9991175
9991617
9991625
9991633
9991659
9991839
9991895
9992005
9992047
9992099
9992143
9992457
9992467
9992485
9992531
9992543
9992699
9992967
9992973
9992979
9993175
9993465
9993643
9993999
9994065
9994123
9994235
9994287
9994317
9994717
9994809
9994927
9994973
9995019
9995175
9995295
9995359
9995379
9995467
9995519
9995951
9995977
9996233
9996399
9996409
9996543
9996547
9996571
9996665
9996695
9996721
9997285
9997407
9997491
9997555
9997607
9997893
9997933
9997939
9997951
9998011
9998023
9998169
9998491
9998619
9998971
9999863
