# proven primes: b with (b^64+1)/2 prime (aprcl), block [0,20000)
3
35
51
85
353
427
429
587
727
803
837
863
883
919
965
981
1217
1237
1245
1329
1539
1605
1643
1657
1925
2001
2029
2109
2175
2185
2203
2333
2369
2425
2433
2453
2517
2537
2563
3045
3209
3245
3529
3617
3707
3725
3753
3831
3889
4043
4075
4135
4575
4645
4859
4889
4923
5123
5125
5163
5263
5271
5387
5557
5643
5677
5689
5749
5781
5819
6253
6527
6567
6701
6961
7189
7373
7727
7737
7889
8251
8443
8547
8645
8661
8701
8991
9101
9183
9375
9377
9433
9517
9751
9897
10009
10027
10175
10243
10691
10719
10799
10971
11027
11067
11223
11413
11589
11811
11823
12071
12285
12451
12579
12769
12833
12935
13363
13371
13445
13681
13687
13875
14213
14229
14381
15237
15393
15525
15569
15575
15601
15631
15753
15823
16169
16177
16759
17089
17385
17405
17493
17939
18077
18485
18555
18571
18973
19149
19305
19363
19377
19405
19597
19849
